55555555555545555556555555555556776775555555555555555558999842555544555675556666666665348999753678973346666667954555555555555555555555555555455455555444555554555555555555555665565556556655555555555555
55555555555555555455555555655555555555555555655555565558999843555555556665565666666666347888643578973356655557644555555555555555555555555555555555555555555555555565655555555665566566566555555565666655
55555555555555554444445555665566555555555555666666666657999953445665555666665656665555337887643678963455556665665555555665555555566556655555555555555565555555566665567765566556666666666666665666666566
55555554555555555544555556555555555555555556665566555557999954445665455556656555555555337876645678863455555566665566666666666565555556666656655555566666556666666666677766665566666666655666555666666666
55555554555565555555555555555555555555555566555556555556999975555655445556666665556666437876655678863455566676666666766666666666656556666756665555555666665556666566776676566766666665555556665666666656
55555555555555566555555555555555555555555565555566555557999986555555554555655665666666437877665678875566666776666666666666656666555555666666666666666655565556665567777666666656655655565566665666666666
55555555555555555555555555555555555555665555556655556557999986555555554566666666666666547877754578975566666666665566666566666665555566666776666666666556655556666666677666656666666655656766666676666566
55555555555555555555555555556655555665555555555566666657999997655544444456665666656666646988753468864566666656666556655556666666655666666677766666666666666556666666776666666666666766766666655666776666
55555555555555555555555555555555555555556566555666655557999998655444444446665556666666656987643368844566666655666566656566666666666665566566666666665666666566566766665666666666666666666554555666776666
55555555555555555555555555555555555555555556556655555557999998655443334445655656665566667987643469744666655556666666666666676655666666666556666666666667666665666666666665666556666666665564556566765556
55555555555555555555455555555555555555555555556555655557999998655433233334555665555655777887644478645666665655566656666555666666666666666666666666666666666655556556656665565565676666566666666556665666
55555555555555555555555555555555555566555555655555665557999999655432222223456665556655677898754588655666655555665567666566666666666665556666665555555555555566655566656666655666765666566666666665556655
55555555555554555555545555555555555555554555655555656567999999755432222111245565666655667998875698656666666566665556665666666555566655666656555555555555555555555665556655655665665555665556666665556655
55555555455554555554455555555554555555544555555556556667999999854443221111135566556555677887655798655556666666655655666666775556666566666555565555654555556655555655556667666665655556655555665666555555
55555655554555555555555556554445555555555555555555555567999999854444211110025555555556777987657998654555566656655655566556655556666666665555565555556565556655556655555666776565655555655556666656655565
44555555555555555555555555554455555555555555555555555667999999964443222110013555556556777898889996543445555556556655556555456566656656665555555566656666566555565666655555665666655555665556665555555555
55555555555545555555555555555555555566556555555556555566999999965434433222112455666656767898999996543344455565556665555554456555555555554445555556665566656666655555655556556555555555565556655555555556
55545455545555444444555555555555555555556665555565555566899999865445554443210255556656666899999975433334344555666665556655556555555555554444555555555555555555555545555555556545655554455555555555556555
55544434445555544444445555554455555555555565555555555555799999975567776643221255566666656899999854323333334456665555556666556545445544444443444444445555555555655555555555555555666544555555555555566665
54444444454555555555555555544455454554555565556555555555799999987888887764455666677777657899999644322223233455555555555655555444454443344544444554445565555655666556666555555555656555555555666655545555
55555555554555555555555555555455555555555555555455555555699999998888887888778888887668668999998644312222223355545455555555555555554444455544445554445555656556555566655565555555556555566655765555555555
56654455544555554556555555556555555566555555555555555555579999887777766787777788876668768999987533322222223345444455555555556555554554555544555455555544555556566665666655555555556565677655765655555555
66544445554555554455555555555555555565444555555556665555568987777777776777776778775558878999985422322112212345444455554544456666544444444544555456555544455656655555556545555555555665566655666655555555
66544445554544444555455545555655555554443334455566755556788877777777777777776676666557988999975322211112212244343355554444456666545544444545555555555555555555555555555555555555455555455555555655555556
65444555544445455554455555555655545554453344555566655568877777777777777777776666556656998898864222111111111243332344554334455556555555455555555664545555555555555555455565555555555555555555555556555555
65654544555555445555665555555654555544454555655555555678767777777777777777666555556654797678753222111111111233332345553234444555555555555556655554545555555555555555555455445555555555555555555555545555
65544444555555555555555555555554555555555556666455567787777777777777766666665555455553367655643211111111111232332345542233334445555555555655555554555555544455555555555455455555555555555555555555555555
55544445555555555555445555566555555555556555555566788877777666677777666666665545445543246654432211111111111122221234331233334344555555556555555565555555555555555654555445555555555555445555555555555555
55555455555554455555555556565555555444555445667788877887776667777776666666665544445542235654322211111111111111211223221132233344454455555555555565555555555555555555555555555555554445555554455555655555
54455554444455556555555565555555555555455556888888778888776667777777666666655544344442124444322222122211111111110122111122223343443455555555555555665555555555555555555555544555545555555444455555655555
54444444443345545554445555555555555554444567788888888877767667777777666666666555444342123333222222222221111111110111111121222333333445665556555555555556555556565555555555555555555555555555555556665556
54443333443345444444434555555555566555455677777888888777777677777778777777766665444432122233222222222222222111111111111111122333323455665555544455446556555555555555555555555555555555555555666666666555
44444433344444454444334445444445555444555678888888887777777777777787877667777654333333222222222222333222322222222111001111112222223455555555544554445555555555555445555555555565555555555555676655655555
33444334344344444544444454444445554444545788888888777777777778778887665555556665433332222222222222333333332222232111111111111111233344455655545554455545565555555555555555556555555565555656666656655555
45443334445454444455444444554445554444446998888888777777777788777876655555544444433332222222222222233333333333332222211111111112223334455655445555565555566555555555555455555555555665556666556556665556
54333344555544444444445555544455554445556998888887777777777887777776666555545433333332222222222222223333333333333223211111111112222245555555555555565455565555555555555554455555545666655566666556665656
44334444455544445444445554554455444555554798888877778777777877777777766655544433222333222121222122223333333333333333222111111112212345555554555545555555565565656655555555555665556655556666666665556666
54445554444444544444444445545555445555543688888777777777777777788888875666543332222332211111221122222333333333333333322212222222112355555555555555545555665565666655565555566776666765556665666665556666
54555544455445544544444445545554554445434798888777877767777657788899875555544332222332211111221122222233333333333333332222222221112355555555555454455555555565665555566567777777667766666555666666666666
44555544565555555444555555544555554555446998887777777777777646888888865554444332222233221112221112222223323333333333333223322221112345555555555444555455556666665655567667888777666655666556666667776777
34545544555655455444445444444555544455568988777777777777666788777765543333333332222233221111332112222222223333333333333333333221122344455555556655565555566776666555678768987666666655666666666666677788
34444344456555555554444444454554455555578887777777666666667898654322111112222333222223222211332222222222222323333333333333333221222333355556655556656666666755687667789878876666665656666667666666677788
44333344455554443444444454544334466655678777777776655555567888521110000001111233222223222211222222222222222222333333333333333221222222245555544444444456667855789877888877776666666766667778877666777777
44445554554444444444444455543333455556676666677666555556546886311110000000011232222223222211222221222223322222233333333333333322222221234444333344334457889866778767777766766566666766667788888777788877
44455555554445445445444455444444445566665556666655445567765776323331000000011122122222322111222222222222322222233333333333333332322222223334333445557667887776666666666666776666766666667777888888878876
45444445555445444444444445555555445666655555555555445666666676544432110000001122122222322111221222222222322222233333323333333333332333223334433444557766666666666666666667787777887667777777888888777676
44455544565444544444555555565555555655555444555444446666666566554443111100001112222222222111221222222222332222233233323333333333333333333344533344445665666655666665556566788778876667777777788888766666
44555443455445544555544444555566777666554444554344446666654455444443221011112222222222222111121122222222222222233223323333333333333344333344443333344555555555666665556677777767776666666777777777765666
44445555455444445555445555445567777776654433433234556665444443344433322112233222222222222111122112222222222222222223333333333333333344333444443322233445555555555556567788877766666666666677766666666666
44455554454445445555556666545666666666555433333334555554434433344333222222233222222222221121122112222222222222222323333333333333333344433333343332222344555555555666567899986677666776777766666666666666
55555554455455455555556677667876655566544443444444555443333333333322221222222222222222221121112212222222222222222222333333333333333333333333333332111234445555556666656788776667766666777776666666666666
55555545555555555555566677789986655555554454444444544433333332222222221111222122222222221221111222222222222222222222332333333333333333333333333333211123445555556666665667655666676666677776677766666666
45555455655444456555677789999997555444454345544444443333333332222222222111222212222222211221111112222222222222222222232233333333333334333333333333311123345555567766666566655676777777667766666666666666
44555455654454455555678999999999866654344334444444433333223332222222222111222221222222222221111112222222222222222222222233333333333333333333333333311112344566568866656556666677777776666666666666666666
34555455555555455455679999999999876653333333334444333332222322222222222222222222222222212221122111222222222222222222222233233333333333333333333333332112344556667865555555667777877666666666666666666566
34544454555545444445689999999888764533333333333443332222222222222222222222222222222222112111122111222222222222222222222222233333333333333333333333332111234455556775555555666777787666666666666666666555
45544444445544455556899998899987655543333323332333322222222222222222222212222222232222222211122111222222222222222222222232333333333333333333333333332211233444444565444556666666778766666666666665565555
55554543445555544459999998999997665544333222332233221111222222232222211112222222222222222211122111222222222222222222222233333333333333333333333333333211123333333454444556666666677776666666666665555555
55445544455465554589999998999997765444432222233222111111222212322222111122222222222222112211111111222222222222222222222233333333333333333333333333333221123333333444334555555666667666666556665555555555
55555544455565555899999999999997764334432222223222111111122222322211122222222222222222111221111111222222222222222222222233333333333333333333333333333321123333333344334555555566666655556655556555555555
45555444555665568999999999999998753334432222222322111121112222222111112221222222222222211111111111222222222222222222222222233333333333333333333333333321123333333333334455555566656655555655555555555555
45554345545566578999999999888887643334433222222222222221111122211111111111221211222322221111111111222222222222222222222222222333333333333333333333333321123333333333333444455555655655555555555555555544
55553355545666666899988888766787633333443222222222222111111111111111111111111112222332221211111111221222222222222222222222222333333333332233333333333322123333333333333344444445665655555455555555555544
44443455555557655777777665543477633333333322222222221111111111111111111111111122222322221211121111221122222222222222222222222223333333322222333333333321123333333333333333344445565555556555555556555555
44444566655467545666665432211247643333333321222212221111111111111111111111111222222322221211111211221112122222222222222222222223333322222222233333333321113333333333333333333444555555455555555555555555
55555554455676444555543211111003763333333321222123431111111111111111111122222232222222221111111211221111122222222222222222222222333322222222333333333322122333333333333333333344455554445566655555554555
44544543444665434445421000000000674333333332122235642111111111111111112222223332222211222111111211222111122222222222222222222222223222222222233333333332122333333333333333333333345554455555665555455555
45644445445654333334310000000000485323333332112235642211111111111122222223333332221111321111111111222111111222222222222222222222222222222222233333333332122333333333333333333333334444455555655554455554
45544555445543333333210000000000475223333333211223542322111111112222222333323332211111321111111111221111111122222222222222222222222222222223333333333332112333333333333333333333333333444555665555555565
34445544455543333333210000000001464223333333211123432222222122222222233332223322211112211111111111111111111122222222222222222222222222222222333333333332112333333333333333333333333333444455565555555555
43455555655544333333210000000013563233333333211122332111212122222223333322223322111112311111111111111111111112222222222222222222222222222223333323333332112333333333333333333332333333344455555555555544
54455554445554433333211100000134543233333333211112322222211222222323333222112321111101220111111111111111111111222222222222222222222222222223223333333333212333333333323222222222223333333445554444455444
55544444445554333333233222123445542233333333221112322112112222222222222122111231111101211111111111111111111111122222222222222222222222222222223333333333212333333333322222222222222333333344554444455433
55433444444543333333333333334444422233333333321112221111112322122222221111111122111111211111111111111111111111222222222222222222222222222222333333323333212333332222222222222222222233333333444444444443
44455454444444333333333333334433222233333333322122221110112322111111111111111112211111111111111111111111111111122222222222222222222222222222333333333333212333222222222222222222222223333333333444444433
43345554433444333333223344443222222333333333332122221110112221111111111111111111122212111111111111111111111112112222222222222222222222222223322233333333212333322222222222222222222222333333333344444433
34544544445554443333222322222222222333333333332222222111111211111111111111111111122212211111111111111111111111122222222222222222222222222222222333333332212333322222222222222222222222233333333333333433
33434444455555443333221111112222222233333333332222222111221111100111111111111111123212211111111111121111111111222222222222222222222222222222222333333332222233332222222222222222222222233333333333333333
34444444555555443333221111122222222223323333332221112211111111100111111111111111223222111111111111222111111111122222222222222222222222222222333333333222222233332232222222222222222222223323322222233333
44545445555565433333322122222222222222222333333222112211111111100111111111111111233222111111111112221111111111222222222222222222222222222222333333333222222233333222222222222222222222222222222222222222
44544444445565433333332122222222222222222223333211111211111111100111111111111112233332211111111112211111111111222222222222222222222222222222233333333222222333322222222222222222222222222222222222222322
45565443344576443333322222222222222222222223333211112211111111111111111111111112333222211111111112211111111112221222222222222222222222222222222233333222222332222222222222222222222222222222222222222222
55455443444578754443311112221122222111111122333211112211111111111111111111111123332111211111111122211111111112221222222222222222222222222222222333332222222332222222222222222222222222222222222222222222
55555544455568986654311111211111110000000012333311111111111111111111111111111233332211211111111122221111111112222222222222222222222222222222223333332222222232222222222222222222222222222222222222222222
55555544556557999875322121234311000000000011333321111111111111111111111111123434322222111111111112221111111112222222222222222222222222222222222233322222222222222222222222222222222222222222222222222222
55565445555555688875322223445411100000000011333321222111111111111111111112234544222222111111111111122111111121122222222222222222222222222222222222322222222222222222222222222222222222222222222222222222
44555444544444555654332345554210000000000111333321222211111111111111111244444442112223211111111111112111111111122222222222222222222222222222222223322222222222222222222222222222222222222222222222222222
45555444544444444444444455454211000000000112343321222211111111111122223455444321112345531111111111111111111111112222222222222222222222222222222223222222222222222222222222222222222222222222222222222222
45555445554444444444444555555410011000001112333321222211111111122124435444322111234455553111111111111111111111111222222222222222222222222222222222222222222222222222222222222222222222222222222222222222
44445444574444544444455445543210001100011112343311222211111112221111112332111112356555566311111111111111111111111122222222222222222222222222222222222222222222222222222222222222222222222222222222222222
43444344444444444443344444421121000111111112333211222211111122221111101111111234565555556531111112211111111111111222222222222222222222222222222222222222222222222211222222222222222222222222222222222222
34443234333334444433334543211111101111110012333211222211112222211122111112233456566555555653211111111111111111111122222222222222222222222222222222222222222222221111222222222222222222222222222222222222
44443233333334544444344532222221111111110112233211222211222221111342222232355545556555545566322221111111111111111122222222222222222222222222222222222222222222211111122222222222222222222222222222222222
43443243334434445545454422343221111111110112233212222212222112343243333443355444555665545456742221111121111111111111222222222222222222222222222222222222222222211111122222222222222222222222222222222222
44443433444444455444455333454311111111111112333212222222222234443234443443454455555555555555674222111111111111111111222222222222222222222222222222222222222222111111122222222222122222222222222222222222
34453455454454444444455446555532111000111112333211222222234444333333444334444455555555556654466422111112211111111111112222222222222222222222222222222222222221111111112222221112122222222222222222222222
44444444554444444444444455655543211001111122232112222233343333344333444444444556555544456655555532111112211111111111112222222222222222222222222222222222222221111111112222211111112222222222222222222222
44443344445444444444444455554432211111112222222112122244433355444344455544454444454553456555544422111112211111111111122222222222222222222222222222222122222222111111111112111111111222222222222222222222
44433334334344444554433444443321111111222232211111122323433455355443445555555554444455556555455422222111222111111111122222222222222222222222222222222122222222221111111111111111111122222222222222222222
44444344444345444554432333332211111112222344322223344334444433454444455565555554456556665444445532223211112211111111222222222222222222222222222222222222222222221111111111111111111112222222222222222222
44454433344455544444554322211111111212223443345555455445545534555345554454455445556556555555556532223322211221111112222222222222222222222222222222222222222222222111111111111111111222222222222222222222
44453555545555433445565443321111111211233434456553454434334555554455554555565555555555556775556432222233221221111112222222222222222222222222222222222222222222222111111111111111112222222222222222222233
44454445556655335554544444443211111112444444455544454454544555544555455455655455554455655655566422232234422221111111222222222222222222222222222222222222222222222111111111111111122222222222222222222333
35454345456555446543444334444422111223444444344555655555555555544555455555554555553444655566555432232234543222111111222222222222222222222222222222222222222222222111111111111112222222222222222222233333
54544445455566445544554444444444344434544444444555765555555555566555544655554555544545555566544432232245456432211111122222222222222222222222222222222222222222222111111111222222222222222222222223333333
44534445445555456555555554544444455545544444444444544445555456565555445544444555555555455555555432232234356754221111122222222222222222222222222222222222222222222111221112222222222222222233333333333333
45444444455543456556456544444544456654344334433433445545555466555554444444345555554564454555555432222344455786432222222222222222222222222222222222222222222222222222222222222222222222223333333333333333
44455445443455445554445434333444565543443333335544455556665565544554544444434545554565444444565432233444455578764322222222222222222222222222222222222222222222222222222222222222222222333333333334433223
43454545443455455444344445544445544444444454445555544455555555544555554445554555444444344443444432233345555568888554322222222222222222222222222222222222222222222222222233333333333333333333333343332222
44565654554455555444344344444555345454334444544454554454554554455555555555654554434433455544444442234455665557889755432222222222222222222222222222222222222222222222333333333333333333333444444443322222
45664544544555655444444344444345446544445544534444555444444544555534556554544544444443564434455542234565554445789855654222222222222222222222222222222222222222333333333333333333333344444444444555333222
56643333333445455555444544544444456434444433333344455434445434556546533455433444555554554445445542224565444454578985666422222222222222222222222222222222222223333333333333333333444444444444444456533322
