32222222222233332223322222222222222222222222222222222222222222233344444444444554455555798899999999999999999999999867999999984454443333333332111222221122221122334455566666555556656652233334444555555556
32222333322223333223322222222222222222222212222222221222222222223344433333344444456778999999999999999999999999999667999999974554443333333332111222221222111122334455666666656666655532222234444555555555
33333333332223332233222222222222223322222211111211111122221222222233333333333356889999999999999999999999999999998676999999965554443333333222111133222221111234444555555556666655455322222233334445544445
33333333332222333333222222221112222222222111111111111111111222222223332233333589999999999999999999999999999987887776999999966544443333333221110133223311112344444455555555566543444211222223333445544445
33333333222222333333222222211112222222211222112211111111111111122222222223335899999999999999999999999999999887776777999999975544443333333222111233333211123333333444555554455544543212221222223344433445
33333333222222333443222221122222234433222222222211111112222111112222222334348999999999999999999999999999999898877877999999964444433333332222111233333111112222233334444432454445531112211222223344333445
22222233433323455433222222223322222222222222222211111112222221111233333334459999999999999999999999999999988899877767999999844444333333332222211233332111111223334444444422343455311111111222223443333445
22222222333333322333222111222222212222222222222111111112222222222111222334689999999999999999999999999999977998767657999999843344433333332222111233322111123445544444333212322443111111111222223443333444
33222222333332223333332222233222222222222221112111111111222222322221112236999999999999999999999999999888768998777546999999753334433333332222111233222222334555433443332111213321111111111222223432233444
33222222223333333333333332233332222222222222222111111111111222333222222359999999999999999999999999998887668988866545899999864234444333332222111333223444556653223432221111122111111111111211223322234544
33222233344322222233332222233322222222222111222222221111111122333333222489999999999999999999999999988886678998745554699999764224444433332222112333223445666631112322211111111111111111112111223222235545
33322234433222222233323233333322222222222112222222222111111122333333235899999999999999999999999998887666678898534453699889765223444333332221112332232345555411111212111111111111111111111111232222244346
44432223332222222223334445544322222233332112111122222111111223344433379999999999999999999999989987776655777776533343698778875223444333332221112332222234433212222111111112111111112111111111222111243245
55542222222222222333444444433332223344444322222222222111112333444445899999999999999999999999998877766655776676532233698677775213444333322221113322222223222222222211111122211111121111211112221112332344
44333322222222223333333333233333333333445433333334433222223334444589999999999999999999999999999988776656766775432244688656675213443333322221123322222222222223222211111122222111221112211112211113422443
33222332222222222222223333333333333332334433333333322233445555557999999999999999999999999999999988777877766664332245677654564223443333322221233332222222222322332211111222222112221112211112111113223422
33333333332222222332222333333333344433223333333333333333334566899999999999999987787789999999999877766887776554332234566654564223443333322222233322222222222333332222222222221123221112111112111123123223
44333333333232222322223333333333344333233333333333333334445789999999999999999877666667999999987666665676666554333234455555553223443333322222232222222222222233333233333323321233222121111111111132222123
66654323334443222222333333333333343322333333333333333335688999999988999999998876565666789998887545555566555544333334344444543233333333322223322222222222222233333333333333312333222221111111111221221122
66654323344433332333333333333333332233443333333334433458999999999889999999998888755556679987666444445555544444333334333334443233333333322223322222222222222223333333333333224433222221221111111111111111
56654332333333221223333333333333332233443433333333455689999999998899999999998888867555669976666444444445444443333334433333332223333333322233222222222222222223333333343443244432223322321111111111111110
44555543333333221234443333322233332334444444333334468999999999989998899999988888876664457855665543444444444333333334433333332223333333222332222222222222222223333333344443444433333333332221111111111110
34555433333332223333333222222222333345555554433333589999999999999999789999988888977664465434444443334444444433333333333333332223333332222222222222222222222233333333344444444433443333332222211111111110
33443332222223333222332222222222222344455544333335799999999999999999689999988998987774464333344433334444444443333333333333322223332322222222222222222222223333333333344444444434444444333332222122211110
33344332223234444333322222222222222344555443334579999999999999999999999999989999887675553333333333334444444443333333333333222222332222222222222222222222223333333333344444444444444444333333322232222111
23333222333345544322222222222222333445655443568999999988999988999999999999899998887665443333333333333444444433333333222233222222332222222222222222222222233333333333343333444444444444444343333333333211
22233222233345543322222222222222334455444457899999998889999999999999999887788888887665433333333333334444444443333333222222222222333222222222222222222223333333333333343333344444444444444444344433433211
22222222223444433322233332223323565677777799988889888889888899999999887765667787877776543333333333334444444443333333322222222222332222221222222222222223333333333333333333333444444444444444444434433112
22232222224444333222233332233356655887999999888888888888778999999998666533334556676676543333333333334444444443333333322222222222222222212222222222222233333333334333333333333444444444444444444444432223
22222222224444333221122333334788779977998888888887888877789999999996344211223333454665443322333333333344444433333333332222222222222111122222222222222333333333333333333333334444444444444444444444432233
22233332223333333322222233336999999878998888888877887765799999999973232111112232333455444332233333333334434433333333332332222222211113566542222222222333333333333333333333344334444444444444444444443333
34443222222223333332222233457999999879998887888766777766899999999965664311112222333356544333333333333334434444333333333333222222211157688763222222222333333333333333333333333333434444444444444444443333
33222222112344433322112233589999999868998767877545667767999999999988987311111222222345544333333333333334444444433333333333322222211574456654332222223333333333333333333333333333433444444444444444444444
22222222123444332222222236899999999757998777865554567778999999899998997421111122122335544333333333333334444444433333333333332222115774334554343233323333333333333333333333333333333444444444444444444444
33332211123344322221222489999888999756898767876655688789999998889999987632222122112234544333333333333334444444433333333333322221147653333444565333333333333333333333333333333333333444433444444444444444
22222111123444322111136999999888888745798777876667888889999888899989987643222211211123444332222233333334444444443333333333322211376433332335776422223333333333333333333333333333333444333444444544444444
22221111123444322112599999999878888745799888888878999899888888887788976654322211221111233332222333333334443333333333333333322211574333333234678622223333333333333333333333333333333444333444444444444444
22221111124565422137999999999767778744689998889889999999888887876788876655443111111111122222223333333333333333333333333333322213653333333323358732233333333333333333333333333333333433333444444444444444
22221111124555432599999999999866677754589999999889999998888877767887766655554322111121122233333333333333333333333333333333322215532333333333348832333333333333333333333333333333333333333444444444444444
22221111123566447999999999998755566764568999999999999888877877777777655555555443233443334443333333333334333333333333333333322125422333333333357523333333333333333333333333333333333333333444444444444444
43222333334443589999999999997645556664457889998999988888876788777666554444444444345555444444333344444444333333333333333333322135322233333333344323333333333333333333333333333333333333333444444333444444
44455554222226999999999999999744556665345788888999987888765677555555444433444444444445544444444444444454333333333333333333322234332222333333343223333333333333333333333333333333333333334444444334444444
55665432223369999999999999999854455555444578888888888877665675443344444433443333433344444455544444444444344433333333332233222233333222223333453223333333333333333333333333333333333333334444443344443444
77753322223799999999999999999865445555544467878887678656564564333334444444444333333344444444433443443333344333333333322222223233333222222334653223333333333333333333333333333333333333334344333344443344
66532222237999999999999999988776434444544457887766655445544554333334444444344433343334443333333343333333333333333333322222233223533222222235642233333333333333333333333333333333333333334344333344434334
54421122269999999999999988777887533444454446776555443334434443333333334444333433233333333223333333333333333333333333322222333223543332222234422233333333333333333333333333333333333333333343333444444333
44332332489999999999999766678987543334444444565444333333333433333333334433333333333333333233332333333333333333333333322223433322344443222233233333333333333333333333333333333333333333333333333333444334
44444433599999999999997556667887543334444444454433332333333333334444333433333333323333333333322233333333333333333322222234333332234543223322233333333333333333333333333333333333333333333333333333443334
44443222699999999999875555667786553333334434444433322333333333345555543333333333223333333333322333333333333333333222222333322333222333222222233333333333333333333333333333333333333333333333333343333334
44443334798899999999655445666776654333334533333333322233333333465556544333333322233333333333333333333333333323332222223333322233222222222222333333333333333333333333333333333333333333333333433443333333
44433445655566689997554455566766654333333443333333222333333333565544433333332222233333333333333333333333333323322222334433322222222222222222333333333333333333333333333333333333333333333334433333333333
55434555322333359985444455566766654333333343333333333333333334554433333333322222233333333333333333333333333333322223333333332222222222222222223333333333333333333333333333333333333333333344433333333333
44456664111122228974444445556666655333333343333333333332333345554333233222222222233333333333333333333333333222222234333323333222322222222222223333333333333333333333333333333333333333333333343333333333
33455553111111116964344555556665555433333333233333322222223345443322222222222222333333333333333333333333332222222233323323333222322222222222222333333333333333333333333333333333333333333433333333333333
44556543111111116963444555556665555533333333333333322222222343322222222222222333333333333333333333322223322233332343332233333222322222222222222333333333333333333333333333333333333333333433333334443333
54555443111111115953344444555655555543333333333333322222222232222222222222222333233223333333333332222222233433334443332233333222322222222222222333233333333333333333333333333333333333333333333334433333
44555454111111116943344444555555555554333333432222222222222222222222222222222322233222223333333322222222454322234433333233333223332221111222222332222333333333333333333333333333333333333333333333433333
54554454221111117843333344545555555554333335642222222222222222222222222222222222222222222332222222222224532222222333333223332223332221111222222222223333333333333333333333333333333333333333333334433333
65553345653211139633333344444555555555433358842222222222222222222222222222222222222222222222222222222236322222222223333223332223332221211111222222223333333333333333333333333333333333333333333333333334
54443346777532169533333334444555555555543479743222222222222222222222222222222222222222222222222222222253222222222223333223332223332222221111222222223333333333333333333333333333333333333333333333333343
56665346777655697433333334455555555555543468753332222222222222222222222222222222222222222222222222222342222222322222333233332223332222211111222222223333333333333333333333333333333333333333333333333333
67776655666678984333233444455555555555554467653332223222222222222222222222222222222222222222233333333433322222322222233233322223332212221111222222223333333333333333333333333333333333333333333333333333
45677456666789953332234444445555555555554467653322344322222222222222222222222222222222222223344433334444222222222222223233322223322222222211222222222333333333333333333333333333333333333333333333333333
58885456777788742233344444444555555555555467654322232233222222122222222222222222222223333333333333334553222222222222223233333223322222222211222222222233333333333333333333333333333333333333333333333333
66643465688775322334444444444555555555555567554332211233344311221111222222223333333333333333333333334543222222222222233333323323322222222211222222222223333223333333333333333333333333333333333333333333
65433565456532223334444444444544445555555566444333222222234422322334334444433333333333444434443333334444222222222222233333323333322222222211222222222233333222333333333333333333333333333333333333333333
44333565333222233334444444444444445554445555444433333222222332233554333333333334344445565434443333333444211122222222333333332233322222222211122222222223333222333333333333333333333333333333333333333333
43333565333222233345434444444444444444445544444443222223332332334443333333334445545445665333343333333333211122222223333333332223322222222221122122222222332222333332333333333333333333333333333334433333
43223575332223333344543344444444444544445544433332221122232333343333444444445555544445654333333333333332321243222233333333322222322222222222221122222222332223333332333333333333333333333333333334433333
33223487532223333334444444444444444444555544433222222222222344443333444455555554443346543333333333322222232553222343333333322222222222222222221122222222332233333333333333333333333333333333333333333333
33334479633323333333433444444444444445555544333322222222211344444333444445555443333346544333333322222221124643333323333333222222221222222222221111222222222233333333333333333333333333333333333333333333
55544459733333333333333344444444444444445544333332222222211244443333344444454433333335543333222222222222125422322223333332222223211122222222221111222222222233333333333333333333333333333333333333333333
44554338843333333333333333333333334444445544333332222222211233333223333333443333333335543222222222122222124322222233333333332223211112222222222111222222222233333333333333333333332333333333333333333333
45555435854432333333333333333333333444444444443333222222212233333222233323333222222335543222222222222222233333222233333333333222221112222222222212222222222233333333333333333333333333333333333333333333
34444444675543333322333333333333333334444444443333322222222223322222222212222211222224553222222222222212453323222233333322333222322111222222222222222222222233333333333333333333333333333333333333333333
44333333466544323344433333444333344444334444444333332222222222211121111112222211122223443222211222222112453322222333333322222223322211111222222222222222222233322333333333333333333333333333333333333333
33333333455555334444444333333334333455433444444433333233322221111111111111222212212222244222221222112112343333222333332222222223322221111122222222222222222233322232323333333333333333333333333333333333
33333444444444345554444445556554333576632344444433333333322222111111111111212222211222234322222221221112333332223333333222222233322221111122222222222222222223322233222333332233322333333333333333333333
33333444444443467665554567877544347898831234444444333333322222111111111111111222111122223322222222221112233332223334433322222233322222221222222222222222222223223333222333222233322333333333333333333333
32335555543333344444444678875334589865521234444544443333322222111111111111111121121112223332222222221112223322233444443332222223322222222222222222222222222222222333222333222233322333333333333333333333
44455555554332223344444578876347998522211233445544444333333222111111111111111112222222222232222211111112233322234444443332222223332222222222222222222222222222222233223332233233222333333333333333333333
44444444433332222334443344544589988533211233444455554333333322111111111111111112222222222222222111111112334322344444444332222223432222222222222222222222222222222222222222333233223333333333333333333333
44433333344432222345553333335898888862111233444455555433333332111111111111111112222222222222222111111112333332344444444333222223443222222222222222222222222222222222222222333333223333333333333333333333
44433332333344433344544444347889999752112234444555555433333332211111111111122112222222222222211111111112333333444444454232222223444322222222222222222222222222222222222222333333333333333333333333333333
44443322222455666777644444477699996421122234444555555433333332211112222222222222221222222222211111122223343333444445553222222222445432222222222222222222222222222222222222332233333333333333333333333333
54433332223344789998643333595499952211222224445555555443333333221122222222222222222222222122222221344323443333444455553222222222344433222222222222222222222222222222223222333333333333333333333333333333
43334433333333567765433334695598532112221123444455555443333333221122222222222222222222222222222223554443332334444555553222222222333344322222222222222222222222222222222222333333333333333333333333333333
44433333344433343222233435795563322222111112333345554443333333322112222222222222222222222222222223422234434444445555554222212222433444432222222222222222222222222222222222223333333333333333333333333333
44433333345666443334544445873322221111111112333445544454333333332211122222222222222222222223333323322233333333455555554333222223433344443222222222222222222222222222222222223333333333333333333333333333
44333333223467654444444446842221111111111122234445434554333333332211112222222222222233233333333333222223333333455555554333222223433444555322222222222222222222222222222222223333333333333333333333333333
33333333335676555554444557732211111111111122233344335554433333333221112222222223222333333332222333322222233333455565555332222223433334456553222222222222222222222222222222233332233333333333333333333333
34443333344555555444445567631111111111111222322333345555443333333222122222222233333333333211112223433333333223455565554332232223432234577775322222222222222222222232222222233332233333333333333333333333
34444444433333333444444466531111111111111222322333445555543333333322222222333333333333322111112222443333333223555555555322233333544334666665532222222222222222222222222222233333333333333333333333333333
34455544433333344444444456421111111111222233333334443454443333333322222233333333333222221111221123433333333334555555655332233334554555555667742222222222222222222222222222233333333333333333333333333333
34455566653334333334444556532111111222223333333344443444443333333332222333333333322222222223422355333333333333555566554333233344456766556666653223222222222222222222222222233333333333333333333333333333
33344676654444433323455567764322122222233333333445544454444433333333222333333333334444444456424555554433323334666766554333333333357766556665554333222222222222222222222222233333323333333333333333333333
44346666444455543223334556665443332222233333334445544554444443333333222334455555445544444444434445666543333345677665444333333333567776556665444433222222222222222222222323233322333333333333333333333333
22335656544444432222344445544444433322222333333344444555455454333333323554454444444445554334445555666554444355556665554333333333567766666654434443322222222222222222222323222223333333333333333333333333
22335556666655542222233334444444333323233223333333334444333444334444435776433344555556676544445555555555554355545565554333333333446666665554455554332222222222222222223323222223333333333333333333333333
22334556788864432222222334433444443334443222233344344554323332222334556665544333455555666554554654555555554355444455555333333223435656554455555554443322222222222222223333332223333333333333333333333333
23333456676654333333222222333466554455654333344433333333322223333334445566665333334556666555665555556554454445555544555323332222324544456777655544444432222222222222222333332223333333333333333333333333
33222345555554343332222222333455333355565444444434433333222232333333344445555443333456666655555455555565544444443334444322332222323444456777655555655532222222222222222332332222333333333333323333333333
54335555544444433322222222234444323345555344444555432333334333333433334444444555544444666666666555566776555444443333333322322222223455556665444455666543322222222222222232232233333333333333333333333333
55454555554433433212232322245654322235544333333444422223332222233455555555444555555445566666666555666665444456554333334422322222223455555444444444455544322222222222222222232233333333333333333333333333
44433356654323332223444556775433322334444443333444332333322222234555434456776544555555556665555555567764444455543333334432322222222344444433333333333344432222222222222222232233333333333333333333333333
55443467754322222234554678765322222234555433233334433332221222234444556788875433455554445555555554555655444555555443334532322122222345555544333333333455543322222222222222233333333333333333333333333333
33333455543332233456654344455442222234666422222334433222222222333456777765544444445554444555666555556665544566777654445542222112222234444333333333334455554332222222222222233333333333333333333333333333
23333333344334443333443332334433333346665443332233333332222223345776666543444444445555445555566666667656665566677654456643222112222233333333333333333455544432222222222222233333333333333333333333333333
22222233333344444443444433333444444333455544333333322222222345777544444444444444555554445665555677776566776666555554555543222112222223333333333333334444333443322222222222233333333333333333333333333333
22222334443333344443333334555444444435555444433333212222222234443334445554444444456654455666545678886666666655555555555543322112222233333333333332334444444444433222222222333333333333333333333333333333
22222234443333333444443345554455554444444555433443222334554333233344554444444554455554455566655788886655555555555555555643222112222233333332333222233444444445533222222222333333333333333333333333333333
22222223333323334443334455544455444444444455554444334565333333455555554444445554455554555555555788765555566655555555666643222112222233333333332222334433444445654332222222333332333333333333333333333333
