68999997655432221112468888888679854555555566665666666666666566666666666666666666666666666666666666666666666666666666666666667666666666666655566666666676666666666666666666666666665566666666667777666666
68999997655432211112468888876689855544555555555666666666666666666666677666665555555556666666666666666666666666666666665556666666666666666656666666666666666666666666666566666665555556666666667777666666
68999997655422111112468888876799855444555554345666666666666777776666666666665555555566677777666666666666666666666666666666666777666666666666666666666666666666666666665555555555555555655666666666666667
58999997654433211102578889998899655444555433455666666666667777766666666666655566666666666666666666666666666666666666666666666666666666666666666666666666666666655665555555555445555555555555566666666666
58999997544443321113778889999999555444444334555566666666666777666666666666666666667776666666666666666666666666666677666666666666666666666666665555666566666665555555555555555555555555555555666666666666
68999997556654332224788889999998654334443344555556665666666777766777666666666666677666666666666665556666666666666666776666666666666666666666666666666666666655665555555555665555665555665556666666666666
68999997788866554334788778999997543333443344445555655666666776777666666666556666666666666666666666666666666666666666666666666666666666666555666666666666666666666665566655555556655555555556666666666666
68999999998876655445788768999985543233333334444555555566566666666666676666666666666666666667666666666666666666666666666566666666666666666666666666666666666666666666666655555555555556666666666566666666
88999999998888766666888779999965432223333333334555555555556666666666666666666666666666666666676666666666666666666667766666666666667766666677777766666666666666666666666666655555566666666666666666666677
88888888888899999988888789999855422223323333334555555555555666566666666666666666666666666666666666665556666666666666666776777766666666666777777666666666666666666666666666665556666666666666666666666666
88888778888888898887888789999764322222223223334555555554445655555555556566656566666666666666666666555566666666666666676666777666666666666677766666666666666666666666666666666666666666666666666666665666
88888888888888988766798789998754322222222223344555666544344555444455555555555556656666666666666665566666665666666666666666666666666666667777666666666666666666666666666666666666666656666566666666655666
88888998887888887765799889998653222222222233344555665543334444444444444555555555555556656666666666666666666666666665555555555566666666777766666666666666666666666666666666776666655556666666666666666666
88888998877787666775699889998643222222222233345555555533334433334433344555556666666555556566666666666666666666666665555544455556666666666666666666666666666666666666666666666666666666666666666666666666
88888888777777666776689989998633222222222233455555555422233332333333334545556666665655565545555666666666666666666666655555444455666666666666666666666666666676666677777766666666666666666666666666666666
88888887767776777776589988998533222222222234555444555322233222223333334445666666655545555555556667666676666666666666666665555556666677676655655566666666676666667776776666666666666666666666666666666666
88878777667766777665468877888523322222222344554333453212232222222223344445555556554444445555556666666666666666666667766656666666666666665555555566666666655666666666655666666666666666555566666666666666
77777777666666777755436876667423322222223344432222332112221112222222333356655566655444444444444455566666666666666666666666666666666665555555565556666666566666666666666666666666666666665566666666666666
88777776666666788644435876667522322222233443321111211112211111122222333455555555555555555554333334456666666666666556666666666666666666556666666666666666655666666666566666666666666666566556666656666656
88777666666556777643335876667522332221244532211111111111111111112222223556666555455556666654444444566666555666666666666666656656666666677666666666666666555666666666666777665666666566566666666666666666
88877766665556766642245776555412322221245411111111111111111111111222223556665554444555666666665566666655566666666555555555555555566666666666666666666666666556666666666666566666666666666666666666666666
99888877766666656532245665444422322221233211111111111111111111111111123555554444444455566666776666666666666766655555555555544556666666666666667677666666665566666666666666666666666666655666666667766666
89988776655566665532244564444322322221211121111111111111111111111111124555443333444445556666666666677767766665555566555655555677766666666666667666666666666666566666666666666666666666666666677778776666
67888765544455555432244444444212322222211122222111111111111111111111135554322233334444455566666666666666666555566666666666666666667776666666666666666666666666666666666666566665666667666678877666666777
45678765433444444332234333333222222222211222222111222222111111111111134443211233333333445566665566666665555556666676666666666666667766666666666666666666666566666666666666666666666666666777655555677888
55556655443333433332223333332222222222211222222222222222211111111111123321112232222223456666555566655555566666666666666666666666666655566666665666666666666666666666666666677776677776666665556666788877
55445433433333333322223322222222222222111222222233223222222221111111122211112222222223565555555556665665666666676666666666666666666656666666666666655666666666666666666566778877667665555566677777777777
66545433333333333322222222222222222222111122233333333332232222112111121111112211111235666666555556666666666666666666666666666666666666666666666655656555566666666666666667777766666666666777777777777777
55544322223333333322222222222122222221111222223333333333333322222222111111111111111235666666665665665566666666666666666666566655555666566666666665555555556666677766667666666666776666667777677777777777
55543222222233333322222222222122222211111222223333333333333333333332222111111111111245666666666666665566666666666666666555566555555666666677666655444455555566777777776666677667776666667777777777777777
56543222222223333322222111211122222111111222223333333333333333333332232111111111112345566666666665666666555666666666555555555556666666667776666654444456656667777766667767777667666666666777777766677777
56643222222223333322222111211122211111111222222233333333333333443333332222111111122344555666666666666666655666666655555555556666656655566666666554445567777777665556777777777776666677777777777666666777
56543222222222333322222212211122111111112222222333333333333334444333442222211222222333445666666666665556666666665544556655566666655566666676666666556788776677666677777777777666667777777777777777777777
35543222222222233322222222211221111111112222222333333333333333444433443332212222233333345555555566666666666666555556666655566665655666666766666777777888777788877777766678777777777777888888777877777777
33443322222222333322222222222211112211111222323333333333333333344444433332222322333322234555655667666666666666666666666565555555566666666666667888788788888888777777766777778888878888888888888877777777
23333222222222233332222222222111145522112233333333333333333333334444443333233323333222233455666667666666666666666666666655566666666677776677777888888888777887676777677777788888888999999888899888888888
12233222222222233332222222222111355532222233333333333333333333333444444433343333332222233445556666666666666666665556666555566777788887766777777889988777777777667777777777777888899999999888888888888888
11233222122222223333222222222102543432222233333333333333333333333444444443444444432212223344455666666666655555555566666556677888887766667889888999877777777766677888788888777788899999999888888888888888
11122221222222223333222222221103432334422232333333333333333333333344444444444444432212233344445666666666666655566666666777888767777666789999889998777777776666777888888888888888899999998888888888887778
11111222222222222233222222211014322235432222323333333333333333333344444444444444432222222333344567776776766666666677777777787557888888999999988987767777777777778888899999888888999999888888888888888888
11112222222222222222222222211023222234442222223333333333333333333333333344444444433222222322234578887666555565555555667777897678999999999999888888777778778888888888999999999999999998887778888888888778
22223222222222222222222222211133122233442222222233333333333333333333333334444444443323323222223566655544445554444555678999987899998888888888888887767788777888778888999999999999999988888888888888887777
33333222223322222222222222211132122222332222222233333333333333333333333333444444444333333222222334333444455555556777899999888888887778888777777777667887778777888888999999999999988888888888888888888877
33333222333322222222222222211132222222232222222233333333333333333333333333334444444444333333333333334444445666678999999888888777777777777777777888778888888888888888999999999998877777888899999988888778
33222333332222222222222222211122221222232222222233333333333333333333333333334444444444433344444334444444444445568888888888777777777777777777788998888999887788888888899999999988777777788888998888877778
22222222222222223222222222222222221122332222222222333333333333333333333333333344444444444444454444445554333334456666777777777777777766777777789999999998777778888888999999999887667778888888888877777777
22212222222222222222222221222223322122332222222222333333333333333333333333333334444444444444554444455554333333344555666777777777777766667667788888889988777788888888888888888876777777888888777777777777
22222222222222222222222211222222332112222222222222223333333333333333333333333334444444444444444444444555443333333445566666777777777676777778898888877877777788888888888777777777777778888777777766766777
22222222222222222222222112222222233212222222222222222333333333333333333333333333444444444444444444444444444333223334555566677776777777778899999888877777788888888888877777877777877888887777776666667777
22222222222222222222222112222222222112222222222222222333333333333333333333333333344444444444444444444444444433222234555566676667777777778999999887888787788888888888777788888888777777777766666666666666
22222222222222222222221123222222222212222222222222223233333333333333333333333333333334444444444444444444444443322234455556666666777777777899998877788877777778888888888888888877777776777666666666666666
22222222222222222222212222222221122222222222222222222233333333333333333333333333333333444444444444444444444444322233445566666667777777667788887777778877877778888888888888877777776666776666656566555566
22222222222222222222112222222221122222222222222222222233333333333333333333333333333333444444444444444444444454422223345566666667777777767777777766788888888888888887777877777776666666766665555555555555
22222222222222222222223222222222112222222222222222222333333333333333333333333333333333444444444444444444444444433222345566777777888777766667766667888888888888888877777777777666666677666555555555555555
22222222222222222222233222222221112222222222222222222332232333233333333333333333333333444434444444444444444444433222344566777777898766766666766678888998888887777777667777766666666666665554555565555555
22222222222222223322333222122221122222112222222222222222222333233333333333333333333333334333444444444444444444443322234556777777887666666556667888899998888777776666666777776666666666555554555555555555
22222222222222233211222222112221122221112222222222222222222232223333333333333333333333333333444443444444444444443322223345666666777666655555677888899998877776666666666777766666666666555555444445555555
22222222222222332221112222122221122221112222222222222222222222222333333333333333333333333433344443344444444444444332222234455555677665544456777888889998877766666666667777666676666666655554444444555555
22222222222223322222111222122221122211112222122222222222222222322332333333333333333333333433344443334444444444444332222234444555566555444456677888888888777666666666677777666666666666555554444455555444
22222222222223222222211222122221122211111221122222222222222222222222233333333333333333333433334433333334444444444332212234444455555554444566677777777888776666666666667777666666566665555555555555545444
22222222222233332222221122122221122211111111122222222222222222222222233333333333333333333333333333333333344444444332222234444445555544444566666777777787776666666666666666666666666656666555555555554444
22223222322223322222222222222222222211111111122222222222222222222222233333333333333333333333333333333333333444443333222234444444444444344556666666667777666666666666666666666666666666666555555555544444
22222222222234321222222232222212222211111111122222222222222222222222233333333333333333333333333333333333333444333333222233444444444444344455665566666666666556666666666666666666666666666555555555444444
23333333222233321122222232222222222111111111112222222222222222222222233333333333333333333333333333333333333343333333222233444444444444344455555555666666665556666665666666666666666666665555555554434444
33453333222223321112222222222221122111111111112222222222222222222222223333333333333333333333333333333333333333333333222233444444444443334444555555666666666656666655566666666666666655555555555554443344
34654333322222221112222222222211122111111111111222222222222222333222222333333333333333333333333333333333333333333333322223444444444433333444445555566666666655566655666666666666666666555555555544444334
35764332222222211122222222222211222111111111111222222222222233333222223333333333333333333333333333333333333333333333321223344444444333333344444445556666666665566666666666666666666555555555555444433333
36754333222111111343222222222112222211111111111122222222222222322222223333333333333333333333333333333333333333333333321223333444443344333334444445555566666665666666666666666666666555555555554444433333
36754332211111111342222322112122222221111111111112222222222222222222222333333333333333333333333333333333333333333333322123333333333344433333344444555555555555666666666666666665566655555555444444433333
35654321111111111222223332112222222221111111111112222222222222222222222233333333333333333333333333333333333333333333322223333333333444433333333444455555555555666666666666666655566555555554444444433333
24543221111111111232223322222222222221111111111111122222222222222222222222333333333333333333333333333333333333333333332223333333333444333333333344444555555555566666666666665555665555555544444444443333
23543221111111111332223322222222222211211111111111112222222222222222222222333333333333333333333333333333333333333333332223333333333333333333333334444555555555566666666666655566665555555444444444443334
12344321111111112322233222222111122211221111111111112222222222222222222222333333333333333333333333333333333333333333333222333333333333333333333333444444444555555666666666556666666655554444444444443334
11223322111111112222333222211111112111222211111111111222222222222222222222333333333333333333333333333333333333333333333222333333333333333333333333334444444445555556666655666666655655554444444444433334
11112322111111111223333222211111122111122211111111111222222222222222222222333333333333333333333333333333333333333333333222333333333333333333333333333444444444555566666655666666655555544444444444333333
11111222211111111223333222211112222111122111221111111222222222222222222222333333333333333333333333333333333333333333333322333333333333333333333333333344444444445566655655566666555444444444444333333333
11111122111111112223333222211112222111122212222111111222222222222222222222333333333333333333333333333333333333333333333322333333333333333333333333333334444444445556555555555555554444444444443333333333
11111111111111222233333222211111111111122222222222112222222222222222222223333333333333333333333333333333333333333333333322233333333333333333333333333333444444445555555555555555544444433334433333333333
11111111111112222233333222211111111111122222222222222222222222222222222222233333333333333333333333333333333333333333333322233333333333333333333333333333334444444555555544555544444443333333333333333333
11111111111122222234443222111111112111121222222222222222222222222222222222223333333333333333333333333333333333333333333322233333333333333333333333333333333344444454455444455444444433333333333333333333
11111111111122222334444432111111122211221112222222222222222222222222222222222333333333333333333333333333333333333333333332233333333333333333333333333333333334444444444444444444444333333333333333333333
11111111111222223344555542111211122211111112222222222222222222222222222222233233333333333333333333333333333333333333333333233333333333333333333333333333333333344444444444444444444333333333333333333333
11111111111223433334455544222222222111111112222222222222222222222222222222233222333333333333333333333333333333333333333333233333333333333333333333333333333333333334444444444344443333333333333333333333
11111111112234433333455665432222222111111112222222222222222222222222222222222222333333333333333333333333333333333333333333233333333333333333333333333333333333333333334444444444333333333333333333333333
11111111122234333444345655542222222111111112222222222222222222222222222222222222233333333333333333333333333333333333333333333333333333333333333333333333333333333333333344444443333333333333333333333333
11112221223334444454345555543222222111111112222222222122222222222222222222222222222223333333333333333333333333333333333333333333333333333333333333333333333333333333333333334333333333333333333333333333
11112223334433444443345565543222222111111122222222221112222222222222222222222222222223333333333333333333333333333333333333333333333333333333333333333333333333333333333333333333333333333333333333333333
12223334455422222332355566553222222111111122222222212112222222222222222222222222222223333333333333333333333333333333333333333333333333333333333333333333333333333333333333333333333333333333333333333333
22223445555322222222455555554222222111111122222221111111222222222222222222222222222223333333333333333333333333333333333333333333333333333333333333333333333333333333333333333333333333333333333333333333
22223455553222222222555555554222221111111122222211121121222222222222222222222222222222323333333333333333333333333333333333323333333333333333333332333333333333333333333333333333333333333333333333333333
11122355322222222234555555543222212222112222221112111111122222222222222222222222222222223333333333333333333333333333333333323333333333333333333222333333333333333333333333333333333333333333333333333333
11111222222222123445555555543222223322211222221111111211122222222222222222222222222222223333333333333333333333333333333333323333333333333333332222233333333333333333333333333333333333333333333333333322
22111122222222245555555555554211122333322222111111111221122222222222222222222222222222223333333333333333333333333333333333322333333333333332222222233333333333333333333333333333333333333333333332333321
43322222222224565555555555554321111233322222111112111211112222222222222222222222222222233333333333333333333333333333333333322333333333333222222222223333333333333333333333333333333333333333332233333211
54432222333455655555555555564321111133332222111122122211212222222222222222222222222222223333333333333333333333333333333333322333333333332222222222222233333333333333333333333333333333333333332233332101
55544345444555555555544565554321111134443221111122222222222222222222222222222222222222223333333333333333333333333333333333322333333333332222222222222222223333333333333333333333333333333332333333321012
55555555435545555455555555554321111134554322211122222211222222222222222222222222222222223333333333333333333333333333333333323333333333322222222222222222223333333333333333333333333333333332332333211233
55665554345555555455555555554321112134555433222122222211222112222222222222222222222222233333333333333333333333333333333333333333333333322222222222222222222332333333333333333333333333233332332333212223
66665554455554445555555555554321122234566554322222222221222111222222222222222222222222333333333333333333333333333333333333333333333333322222222222222222222222222333323332322233333333222222333332222222
55555555555544445555555555555211122234555554432222222222222222222222222222222222222222333333333333333333333333333333333333333333333333322222222222222222222222222222322322322223333332222222333332222222
55555555555554444555555556654211122233445555433222222222222222222222222222222222222222333333333333333333333333333333333333333333333333322222222222222222222222222222222222222222333332222222333333222222
54555555555544555555555555433212222233444444444432222222222222222222222222222222222222333333333333333333333333333333333333333333333333322222222222222222222222222222222222222222223222222233333333333233
55555555555555555555555554444322222233344443344443222221222222222222222222222222222222333333333333333333333333333333333333333333333333322222222222222222222222222222222222222222222222233333333333333333
54445555555555555555555555544323323333334433344443322211222222222222222222222222222222333333333333333333333333333333333333333333333333322222222222222222222222222222222222222222232222233333333333333333
44556655555555455555555555554334333332344444444443333222222222222222222222222222222222333333333333333333333333333333333333322233333333322222222222222222222222222222222222222222233322333344444333333333
66666555555555555555555554444333333322344444444444544332222222222222222222222222222222333333333333333333333333333333333333322223333333322222222222222222222222222222222222222222333333333455555433333333
66555555555555666656555544444333433322344444444445555543222222222222222222222222222223333333333333333333333333333333333333222223333333332222222222222222222222222222222333332333333333344667665543333333
55555555555566666656555554444333443222344444444444556655432222222222222222222222222223333333333333333333333333333333333333222223333333333222222222222222222222222222233333332333333333456677766555433333
55555555555555555555444444454333444323344444455455666665553222222222222222222222222223333333333333333333333333333333333333222223333333333222222222222222222222222222222333333333333344566667776665433333
55444555555555555554444455555433444333444455556666666666676432222222222222222222222223333333333333333333333333333333333333222223333333333222222222222222222222222232223333333333334445566666666665543333
44445555555554444444555566655433444333455555666666555556888653222222222222222222222222333333333333333333333333333333333333222223333333332222222222222222222222222233333333333333444555555665677766554333
44555555544444444455666655555333444444555556666655555556898865432222222222222222222222333333333333333333333333333333333332222223333333332222222222222222222222222333333333333344455555555555667777665433
