33337954333333333433333333444444444444444444444455545555555445456689997411355885545555555555555875589645555575344445444454544445547964444445544555555455544444467434444444444444444444444444444444444468
33337954433333334433444444444444444444444443344333444444444445444589998521355884555544445555556864589645555576444445555454445445547964555445555544544444444444367434444444444444444444444444444444444467
44447964444444444444444444444444444444444344443434444444444444444579998741355884444444444444557964799734555577344455554444444545547964554445444444455454444444577534445554555544445444444444444444444467
44447964444444444444444444444444444444444444444444444444444445444579999851255885444444444444569855899734555456444455554544444445447964444444445554555444334444578534444444455554555544444444444444444468
44446964444443444444444444444444444444444444444555454444444545555579999861245885555555444454689856788734444466444555555555555555546964444445444444444445444444578534444444444444444444444444444444444477
44446964444444444444444444444444444444444444445444444545444444444479999862245885455555555444689845778733334467444555555555666666555975555555455545555544444444577534445544544444444444444444444444444467
44445964444444444444444444444444444444544444444444444444444444444479999962245884334444454454699845779723444467433455555545655566656975666666666666565555555555577534444555555445555445445444444444444347
44334864334444343333444444444343343444444444443444444444454434444369999862245774323322575454699855779724444467322334454444444455657974566566656655556666666655577535555555555555555555556565555554444467
34434764333333333333333333443443454445554455444545555555555444445369998862244544444444684343699864678723444466433444455445544444446974555554555545555555555545587434444455555555545555555555555555555478
33334664443333344444444444444454554555543444444555555555554345445468998962244444444444554453588753578734544555555554555655554444446974434344445555555454455455467435444444444444444444444444445555666578
44455445544455554445555554455555454555444544444444445444444344345468999962244444444444455553487654578734555545555555556555554444446974433345444544444344545445367534444444444444444444444444444444554578
55455555545555555444444444445555554454455555555555544443344344445568998962243445545445555553377554668734555545555565556555454544545863333444444434444345444444577534444444544445454445555444444444444467
44445445554545785554445445444455544445555444444444554433344444445668998972333345555455555553277555567745554445445555445544455544544554565434454334344444444454577533444545554564444445555554444444444467
54555555554555852355444444455554445444445444444444444445544444446767999973333335555566555554367665567855555555445444344434556555444445654344443344444444444444477534444444445555544444445545565444445467
45555545544544544444444555455455555544554445544445454455554445556767899985332334565555555555468764467734666555545455555555555555555555544444544444454444444443477532333334444454445444444444444444455567
44444443454555555444445555555555555555555555555445545555555555557767689985423334556555555555468864358635655566555555544555568964554456555554554544444444434433455432333333444344444444444444444444445467
55544444444545555555555555555555555555555665555445445555555555557877779996433223556665554555558754358645565566555555555555557853454555544555555555444454434443334333433333343344443444444443344444344347
44555555455566555655655565555555555544545565565555555554455555656777889996432222355554565544558875468655655555556655566566545554455554444555555565555555454443333334344333343444344444444555455444444457
54555555554565555455545555554554554445565566555555555554554445666777899996432222245655666544557877568656555655566555567665655555555555444555455554455533344444333344344443444444444444433444445444544568
55555555555555545545555445565555555455555556665555556555566545556888999997532221135666666534557865479766666665665565556655666555555555545555555555554334445544555454444444454444454444444444445554544567
55555555555554555545554444565555455555555555555555555555566555556899999998532212124665665435567876698555555566765665556555555555555545555445544545444455555554555444444445544444445444444444345554444467
44444445555544455555555555556555555555555544555555555556655555556899999998533222114666564444657877998665565555655555555655555566545555544455554444444554444555554444444445544554444444444544334444344456
44445455544454555555455555556544455555555545555555555555555555445799999997543222103566553444657899997555555555556555556665555555555655555555555455455554544555555555555566555544544554444544444444444466
44444555454544444455555544445665555555555555555544444554454455555579999997443233221455533455546899985555445555565555544556555554445555545544554445555545554555555555555455555444555555444334544444444456
55544554454444455444555555555555445565455555555444444544444454554579999997555565441355534656647899975555555566665555544445554555545544433444444544544445544455444554444445555455455565543434554444444345
56545544445444554444455455556544445655565554445544555444554555444558999998788887765677667766657999865555555555555455555445555545555555555555545555544445555555444455445444444555555456554544555444344443
55445554444455554444455555566444555545555544445544555555555554445556899998876666667766677755768999854555555555555555555555555555555555665556555555455554555544555544454444444445555555554455544455455455
44445554554444454444445554544455554555555554445544554555555555555555899987666666677776666665788898743555655555555555565555455555555445655555555655445555555555555455445444444444443434544455544555554555
54444454444444544554444444433555554544455444444445555555655555555444588776666666666666665556578778632555655665665556665655565655545434544545555545455555555555555444554444444444434444444455444555544565
44444554444444444445444444344454444444444333444444444445554555554444687656666666666655554555546766522555555665667555665666666776544434655555565555455565555544555554444544454444444444555456555565555565
44444444444445445544544454444454444444433343334334334444445445555556876666666666665555554444532654422455665655456555566656666666543333666655565555556654455555555555544444555444454445555555555554445565
33444344444445555444444444444543444344333344333344343445555555556777677776656666665555555444432454322245566665555555566776576655454333456665565555455555555555566555554445554444444545555545454555555545
44333444444445544445444444444333344423333443333444444444455556778877777776665566666666665554442343222224456666555555567665666655555433356565555666555555555566666546666555445555444444565555454544444444
44444444444444443445443444443333444434434444344444444444445566666777887766665666666666666665442233222113456665445556665555555556655543345565556667656655555567544467766666544455455555555555544554444444
44444444433344443445444345333444443434434444344444554544334565667777777666666666667655445555432222222112445665555555556565555655555544334554456778765655566655445666655555655544455555555566555555444444
44444444444444444445444444434444443333333344445544444444444677777887776666666666666655555443432222222111243455556555566566555554455555444344334678887766655445566666656544455544655544445555554455554456
44454444444444443444544444443445444344344344444455444444444688878877776666666666666676555443322222122111133355555555555555555655555555445443333357778765455555666666666554444555655454445655544333334455
44443344444444444444444444544444444444444444455555444444454677888777766666666655677888555533222221222111122345555555565555565755554555544555434324566555565555566665556655444445555554555555543223345554
44434444445444454444555445444455545444444445555444444445445435887887666666666654678888544443222211233222211234555545555455554444555555544445555544555565555556666666666655554444445554544554544345444444
44554544455454444445554455445555445444444445444445544444553226888877666666665566776655333333222211233333211233444555555555454444554454444444544654456555555566666666666666654444445555544555555444544444
44554554454445445444444444445545555555544444444445545544542127887766676655555567743221111222322212233333222222333555444444555445544444544457654555566566666566777777766666665444444555545554555444444444
44445454454444444444344444444554445544554444444444455555544258776665666554444357631000001122322222223333332222323554444445555544555545556567655776655566677777877666666666666654444555445555554455544554
44455443444434444444344444445545444444554444454444544444454687665555665544456556622120000011222221222233333222222444444544445444455554445666666665565666666778887766666666666664334455554455566555545555
55554554444444444444444444456546544444544444454433443454555766544444555544555555643421000001212221222233333233212445555444444444555555466688766665566666666778776677666666665555433456544444566565555655
54444544434444444444544544465444444445544444444434443454455666655443354344555554544432100001122220122233333333212344455445555556766654468788666555566777777788876666666666666555443345544544555565445434
44444434444444444454434444444433444444444444444344433444455665665543333235566433323432211112222220112233323333311233555555555568865655679776656667666778888887766677776666666544433335455544444455432344
44444343444445434443454453444434444554444565444444444565557665555544333344554333333332211222222220112222223333311222444555555566564688777766656666666677788877666677776665655443433334454444344444544544
44444433444444334444444444444443445555444445444444444566589975544444444444443333332222111222222221111232222333322211244543333335786677666666666676666777787776566667666665655443333333444443444434555554
33333434433434334433444444544444545543444444444444455656899998646544334433333332322222211221222211111223222333333211233222333456776666555666777786667677777765566666666556655543232233344443445445444444
33334434434444444433344445444444434445544444444444687669987988864333333333333222222222211121222211111122222323333322222222344576665555555556787776666666765666677666555555555543222233344444444444444444
44444445544434444443433444444444334444444444444457876699976998744323323233322222222222221222122211112222222223333333333343233355565555655567776665666666656677666665555454555653222223344444444444444444
55544444444444444443333444444344444444444444444456756999988989755333322322221121222222221222222211111122222233233333433343322223455555555578886666666666667766655555544544445553222223335544444444444444
55444344455444444345444444444444444454444334444455669999998889765333222222111111112222111222222112111112222222223333343333333222334555555567876566655677766666555565444554455553322222334445434444444433
44444455544444444445544344444344344444433344444445699999988778764333222222111111112221111222222112111112222222223333333333333321123445455555665566667777656655555554444444445544322222234433444444444443
44433454444454434444543444544444444445454444445444799999887766774333222212111111122211112222221212111111222222222233333333333332112344556555564567766665555565555554444334444444432222224544444444444334
44435444444444454444444444445555334444444344444446678988877655674333322211111111112111111222221212111111222222222223333333333332112334456554455677766555555555555554444444443455432122223454444444444444
34444444443344444544444444345444333355444444444454556766665432366323322211211111111111111112212211111111222222222222333333333333211234455544345676675555555555554554444454444456542222222455543344544544
33444433443333444434444345444434543455444445545653445554432211126422322111231111111111111111112211111111222222222223333333333333321123444543345566666555555555554445554554444456543222222343333334544444
44444444433333443233343344433444444444444445544632434444311000003632331111353111111111111111222211111111222122222223333333233333332112333443345555566655555545555544554444433467643212222344444433544444
44444444444432234422232234334443344444454455445522323333200000002633332112354111111111111111222211111111222222222222233333222333332112333443334445555544554455545554455444433356543212222344334444544444
44345544434322223332243222322333344544435544445432323333100000003533332112244211111111112222222211111111222222222222233333222333332112333333333445555544454444544444544444433344433212222344443444444444
44445444543322223333333212221123344544434444444433333222100000134423332111233211111122222323322211111111212222222222223332222233333212333333333334554545444544555544444443333345433212222345544434454434
34544344432222333344222322332123333334444433344434333222221112344323332111222121111222223223322112111111212222222222223322222223223211333333332334455545544555555545544444333346533212222344334434434344
44444444433223223342331332212323333244223322234443332322222233332223332111123221111222333223321112111112212222222222223322222222223321233333322233444454554444454444444444443334433212222333344333323444
44444444322323244432432332122223443222212444323443333322223333222222332211122111221222332212311112111112111112222222222322222222222221233333322222334443445555544445544433443334333211222334433334433444
44454455322212255322323553343224533334323333442344333322222211122222222211221001221222222111211112111111111112222222222222222222222221122333322222333443444455544554455433443333333211222344334444445444
33354444322122243422223435553443443333333233332345333322221111122222222211222111221111111111121122111111111112222222222222222222222222122222322222223333444455545555444434333333332212222343333455334443
32333333433333344433333224543443433233334332132235343322322112222222233211111111111111111111121121111111111111222222222222222222222222122222322222222233334455555554443334333222332111222354334454334433
43332334444444455455544333432333333243233333233335433333322112222222233311111121111011111111111111111111111111222222222222222222222222212222222222222223334554444444333333333222232121222344344454344444
34443344444444444445554434433333333443233333443345333323311112222222223322111121100011111111110221111111111111222222222222222222222222212322222222222222233554444443333222222222222122222343433443344433
34433345544444444434544444433344444544343334543346444333211111122222223321111111110111111111210311111111111121222222222222222222222222212322222222222222233454444433332222222222222222222344334444334334
55544444555545444444444444443444444455443344443446564444211111111111112321122111100111111111211311111111111111222222222222222222222222222322222222222222223334444333332222222222222222222443444444333334
45444444444445544455555443433333443444455444443446787665311111100000002321121111100111111112212211111111111111222222222222222222222222221232222222222222222233344433332222222222222222222444444444334333
44343444444445444454554344334444333345554454444445668874221110000000001321111111111111111112222211111111111111222222222222222222222222221232222222222222222222233343222222222222222222222444444444444344
44343343444444444455544444444444343445455444444444445543321100000000002321111111111111111122121211111111111111222222222222222222222222222232222222222222222222222333222222222222222222222344444444443443
33333443443444444445544444443333445454444444345444454444321000000000013321221111111111111122121211111111111111122222222222222222222222222233222222222222222222222222222222222222222222222444344443444333
33344444444444444344544444444334444445555434443234444543332000000000013311221111111111111222122211111111111111122222222222222222222222222233222222222222222222222222222222222223222222222454444444444343
44334445454443444444444333453333333444454334443444345533442000001111013211221111111111122221122211111111111111122222222222222222222222222232222222222222222222222222222222222223322222222355544344443364
43444344444333333333444333444344454544344433445544455543110110011111013211221111111112222211111111111111111111122222222222222222222222222222222222222222222222222222222222222233332222222455444334444444
43444344333344443344433333334444444444344434434554454642111111111111012112211111222233221111111111111111111111122222222222222222222222222222222222222222222222222222222222222233332222223455344434545444
44444454334433444444444444443344444434544444444455544554224453110011012112211122333344111111111111111111111111122222222222222222222222222222222222222222222222222222222222222233333222223434344445544444
44344444344433434555444433434444444455444455454444443334555543211111122112211221111221111111111111111111111111122222222222222222222222222222222221122222222222222222222222222223333222223344444444444455
44333444455654544445544334444555554554443444555444443333343322111111122112222211111111122111111111111111111111122222222222222222222222222222221111122222222222222222222222222223333222223454555544455444
44443333434554444444444345445445554554454444454455443222332210011112221112222111111112344211111111111111111111221222222222222222222222222222211111122222222222222222222222221223333322223545555565456444
55433444444444444443444444454454444554445434554444444321211111111122221112122232233343556421111111111111111111111122222222222222222222222222111111112222222222222222222222221223333322223445544543455444
34444434444344444444444454454444444434555344444444434442111111111112211111344443344543565442111111111111111111111122222222222222222222222222111111111122222222222222222222232223333322223444445544444443
33344333444433454333344455544434444334443344444454433344211111111122101113454554355445555554311111111111111111111122222222222222222222222222111111111111222222222222222222442223333322223444444444444544
33334433544434443333333334445454444334434444444444334333331111111234223345554553465555455556521111111111111111111122222222222222222222222222111111111111112222222222222224542222333322222344444433445444
44444433444444443333333333444444334444444434444333344444432111113444343344544443444543444446511111111111111111111112222222222222222222222222111111111111111222222222222234443222223322222344444444444444
44444433433433344444343344444443344445544444555544443444446532234334434433444444455543455445411111111111111111111112222222222222222222222222111111111111112222222222222344443222222222222344433334444444
44444445443343344444344444444544444334444444555554434655433565443344335544544455555544454444211222111111111111111111222222222222222222222122111111111111122222222222233444443222222222222334444444444444
45443445444343333323444444444444444444444444445444434444454566543455345444445545555444544544211222111111111111111111222222222222222222222222111111111111111222222222334433433322222222222333345456544445
45334444344333233434443344455544433444445544444443444444334555554455455454445556555545544455212332111111111111111112222222222222222222222222111111111111112222222223334334433422222222222333335444443345
43333344334333334433334544444444444544555334434444565444444445554445546554455554545445554555422543211111111111111112222222222222222222221222111111111111222222222333334444443442222222222333323444444444
43433454344444444444345534444445544445554434444445455444455555454444556544455444456544455555532563221111111111111112222222222222222222221222111111111112222222223333333444443343222222222333322344434444
44444444344334444444345444444445555444443465444445554444455654554544565434455434454554445555542476332111111211111112222222222222222222221222111111111122222223333333333443343344322222222333322344444434
44455444444344444443344445543445555544544445544445654444455555555544554554345444454434456554453477653211111211111112222222222222222222221222111111122222222233333322222333333444422222222333322244434444
54544444444354543444454443444444445434445545444555555554455565554434543334444555454434545445555677763211111221111111222222222222222222222222221112222222223333333322222333333344333222222233322234334444
44444433334444444444455443334444334434454344454445455545545555554334454444333455665444444444555687765322111111111111222222222222222222222222222222222222333333322222222233333343334322222233332233334344
44433333334434444444555444445443344544554454554444445445544444444444444444444445555444454455554687766532211111111111222222222222222222222222222222323333333333222222222224433333333432222233332233443333
43434455434444445434554445544433444544544545555555444445543334344444444443555445555455444444454687766664221122211111222222222222222222222222222233333333333432222222222223443223333332212233332234544343
33444444333454433334443345444544544445545446555444445454444334444544445444555455554345444444444587676566422222221111122222222222222222222223333333333333334432222222222222333344323332222233332334444444
44544444444543334544454444455654454454545445544445545445455544444444544455545544445544444444444577676556742222222112222222222222222222222233333333333334356532222222222222233334444332222233333344334434
55543444335643334443444443565444544444444444444544444434455445444444434445556554544544444443454467766556774222222222222222222222222222222233333333333334447543222222222232233344433332222233333344444434
44444433444642344433444444456443333345444434444445533435444455554344444344555555543334444444444556766666687332222222222222222222222222122334333333333334434444322222222232223334433333222223322244544455
44444444434433444444443344446544333445543444334445554444333555455444454343454444333334433444445545776666677432333222222222222222222221112344333333454433333444422222222222222334443334222223222244444555
43445344554444344444444444445444445456554444444555544444334455354344454433444333234334434454444434677655566432233322222222222222222211112333334443344444333334442222222222222343344334322222222243344444
44554344444454444444445444454443334456444555444554344443434443455434444444544434454444444444454434466655455433233333333222222222222111113333344444443443223333343222232222222233344443322222322233344343
45543334444444434444443444444433445334445554444434443443334443434433444444454443443344544543344444355644444444456653333332222222221111124443245444333442224433445323333222222244444443322222222233334333
44443334444444434444433444544444454445555555554444454444443445544444454554444443444445545534454443443554445788889987554333332222221111123443444344333344334443334633333222222244444443332222222333333322
44444234445445544344344443433443444555565555555444444445444534444555666544444444345554444444444543545555458999989999987753333222222111123354454443343234544433333853333322222355433444432222222334433432
44443344565445444344444344445543444444444345454445544455445543345555555555443344454444433455444443344445679999889999999975333322222222133444333433344344544333333884333322222355444444442222222334433333
