22333445444442222222222111122222333222233222234433333333334544333222346899999999999878778999999999888889998777643235678755674223443333332222223333332222222232333222111111222221222112111122111132233234
33333333333333332222221121222222222222333333333444333333334544333235789999999999998777667899999988778768888766543335567765664233444333332222223333332222222233333332111112222222232222111121111132243234
33333333333333323333321233322222222222333333333444333333334444333479999999999999998755566789999886556656766665443334456655553234444333322222233333332222222233333332211222223212332222111111111122232234
33333333223333223455532444322122222233333333344444433332233333456899999999999999999966556689987775545555665555443334444555553233443333333222333332322222222233333333333333333223432222111111111111222232
22233443233443223455434553222111222233333333333344433332233333589999999999889999999976665579777775444455554444443334444444443333333333333223333322222222222233333333333333333234432222222211111111111221
22224443344433212344444442122234555554443334333334434443223234899999999999879999999987754666456655444444444444433334444434433233333333333233333222222222222333333333334443443344432333223211111111111211
22222333344433223344433332233566434433333333333334444333233468999999999999889998999998754654344554434444444444333333444333432233333333332233332222222222222333333343334444443444333333233222211111111111
45433333333333233344334432233443344543333332333334454323567999999999999999999999999998865643334443444444444444433333343333332233333333333333322222222222222233333333334444444444334433344322222111111111
44433333332233343344444432234444344444444433333455565578999999999999999999999899999998875533333333344444444444433333343333332233333333333333322222222222222333333333333444444444444444444333322221222111
44333333333444433334454422234444444444445433345788888999999999899999999999988889999998765333333333334444444444433343333333322233333322222233222222222222222333333333333444444444445444444333333222332221
43444433222333323344444322334444445443445545689967999999999999999999999999887677888988875433333333333444444444433343322233322223333322222222222222222222223333333443334444444445555544544444443334333332
44444433222223444344443222233455555545667778999769999988988999988999999997674345567877876433333333334444444444433344332223322223333322222222222222222222233333333343334434444445555445544444443344334432
44333443322224443344443222233455544456678899999799999888887988768999999974432223444556765433333333334444444444433344333323222223333222222222222222222222333333333343334433344444444445555555444454444431
44434444333233333344543233333455555555689999998799988898766888779999999976752222333344764443333333334444444444333344333333322223322222222222222222222223333333333443334333344444444455555555455554444431
44444455543223444444442233333444455556899999996699988897655778889999999999983111223334675443333333334444444444333344433333322223222222212222222222222233333333333443333334444444444455455555555554444422
44444455544223455444432233333555555679999999996689988987666888899999999999973232222233565443333333444444444444443344433333322222222211234432222222222233334333333333333333344444444444554555555555445433
44443445433333454444432233223555567999999889995579988998888899999999999999984232222123355443333333334444444444443334433333333332222125789875222222222333333333333333333333344444444444444554555555555434
44443333433223455444443443246665679999999888985579999999999999999999999999986323322212245543333333333444444444444334433333333332221277568887332222223333344333333333333334444444444444444444455555554444
33444444553223455544556654345556899999999778884479999999999999999998988999886432322211124443333233333334444444444433433433333332223796445765443223223343334333333333343333343444444444444444445555554444
33333247664432455544444334445679999999998667785469999999999999999998888998776554222211112333332223333334444444444443344433333222237875333455456333333343333333333333333333344444444444444444445555544455
33333345553444556554443467667899999999987666787458999999999999999998888887766655423311111222333333334444444444444443344433333221267543333345878533333333334444433333333333334434444444443444444455444555
44433345443234555544444456668999999999999556777546899999999999998898888877655655544223332333343343333434444444444443334443333222475333433334898633333333333333333333333333333344444444433444444554444555
44433334444224666555544433489999999999999646677635788999999888887798777766554455554455554444443344444433333343444444333333332223653333443333479833333333333333333333333343333343333444434444445554444554
44333334555455665567754434799999999999999754566654589999999978776686655655444344444455555555443444444444444444443444333333333225533333443333348933333333333333333333333443333443333444434444444554444554
33344444455677654566543346999999999999999864455664569888877766665665434555444443334444455544444444444444444444443444333333333226422333444333348833333333333443333333333333334433344444334444444444444445
23334455555555555556554448999999999999889974445564458876665545655554444455444444333434444444444444444444444444443443333333333234332333333333465433333333333444334334443333334434444444334444444444444444
22234556665455566546654469999999999977789974445565457865554434444544444444454444433444444433344444444444444444443443333333333244333333333333444333333333333333344344444333334334444433334444444444444444
33335567755567777645553599999999998666789975444555445654443333344444444444444434443344444432334444444433444444444333333333333334333322233334443333333333333333344444444443344434443333334444444434444444
45555556667887666544345899999999986566789986444456444555433333333444466544454443333333333333333333333344444444444433332223333334433322223335653333333333333333344444343333443333443333334444443344444444
66676545676654565555556898999999865556789976444445534454433333334444566664454443333333333333333323333334444333455433332222333324533322222346643333333333333333333444333333444443333333334444433344444444
67887545787656665444446655567999755556678876544444543344333333334545766665444333333333333334443223333333443333444333332223443332544432332344333333333333333333333333333333344443333333334444333444444444
67776545666567764444444333224997545555677776543443543333333333334556665554433333333333333334443333333333333333333332322234433332245543233333333333333333333333333333333334444433333333334444433344444444
56655445665555543444442112223985455555667666543333443333333333334556654433333333333333333334444334433333333333333222222334333333223543333333333333333333333333333333333333444443333333333444433344444444
55555555554444444444542111113974455556666666654333343333333333334665543333333332333333333333443334443333333333332222234443333333322222233233333333333333333333333333333333444444333333333344443444444444
55555666655554456677742111113964445556666666664333343333333333333554333233322333333333333333333333333333333333333222334443333333222222222233333333333333333333333333343333443334333333333344443444444444
56666655556654345787543111114943444556566666665333345333333333223443322222322333333333333333333333333333333333333223333333332333222222222223333333333333333333333333343334333333333333333344444444444444
55655555555655335654454422117733444445556666666433467433333222222332222222222333333333333333333333333333333333333234333333333333332222222222333333333333333333333333333333333333333333333444444444444444
55444466666665544443357864259543443445555666666533697432222222222222222222222233333333333333333333333333333333333234333333333333333322222222333333333333333333333333333333333333333333433444444444444444
44333467776655444444458886597433334445555566666644896433222222222222222222222233333333333333333333333333334544334443333333333333222332222222223333333333333433333333333333333333333333433444444444444444
44433455554444433455567877985333344555555556566655887433322222222222222222222233333333333333333333333333356543334443333333333333322232222222222333333333334433333333333333333333333334334444444444444444
55434454444444434565567789953333345555555555555666876433222222222222222222222233333333333333333333333333565533223333333333333333322222222222222333333333334333333333333333433333333333333443344444443344
55556554445445556655567788633333344444555555555566876443224432222222222222222233333333333333333333333334544433322233333333333333322222222222223333333333333333333333333333333333333333333333344444443344
55555554444555556555568875322334444444555555555566876543333333222222222222222233333333333333333333322334334333333223333333333333322222222222223333333333333333444333333333333333333333334333344444443334
55555544444566555545666643223344444445555555555556876544322234333222222222222222333333332222333343333334333333333322333233333333322222222222223333323333333333333333333333333333334433333333444444434344
55555544467765565555664322223444444445555555555556875454332323335522222222222222223333333333334444444445433233333332233333333343222222222222222332223333333333333333333333333333434433343333444444433444
55556544567875554456664322233444444444555555555556775455433333323533333443344433333344443333333344434455422223333333233333333343222222222222222232223333333333333333333333333333443333343333344344433444
44555444566655555888774322333344444445555555555555675444322223343442358643444444444444444454444444434555422222233333233333333333222222222222222222223333333333333333333333333333443333343333344344433333
44554445555654444665676322333344444444555555555555555433322222343333466433333334445444455665445443333455422222233333333333333333222222222222222222223333333333333333333333333333333333344443334444344433
45555556666677753443587333333344444444455555555555544433223222223444443344444444555555556654344444444445422222222233333333333333332222222222222222223333333333333333333333333333333333343343334444334433
55555555445568875554488433333333344444445554555555544443233332222345543345555555555554466544334444444444322222222233333333333333333222222222222222222333333333333333333333333333333333334333334444333333
65544554444546777545579544333333333344444444445555554443333332222244553335555555554444466543344444433333332134332223333333333333233222222222222222222333333333333333333333333333333333334333344444334334
55544455555544556665458764333333333333333333444555554444333332222244443334444455543433466544444443333332234464322334333333333333233222222222222222222333333333333333333333333333333333333333344444334334
55556545677654446665446864443333355433333333344445555444443222222333333333344444433333465443333333222222223753333443333333332233233222222222222222222223333333333333333333333333333333333334444444434444
44566654566555544554445665543345688755555544444444555544333222222333333223333343323333465433222222222222224632333322333333322333222222222222222222222222333333333333333333333333333333333333333444444444
44444554455545544544334555555555578864455554445444455554333333333332222222222222222223465433222222222222223422233223333333322333322211222222222222222222333333333333333333333333333333334333333344443444
45555544455556665433223555555555554444444554454434445555433333333322112222122222222222355332222222222222344422333223333333332343222111222222222222222222333333333333333333333333333333334433443344343344
55555554444556787654323445555665444444444555554456534555554333333232111111112222222222345322222222222222464322322223333333332343333221112222222222222222333333333333333333333333333333334333444443333334
55444455554455676544443334556554333344433455688755234555555433333232111111112222222222235322222222222222443333322233333333333333333322112222222222222222233333333333333333333333333333333333444443333334
44456666665555666433443333455554333344333458999632124555555543333332111111111222222222224422222222222222334445422333333333333333333332211122222222222222233333333333333333333333333333333333344443333433
44455566666656655443443334555333333334333479999831124455555543333332112111222211222222223422222222222222334555322333333223222343333322221112222222222222233333333333333333333333333333333333344433333433
44554556555555555553333335665223333344445799999521234455555554333332212211222211122222222432222222222222234443232343333222223444443322232112222222222222233333333333333333333333333333333333444443333433
45544444344555665532344444554223322345458689974222234555565554333333211222222111222222222233222222222222234443333444443322223355554332232222222222222222223333333333333333333333333333333333444333333333
54444443334555665433234433332233322333588488532222334555566654333333221222222222222222222222222222222222334433333444443332222355565433333222222222222222222223333333333333333333333333333333344334333333
54455555444456665332223333322333332333696574222222223555555555433333321122222222222222222222222222222222334433333444443322333345556643332222222222222222222223333333333333333333333333333333334433333334
45566654334455655322222233333333333235764322222222123454555555433333322122222222222222222222222222222222334333334444443332333345555555432222222222222222222223332333333333333333333333333333333333333344
45666543345555666433222333322333322246432222222211112333455555533333332122222222222222222222222222222223345333334444443332222345554456543322222222222222222223332233333333333333333333333333333343333443
55566544344555655322222222222222223366322222121111122334555545543333333222222222222222222222222222355433444333334444543332222236544445554332222222222222222222333233333333333333333333333333333333333433
55554443444555554322233333222222344575211111111111123334455445553333333221222222222222222333222222454543333333334445543322222234554323344432222332222222222222233333333333333333333333333333333333333333
55554455555555665554577632222112445565211111111111223333344355554333333221222222222222222333333333332234434553344455543322222233455555555532222332222222222222223333333333333333333333333333333333333333
45544344445555665565566632222211356665211111122222233333334456655444333322122222222333223333333333333333433454444555553322222234334556667763222332232332222222222333333333333333333333333333333333333333
55665444444445666655555433332112367676421112222223333333335555555433333332222222222333333333333333333333333334444555554332222344433455665554323322222232222222222333333333333333333333333333333333333333
76544444544555555544566543332122356666544433323333333333445543555443333333222233333333333333333223443333333333444555554333222344333334444334433222233222333222222333333333333333333333333333333333333344
86434555544433443333344442223321234554456665443333333334555544555443333333222233333444443333321112343333333333344555674323323344322222334444443322233222333222222233333333333333333333333333333333333333
86323454434444554333334432223221134444445665654333333444555554455444433333322333444444433232221111244333333333344556895323333334333334445444445432223332333322222233333333333333333333333333333333333333
76433344333334454333444443333321133433345565555333333343344455444544433333333333444333322222222222233333333332234556774333333334445554556533334553233333333322222233333333333333333333333333343333333333
66543222223444444333444454324552123322344555544333333333334455544443333333333334788643333333334444345433333332233455533333333334333344567754334576333333333222222333333333333333333333333333344433333333
55433332222344444333333455444433222211233444443333333333344444555654444444433356888865444333333443356543333332322455654333333334332245555665345667533333333322222233333333333333333333333333334433333333
54332222111112234433343344433233233322223444333322334444433334456765554444444566778986554333333343455543344433323566653333333334444456654455555556643333333322222233333333333333333333333333344433333333
75322222211121234443443222332222235664222445665422223455433333345544332344444555555555433333233334544444334443357666653333333333434577654568887888754333333322222223333333333333333333333333333333333333
55433222211112234433333323344223444677422455677432222334444455444433344444444445555666543333345444554444434444366665553333333334344457886666666788754333333322222223333333333333333333333333333333333334
44433444211111223323333333344433334577642355555433333344433355544333335664333334565557888642223344544445665544344555554333333234345655678765577887754433333322222223333333333333333333333333333333333334
55544454222222233323333333334455433346775544444333343334443344554433334542123344455665568997522233455555555543444445444333322223246677755655456665666643333222222222333333333333333333333333333333333334
44333343222111122222222233334444433345666544444322334444444334454433335542124444455544333568963233455555688754555444445333322223334445676665555666555554333222222222333333333333333333333333333333333434
34344543222211111122222222223443444445666555555332233334555333344333455542223555555432232234565433455546787755555433344333322222225544445666554565555555443322222222223333333333333333333333333333333333
56778753222221122222234432235666544433345554455444444322355676544332345543222356655544333333334443444446777665566544443333322222224555444688754445545666554332222222223333333333333333333333333333333334
78766543222222223344444444556666544443233344445555544321124567644443333334434567764567777644433444344345777887445543333433322222222455554677655444444555544433322232222233333333333333333333333333333334
77766532222222333333333445555555323443366654445554444434445666444543344443234577776678864333332333334334677766556543223333321222222344445766443333344444444443322222222333333333333333333333333333333333
55667642355421234444333334676555444554357865554565444446764444433333334454223333355555555333334443333444478866555543222333222222222244334666433333444333444553333322222333333333333333333333333333333333
45554444568983113456666777655666655433235676554446665445554555433433333233333333333455555544433344333333457776655444333333322222222345554544322234554333333333333322222333333333333333333333333333333333
55443344556776434566655567666655555543323455544335787533455433322344443333333223333433445555554335543334445667775445433333222122222355577764333345554443344323333322222333333333333333333333333333333333
45443344455555554222466677775445556665432356655554566544455543333344333334443233333333443345544446675445666555555443333333222122222343456775444455532343333333443332222233333333333333333333333333333333
55543334444333232222345666777787655445443236776776654445567754555432455544443455333444444555554445566544566665434553223333221122222334446776455544555433333322333333322223333333333333333333333333333333
55543323333554345555444555678766654333333333356667655455555554445666555543333566444445677775544445665443356654323432233433321122223433335665444444456642333334444433332223333333333333333333333333333333
55444433333333467765677654455666554433456653345556554444444444445655555655434666444445676555555444566543356775323322334543321122223443344555444333345542223333333333333322233333333333333333333333333333
55445544433345788866666544456665444444565433211245554434445544434568888676554555544555666544443444334444346654432333356743322112223333334565444444445433333333333334333332223333333333333333333333333333
44445444444566654444455665556765444567777533442234544333445655567788776665555544445555444444443344433334444444455444445642222212233333234554322233345433333222222223333333222333333333333333333333333333
44345544444357874344567776555554445666654433334433333333356766666777655665555544444454444444444333333333333444445554433453222212223333346776533333344443232222222233443333322233333333333333333333333333
44334445554333334555578888765555433443332222222233333333345555566678865677766555555555555544334433333323444444433455554453222212222344455555554333233443333332321234555433333333333333333333333333333333
33333345665444333334555543344555422222344333222222333333445444445667755555665555556666677776533333222223335664333333444443222222222344434555555433344433322222344456777643333333333333333333333333333333
33333345554333332245544333334444332222344454322222223344443333345665555444555444555554444544433333333222223444333334555553222222222345555555555433444322222222335777543443333333333333333333333333333333
33333444443222233245653332344444432222223334433211111233444333345666422233445544666443356666555543333323223443333344444454222222222344555444456533443222223443334443234544333333333333333333333333333333
22233444444333554322333333344444433222223334554222213333467753344444433444434555555546667787653322222333332223333333334454222222222344445554445654455434556665543334434555433333333333333333333333333333
34555433444358999832232222333444332222222222222222124555655665443345555543322333333345678875322333333233333223343222233333332222322344554568887655554334555433345555666655443333333333333333333333333333
34443344443334567632234444444444222222222222223222235654333466422245765322234455443345677765444443322233344444454432333344333222432334444567777655444457764333345555677766544333333333333333333333333333
33322345554333333323343333334444322322222222246652245542244455433334555543333445566644555555555322222343345554333333333334333222332344444455665555544577643333336876567887655443333333333333333333333333
43455533444433445433332223333322212223332222345432344323445654554443346654222444456655554444543333322222234443233334432345533222333344444444555555545665434444444455444566655554333333333333333333333333
43444212344444444443332212333221222224554322367643444332223456665433335665333335544555444455433323444433344433444455544444333322233344555545555444455544444555655434445555554555543333333333333333333333
45553233334444322233443212333221111123455432467743333332233224554343335555443233344444333445334433333333344433334432222112333332234345554455445554444444444444443223555444555556553333333333333333333333
45666534554333333222333322333321111112344333688732322222333222344677546655443333368864357753233332222233344432223221111111233332223345554455434444444554443333333344443344555555555433333333333333333333
35654368985333321113443222344322111112344333443222221112333322344444556654433333458997588853344444443344444322222212322111123333223345554433333333444554333224445554333345556665566543333333333333333333
55644688753333333333322222333322221124665444321124432223322222344333456655543234666899876667666666544443333322222123455566543333322334443333233344443455544333444666433344454455566654333333333333333333
66678986423443345667642234443332111244432332211123442333321111235533356655543233555689998876544443333333344221222478999865443333332233333233333333333345665433335666555554444444667775433333333333333333
