44444444443333333333333333333444964333444443334444445964444445743444444444444444544469744445555555554455555555545785355545555555555455554544455555555556454355555555555556555555555555555555666777765555
44444443444444434433333334433334954333433333343333434974443334753343344444444334444359744444444444444444444444444785354445555555555555555455545455545555664354454554455555555555555555555555555555655565
33333333333333333333434444334445954444444433343343444974443334763333333333333344433359744333333444434444444444444785344444444444444444444444444445555545765355555445555555555555555555555555555555555555
33333333333333333343334443334335954443334444434333444874443334763333343333333344444459744444443444444444444444444785344444444444444444444444443344444445765244444444444444444444455554554555555555555545
44333334344433333343344443443335964333343443443444444884334444663444444444444444444459854444444444444444444444444784344444444444444444444444444444444445765344444444444444444444444444444444444444444444
44444444444444444343344443433335963334443344443444444784444444663444444444444444444459644444444444444444444444444785354444444444444454444444444444444445765344444444444444444444444444444444444444444444
44444444444444444444444444444335954444434444434444444674444444663444444445444444444459744444444444444444444444445785344444444454444444454444444444444445664344444444444444444444444444444444444444443344
44444444444444444444444444444446954444444444444444333785444444663444444334444444444459744444344444444444444444444785344444444444444444444444444444444445764344444444444444444444444444444444443444444444
44444444444444444444444444444445944444444444444444444695444444673344464222344444444459744443444322344444444444444785344444444444444444444444444444444435765344444444444444443444444444444444444444444444
44444444444444444444444444444546844444444444444444444376444444574344584211344444444459744444443312454444444444444785344444444444444444444444444444444445765344444444444444334444444444444444444444444444
44555554444444444455544544444446954444444454444444444565445444574444684211344444444459844444443223765544444444444785344444444444444444444444444444444445764343444444444333344433344444444433344444444444
65455445555555555445554444444446955544444444444444444585444444574444795211355444544437844544443226867544444444444785344444444444444444444444444444444445753344444444443333344444444444444433334344444444
55555555555554554555554445444446854544444444444444444486444444574444896211355544444458745444443248767644444444444786344444444444444444444444444444444445764344444444444434444444444444444444444444444444
44444444454443343455544455454446954444445455554444454587445544573445897311354444444459844444443367568744455444444785344444444444444444444444444444444445764344444444443344444444444444444444444434444444
33333333444443444334344444444446944444434444444455444586444444574345898521354444444459854444455576569644454444443474344444444444444444344434444344444445865344444443443344444444444444444444344334444455
33333434344444444344433333444446954444333344344444444486454444585345999731355444444459844444455685479644444454444675344555544444444454444444444444444445765344444443444344444444444444444444444444443444
44444444444444444444444444444446854444444443444454444455444445464345899841455444444459844444455874589544544344444785344445454555555455444444444444444445775344444444444444444444444444444444444444433444
44444444444444444444444444444446854444444444444444444466334445464345899951354444554448844334457964799544454344445785344444444454444444444444444444444445865344444334434444344444544444444454444444434444
44444444444444444444444444333336954454544444444444443367433334475345899952355555555537855555469955788445444444444785344455444444444444443444444444444446865344444444344444344444444434434444444444444444
44443333344443344344433333333326953333344444445543333344333333475235899952455555665558855565479846778445554455555675344444445544444444444444444444444443765344444444344444444433444434433344434444444444
33334343444444344334444444444335642223223754444333335554333333475234899952454454455558855565489846778346666666555775355555555555555555555555555544444443665344444444444444444444444444444444334444443334
44444454555544344344444444444444443333334763232333446663343333465335899942444444444458845663489855787255555555455775354555555555555555555555555555555445765344455444554455444445544545455444444444444444
44444444445443444344443444444444334444444544444444555455554444455455799942444444444448854453488744686255554454554675354444444444444444544444444555666656875355555555555555454444444444444444454544444444
44444444434432333334444444444444434344334454443444443444445445445556899942344444444448853343476544785354445454453575354444444444444444434444444444555556865366655555655555555655555554444444444444544554
44444444322433333334444444444444444444444455454433344444444454444467799953344444544447843353476545685343345444444775344444445444454544444444444444444446865345444444554455555555555665554454444444444444
33344444333444443444444444443444554554454455444444444444444544444467799964444445444545654553476655674443444444544775334445455544544444455555444444444445775344444444444444444555555555555556555555554444
33443444444443443344544545444444454455565555455545455555544445444467789974344445544444445654587645686444443444444775334444444445544444455454555554444445775344444444443344543444433444454455555555555555
44444444444444444555554456545555455555555555555545565655555556455468789975443335555555445545587534773444344434434775334343444445544454444444555444445545765345444444444443444443334344344434444444444555
44444454455444455555555566655545555555555454545445555565555555555568899985433334754544555445686534764444444334335664323333334443444444445544444443434545765355444445445544555444445455434433343333444444
44444444454554444554456655555456655555554444355554655565554555555468899985432223433544444345687645854444444334333344324333333433334434433433434444444443764355555445544444445545445554445554554444444444
44455445443444445554456665555545545544544545555545656555555555555469999995432122344445533345687656855555554443433333333343323334443334443445444444434444764344544554545444444445544554444544555544444443
55554455445544445555455556545545555555545555555545665554555555545668999995433211145455433455686558865555443444443333443344434443344444443345444544444445774344444465445444554555444443444444543444445444
55444555445555445555545655455556555556655655554444656765555566555558999996333211135555434455687789755554333444444444443444444444445544444444443445455445775334544454455444454544455434444444444433444444
55555444545555444455555544454555545555555544433445556655445555556656999985333332125555345455689999655454455555445554443444444444444544443444444555444445775234433455444444455444444444544444444643434444
55545445556545444455545545554454455555555544554454455544555544545556999996456654313544355554699996544444444445544444444444455445444444444444434444443445764233334445554554444455444444445554544444444444
45445444555455444445445445555444554554554455655555455555544444445555799997777766556666776665899985544555544444455555445554565555454444444455443444443445654222233344444555434544444445454444334433354443
54444445444444544444445445555544454554544554445555554445544445455555589987666566776666765576899964444554454445555555555555555554455545544444444544444435754322222334443444433443444343355344344333543445
43334344443443444444454345544555554444445554444544554444445444565654588666666666666666555587899844434443444444555455544444455554544556655434355544444434554323223434333333332234433444444443444444444545
54444543344444544444444444555555554544444544444555555544455444444445676566666666655555555568787533434433433444554444554454444444554555555555466654444443433433333433323435444444544444443344443444434444
44344444444444444344444444445565454544444554455555444544544444455567766666566666555555445535656323333432323454445555444444443444555555667544566665654545433443333344344445666654554444444444444433444444
44445445455455444444545544444444454443444554445645444445445544567777677765566666655555444523654223323422213455545555554454444444455545665456666555556555543443333343455567776654444443344444343334444444
44445544555444554444433544454445444444443454445545444444445556656677777666656666666666554322443222213312213455544444444444444444445555554566666565545555544544444455666777776544443444444433233344433444
44434444344444444443334444454445434554443343334445444455554456667777766666566667665555654422332211112312112455545545544445444544456655655556655556655456656544555666677766666543332233333222333334443443
33333333333444444444444444443344444554533344444454444444554447877777766666666666654444444322222211101111011444445555544444445555566565655556655566665445555665667777788876655554332222233333323333544444
33333334444444444444444545544444444444444445454555554444455556887777766666666666665455443222222221111110012555455555555544455456656666555666666666666655567788887778878766554445444333333233333343334343
34443333444444444444454544444444444444544456544654544444444443687777666666665677887455432222211222111100012545555555555544554455556566666667767666767665556678887778876667666543334443322223333343334443
44333333343444445445554445544444434445555566554555544444544312788776566666665677765454432222112232232111112445555555555545576556765555666778877666666666543467788767765644555555432222223333443343334433
33335444433334444544434445434444444443454444444544544444445423877765666555567853321112332221112233332221112354555455555555576766655666566778876666666666554223677766654554222233333334333445544444444334
44344333433444444434434444444444444344444344344444444544444446765656665444446731100101123222111223332322122355555555555445678766555666766778766666666675554334677876555555433332334555434456544444544435
44443333444334434444444334454343444444444444444454455434444477654455555445556631111110122122111222333322122245545555655546888666666667888887766777776665444345555665555555554444444445555556543455444456
44453333443444433444444434334333444344444444454434444444444566554434544455555653311100122122212222223332232235555567755777887766666667777887666777766665443344454544444555555554445545545545555455545555
43433343453444334544444444334334444333434443444444444445444565565433333455654544431110011122111222222233332223565555576787666666677677777776566666666665543324445544444566555555445545444545454565554555
44444444444444334444453344334444444444443434444444445545546765555443333455433324432111122222111222222233332212543345787766666678887666677665566666556555542223444544455555545555555554445455555455443343
34454444344444444344444444443444334443334444343334444455679986445444444444333333332122222222111122222222333212333456776655555677766666666566666665555455642222344445555555544454444444445454454445433433
43444454444444444444444444444433344433444444433344446766898988655443444333332322322112222222111122222222233322335444565555656688766666666676665565555445653322344455555545544445544444445554454444444443
44444444444444444445444444444434444444444434444444467679976988643333334333322322222112212222111212222222223333334433344555556678766665666666655665544445554322234555445444445444544434444444444344344444
33334323444544334444444444444444444444444444444444566699988988553333333322222222222112211221111112222222222333333333223455555556655666666566655555444444555422235554444333334444344344444433333343344434
33334334544444434444433444434444444344444434544545557999988898653332232222222223332112222221111111222222222233333333321245556665555666666555555555444554456532224444453334333334344443344444433443444443
33343333433344444444434444435445544443444444555454458999988788643432222221112233321112222221211111122222222223333333331124567765445677665555555555555554456642223444444444443333444443343444445444543443
33443444534445444444444444334433444444443434445444467998887667743332222211111233211112222221211111122222222222333333332113466664345667765555555555554444447742222444444433444433444444444444445445433343
33444454334445444344434433334333444444433434434445545666665435743333222211111332111111222121211111122222222222333333333212344454345566655555555555555544435543222344443434444433443444444444444444443344
44444444333444445443454443444334444443344444434446344554432111453232222221111221111111111121111111112222222222233333333321134454335555554454445444444444434653222444444444444444443444444444444333344434
33333333344445445455543344433333344333444444433454233433210000054233221242111111111111111221111111112222222222223333333321123444334445554444545554544444434653222454444444444444433454444434434344444444
34445433333444334445434333333333334333345454333453233333100000054233212564111111111111122221111111111222222222223332333322123334323444555554545554455444443553222444444444444444444454455444334444443333
34433334433444445444344334334444444433344454344443323332100001243233212344211111111111222221111111111122222222223332223322113333323344444445554545555444443443222444443444444444334444444444344444433443
33433344333444444433334333433434333334454434333343333322211113442233211243211111222222232221111111111222222222223222222222212333332334444444555555555544433343223444544443345434434445443444343343433443
44444443433333333333343333344433443434444334433444333332222233332233211143121112222332332211211111112222222222223222222222211233322233444444455555554444433333223444444344345333334445434434333443433333
44333444333333333333433333334344433444343334333444333322223332222222211132211122223322232111211111112222222222222222222222211232222223334434455455544333333323223444433334443334434434433334434444433333
44333333333333233323544434343444433333333333333334433322222211222222221121111222222221221111111111111111122222222222222222221232222222333444455444433322223322223444334444444444444444443344444444343334
44344433333333443333454433333343443343334434433444433332321112222222221122111211111111121112211111111121122222222222222222222123222222233344555444434322222222223434444344454444334343443433444444443345
53333434333344344333534333343444444453345444345444533333322122222222321111111211111111111012111111111111122222222222222222222123222222222334454555433322222222223444444444444444344434344444434454434444
44332333333344444344433433433444444543344334345334533333211122222222321111111110111111112111111111111112222222222222222222222212222222222233444334443222222222223444444444444444444434344435534565445554
44444433443344533445444433544543444443343333334334654333111112222222321111111100111111112121111111111112222222222222222222222212322222222223343443333222222222224444433564444443444444343444533443445654
44334433343344444454444433435543434544343333454434776454211111111112321111111100111111111121111111111112222222222222222222222222322222222222333333322222222222223444333444335543444444343444423444344543
44343334454444444444433433345444445544334444344444568764211110000001331121111111111111121211111111111111222222222222222222222222332222222222233332222222222222224333224342223334434434433444434334333433
43344445654444434343434333334444444454434554445434335543321100000001321111111011111111122211111111111111212222222222222222222222232222222222222332222222222222223333323333343344335434643343444334433333
34333445555543334334433444445334444444455444433444444444420000000001331111111001111111221111111111111112212222222222222222222222222222222222222222222222222222223333333443343333234433533333434433334334
33323334444443334543443443454454445544445554434445444454321000000011321111111111111111221111111111111112221122222222222222222222222222222222222222222222222222233333344343344444333223433334445433333322
22334344443444433332454333344443443454444566444344444543441000000002321211111111111122212211111111111111221112222222222222222222222222222222222222222222222222344443454333345324454433433443344333333333
13333333343444434443554444433443433444444446544444543433210000011102321211111111112221112111111111111111112222222222222222222222222222222222222222222222222222344435553443444434444444333433333333333343
11332233333444444444444333343444533344443344544544444543111101111102211211111122233211111111111111111111112222222222222222222222222222211222222222222222222222344444433434443244443343323433334333332342
21232333334435544443334334344344544554444445544455554452233232110012211211111444432111111111111111111111111222222222222222222222222222222222222222222222222222343443434433443454344334323333232333333333
22233343344334444444444434333444443554455555544444543344445532111112211211221113211111111111111111111111111122222222222222222222222211222221222222222222222222344333333343333433333333332223333343233232
32432245333343433444433334443444433444544554445555543333444321111112111112211111111243111111111111111111211122222222222222222222222211111121112222222222222222344334334343333333433333333333343333242232
33443332112334334444444445544444343343544565444455454322332111111222111111221111233444211111111111111111111112222222222222222222222111111111111222222222222222344434434443333233333334333334433433333333
23345321122344445444433454544443443344454555433454553442111111111221111123432234334434411111111111111111111111222222222222222222222111111111111222222222222222344434544344333333444344333334444333333333
34444133333343434445333444334334443444556555434445544554211111111210112454333333344445541111111111111111111111222222222222222222222111111111111122222223222222344434433345534334443443333434443333233333
33443333234333333444555444444343344455656445434345455444321111113333233444343344443354453111111111111111111111222222222222222222222111111111111122222232222222343344323344433333323444443533543333332333
44444444222233233334546544444444344443444434434444355444432111233344344433343343442344444311111111111111111111222222222222222222222111111111112222222322222222443444334333344343434445543444433333322333
33434344332333333333456444455555543434444433323444344356534322343334345444454433443444443431111111111111111111222222222222222222222111111111122222223322222222444454444333344444433334543444434323233432
23333344434333333444454445554355544443334433444444433455333333334224344443443332444543343452111111111111111111222222222222222222222111111111122222233222222222334455555333444434443334433344444433422333
33433433333333434455435344443445555433334344444554544455444343344233354354333334443434443465211111111111111111222222222222222222222111111111222223332222222222334444544444444444433433443444344444333334
55434454333333354355444444445433533544343345333344333455343344344334344355434334454445334477521111111111111122222222222222222222222111111111222233332222232222444444444333333443333433444434344443333334
44544444432332343544434434455334433333343434454343333335343344434433344344444444444444444477742111111111111122222222222222222222222221111222222333333222222223444444454333443433234433333333444333333343
44344455433333444434443433433324543323334443454343444434443444444443443344444434443343455477775321111121111112222222222222222222222222222222233333333222222233343344444344444334334444443344423333343444
34333444333433444333654433344434434333344443354444444454433443443343443334344444343444444467776521111121111111122222222222222222222222222233333332222222222232443343444343333443333343443443324333444333
44444433444444443343544334445434332333444533454444445555434433433333444344455544434334444367776642111111111111122222222222222222222222223333333222222222222222444444433333234544434443433443234543444343
44444444434443344434544343445433233444444454544434333344554344433443443344444433333344334357777664211111111111122222222222222222222222333333332222222222222223434444434443344555444444544344454444443443
44334435433343333333444433345533344554554553433333334344554444333343344443344444333344334446767667421111211111112222222222222222222333333334422222222222222223444444544544444445443344444334443344323454
34434444433444333343343344444444455455445544433344444344545443334444433444444433443344443435666656632222222211111222222222222222222333333344452222222222222223443444453444554454433344444444344443333453
44533433334433333334333333444434565655554554543333423333433343445544344444544443444554444445566655652122222221112222222222222222222333333443455222222222222223444444444443454343343444444333345444444433
33233333333335433444343333444444444444433443342223322333334443544444334454444433443444444444457765665312222222112222222222222222222333344444447522222222222233344444444344444343343333343333334544433344
33333333344445434443333333334344334444323453353213212344444333333334344355444534443443445433446776666422222222222222222222222222122334443444446753222232222233333334333333433444233333433333423344322433
44343334443456643333343244334333444544433444333222233334344434443444444544443443433444446443445676655422222232222222222222222221111344444433334664322232222233234344333333333344333334443334333344444433
44443345443334653333343344334344444444334444433333443433444444443344444553443444543455556565444567776542222233222222222222222211111245544445533676652232222233233444333343333443333433333333333334444444
43343333334445655434443453444344455544445434444434443344543343342354344444334444544444434456433448998886432233333222222222222211111345445447634577874232222333233443434434443443333333233333333344444343
43334443333344454543444453444445454444345444544434555444444344543333444444443364455344444443334446999999754333333333222222222211111344344435544477764333223332223333444444344433433233333333222333444443
33345543434444454443344465433544444454345445544444344454443345444434544444443544445454444443344345899999875445533333322222222211111333344433333477764333333332233344344434333333324332332232232344333444
44444443334544444434345554343454343455433444544444344455433454344545544334344555554445444544443344699998865447854333322233222221111453333244233366663333333333243343434333332343433332321112211232333444
44444333344555445445344544333443344434334454434443334446443334445655555444454543434454443444454544588887754435765443333333322222222333333233333466653333333333233334543443323323333232331243222321233354
44345444444444444445345433343444434443334455444444443335443334444454454433443324445444555443345544578665544333444444333333322222222333333333344366543333322333234443443444344433344433333353222212332444
44444444444455555432344433343345554444444343345454653334444444555554444554544435445444655433345544479844433333334444444333322222222343433333333366533333322223343443433444444444434333333333323233444344
