88888888888888888888999985433222222222223455555556553212334554334566555445566667677766665555665666655566555567666654666665556655555555655666665676666666556666565456555444446655555776656676565566666666
88888888889999888888999975433222222222223455555455553212234554334466545545667777777667666566665556656656555566665655765565666666655544555655666676666666666666556565445553334555655665566665566556666666
88888888889988888889999865433222222222234555555544553111233553333355555556766666665566555676665665667656655565666666765556666666665445444554567666677666665666666666566655455556666666666555556556665566
88888888889887788889999864333222222212234544455545542111223443234355555556665555446566556677666776676666555556666577656656666656553346544555676666677676666666667667776666666656666666555555456556665566
99998888888876688999999754332222222222356665655544431111123443244456555556555555556766446667556767766676556676666666666645566556522234445533566666666666766665567666666666765566666665544564565555555665
99887888777766789999999743322222222212455555554444421111123432244455555445545444566665455555555577766676566566555666776666565567643323323534444556656656666656656665666666665667655665555654554566655565
99887777776666789999998643332222222223455555543344311111123332233455444456555444667666565444466677776656666555555666666555665666565445544222223345665546666555666666666666566666766666666665665666665665
88777777777777679999898643332222221123444556532222111111123332233444444355565344556666555566666666555545665555666655566667666666666666664332343555655555555665666656766655445566656677776566666665566655
87767777667766568888888642233222211123444455311111111111123321233434454455554333446765566677766766655565655565656643445777666766656667765655565776665555556766555545555555544556666666766565667666656666
77766666667666556788777642233222211234444442111111111111122221223444443455554333445655566566666666666666666656665554455567666655565556656777666665666777655645555654545444456666556546666667667666666666
77666666677775445677766543233222211234543221111111111111112211223443433446553222334555555566677876566655566666666555665566766665555566555676666667776667765655556665556755567777767666565567766556666666
77666666678764445677766653233222222234421111111111111111112211223433433445543222334555456656656766666555556666667667766667655456666676656576666666666666555555666666667755666666776666655667666666565666
66666655677654334677766543223222222344211111111111111111112111223333323446642112233444455556556666666556666556667767766666555556765655556655556666655665555566677677666666666666676455665666655667666566
66665555666653334666665442223222222331111111111111122211111111223223323345542222223454445566666666666666766555555566666666555656655555566665555566545556666666666677666556666666665555666655665566666665
77665556666653334566554432223222222211122222111111222221111111122223222344431222224554555566656666777667666776665667656766666555556665555555556666655555666666665566666676666666666666667765565555556766
77665666666543334565544432233222222111122222211222222211111111112222122333321211223554455566656767886667667877765666676565445555576545555556555666666555676776666556566666567655555666666676656655566666
65555566665443334444444332222222222211122222222222222221111111111121112233311211123444455555676788877767666776654666664556434455776566656566545656555666656655666555566656555555555566667766666665566667
55444445554443333333333322222222222211122222222322222222222111111111112222211111123443444555677788865676677765676667545356334356756667766666666556655556666754566656555666655555665566667766667766567777
54433344444333223333333222222222222111222223333322322222222211111111111111111111123433344455678888765676677764554656544454554653546676766667665556655555565665655655445655545555666567777666778776666766
54433333433332223332222222222222221111222223333333333333332222111111111111001111123322334455678888766666776663345656435656754533445676666666666566665555666777655644455556665655555556666667787776667766
33333333333332223322222222222222221111222223333333333333333222211211111111011111122322333456667777666655555664457653344445644532553346566565567655666556665566654556656445676655665666667677777766777776
33333333333332222222222222222222211111222223333333333333333332222222211111111101123322333456656676666656544565544674576544466543564433556554456655666556555554455566565565666666666766777776677767777766
23323333333322222222222212222221111111222223333333333333333333333333211111111101123222223555555667676666655555655667777644356575663542466554557765556666566565566665554566666666676777777767777777777766
22222333333322222222222112222221111111222223333333333333333333333333211111111001122222224555445667777555444577656676776644455464563532345565677765556666566776666666565666666777787767777777777777667777
22222333333322222111221112222111111111222223333333333333333333333333222222111011122111234554345666767665666677765566877655555566654433345466677666667666666666655666566666666777877667787777777776666777
22222233333322222211121112222111111111222223333333333333333333333333332332111111121111234543356667766666666677776667757865456666664455446676677666666665565655555666666666777776666778877778877777677778
22222223333322222211111122211111111111222222333333333333333333343333333332211111221111234433455567666665567777866776768876566654654555455456666666556554555555666666677777777766677788777788877777777778
22222223333322222211111122112221111112222232233333333333333333344333334432222222221122343333444566666666677777888887667763676666767656565567766576567655554456666667888777788877887777777888888888888888
22222223332222222222121211234432222222222222233333333333333333344433334332222211122222333223334555667666687678776778765564466657668756556566687676566566655677777778888778889888877777777777888888888899
22222222333322222222222112454332222222222222233333333333333333334433344333332212223223333223333445566666666657866767656666766566678877556677788787666666666788888888888888988777777777777777888888999999
22222222333332222222222234443322222222222222333333333333333333334333343333332222332223333222233345666655664566866667657665576677568876555788888777766677777788888998888888877777788777788777788888999999
22222222333332222222222234333333322222222222333333333333333333334333344333332223432333333222222345666667665565656667778766676677668766666677887777777778877889999988888888777777888778888777788889999999
22222222333332222222222344222233333222222222233333333333333333333333334433333334333333333222122345665667666655555677887876775676768876776778888888777888878899998888888877766778888888888888888899999999
22222222333333222222212333222233333222222222233333333333333333333333334433333444333443332222122345556666656676676776687777887776657875678888887776678899889999887788887777767788888888999988889999999999
22222222233332222222112332222233333222222222233333333333333333333333333443334444334443332222122344566666667766667886677766687676667877888877776666789999899998877788777777878888888999999999889999999999
22222222222222222222112222222223333222222222333333333333333333333333333344334444444443332211223344566666566666667787877777787877788888876678887788999999999998877777887888888888888999999999999999999988
22222222222222222222122222222222322222222222333333333333333333333333333334334444444443322222223335554566666677777777777888778888888778755799999999999999999988777778888888887788889999999999999999998888
22222222222222222221122222222222222222222222333333333333333333333333333334433344444443332222233344433456677777776666666666666677777888668999998999999988888888777788887888887888889999999999999999888888
33333222222222222221122222222222332222222223333333333333333333333333333333333334444443333322233343223356677766654554554444444567889997789999888888888888888888778888888888888888899999999999999988888888
33333222222222222212222222222223332222222222333333333333333333333333333333333344444444433333322332222235555544444444434344455789999988899888888888888888788888888989998888888888999999999999999878888899
33322222222222222222222232222223322222222222233333333333333333333333333333333344444444433333333322222233433333334444455556778999999998888887778888888877889998899999988788899889999999999999988888888888
22222222222222222222222222222222222222222222233333333333333333333333333333333444444444443333333333322233333333444455666678988999888888887777777777777778899999999999877788888889999999999999888888888889
22222222222222222222222222332222222222222222222333333333333333333333333333334444444444444444333333333333344444444555566789988888888777777777777777777778999999999998878888888888999998888998888888888999
22222222222222222332222222222222222222222222222333333333333333333333333333333334444444444444444444444344444454444455556788877788777777878887777777777788988888888888778888888888898888888888889988888888
22222222222222222332222222222222222222222222222333333333333333333333333333333334444444444444444444444444444554444445556667777777777777888777777777888899998888887777788888898888888888888889998888888888
22222222222222222222222122222222222222222222222223323322223333333333333333333344444344444444444444444444445554444444455666666777777777777777777788889999999888888888888888899998888888888888888888888888
22222222222222222222222112222222222222222222222222222322223333333333333333333333433444444444444444444444445544444433344555567766677777777777777888999999998888888888888888899999888888888888888888788887
22222222222222222222222212222222222222222222222222222333223333333333333333333333333333343444444444444444444444444433333444566666777777777788777788899999887778888888888888899999888888888888887778888877
22222222222222222222222212222222222222222222222222222223333333333333333333333333333333334444444444444444444444444433222344566666777777777777777777789988877778888888888889999988888888888887877788888777
22222222222222222222222222222222222222222222222222222223333333333333333333333333333333334444444444444444444444444433222234555667787777778877776666778887767778888888888889999888888888888888777788877777
22222223323332222222222222222112222222222222222222222223233333333333333333333333333333334444444444444444444444444333222233445667777777888887777777777776666788888889999988888888888888887888777787777777
22222332222222222222222222222111122222222222222222222222333333333333333333333333333333334444444444444444444444444433322223445567777778899987777777777776677888999999999988888888888888888887777777777776
22223322111222222222222222222111122222222222222222222222223333333333333333333333333333344434444444444444444444444443321223345566777788999987777777777777788999999999998888888888888888777778777777777766
22222222211222222222222222221111112222222222222222222222222333333333333333333333333333343334444444444444444444444443322222344556677888999987777766667788899999999999898888888778888887778888777777777776
22222222221122222222222222221111111122222222222222222222222333333333333333333333333333343334444444444444444444444443322222334456677888899887766666667788999999999999888877777777888888778877677777777776
22332222222112222222222222221111111112222222222222222222222233233333333333333333333333333333334444444444444444444443332222334455667777888877665556677888999999999998888777777777788877777777777777777777
33332222222112222222222222221111111112222222222222222222222222233333333333333333333333333333434444444444444444444443332222234445555566777776654556777888999999999998887777777777777777777777777667777777
23332212222222222222222222221111111112222222222222222222222222233333333333333333333333333333344444444434444444444443332222233344455556667766544566778888888999999888887777777777777777777777777777777777
33332212222222222222222222211111111111222222222222222222222222333333333333333333333333333333344443333334444444444444333222223344444455566665444567788888888888888887777777777777777777777777777777777777
33332221222222222222222222211111111111222222222222222222222222233333333333333333333333333433344443333333444444444444333222223344444445555555444567788888888888887777777777776777777777777777777767667677
33322211122222222222222222221111111111122222222222222222222222333333333333333333333333333334333433333333334444444444333222223344444444455544444567777777777777777777677777766677777777777776666666666766
22222111122222222222222222211111111111122222222222222222222222233333333333333333333333333333333333333333333444444443333222223344444444444444444566777777777777777776677777666676666677777776666666666666
22221112222222222222222222211111111111122222222222222222222222222333333333333333333333333333333333333333333334444443333222233444444444444444444556667777777777777666666666666777777777777777666666666666
21112223322222222222222233222111111111122222222222222222222222222233333333333333333333333333333333333333333333343333333222233444444444444444444455666666667777777766666677667777777777777776666766666666
11112333322222322222234443322111111111122222222222222222222222222223333333333333333333333333333333333333333333333333333322233344444444444444444455566666666777777766667777677777777777777666677766666666
11122233222222322223455443322111111111111222222222222222222222222222333333333333333333333333333333333333333333333333333222233344444444444444434444555556666666666666666777777777777777776666777667777666
11122222222222222235544322222211111111111222222222222222222222222222333333333333333333333333333333333333333333333333333222233344444444444433433444445555566666666666666777777777777777766666777776666666
11122222222333323445432222222211111111111122222222222222222222222222333333333333333333333333333333333333333333333333333222233344444444443333333344444555555556666655566677788777777777666677777777666666
11223222222333223333322222222111111111111222222222222222222222222222333333333333333333333333333333333333333333333333333222223334444443334333333334444445555555555555566677877777777776667777777777766666
11222222222332222222222222222211111111111222222222222222222222222222233333333333333333333333333333333333333333333333333322223333333333333333333333344444554555555555666777777777777666777777777777766666
11222222233333222222222222222211111111111122222222222222222222222222233333333333333333333333333333333333333333333333333322223333333333333333333333333444444455555556666776777777777667788877777777766666
11222222233333222222222322222221111111111122222222222222222222222222223333333333333333333333333333333333333333333333333322223333333333333333333333333444444455555556666666777887777777788877767776666566
11222222333333222222333332222222111111111112222222222222222222222222233333333333333333333333333333333333333333333333333322223333333333333333333333333333444444555555666666778877777777788777766666665566
11222223333333222222222222222222211111111112222222222222222222222222233333333333333333333333333333333333333333333333333322223333333333333333333333333333344444455555566666777777777777777777666666555566
12222233333333222222222222222222211211111112222222222222222222222222333333333333333333333333333333333333333333333333333322223333333333333333333333333333344444455555556666777777777777777766666555555566
22222333333333222222222211222211222211111112222222222222222222222222333333333333333333333333333333333333333333333333333322223333333333333333333333333333333334444555555666777666676777776666665555555555
22223333343333222222222112222221222222111122222222222222222222222223333333333333333333333333333333333333333333333333333322223333333333333333333333333333333333444445555566666666666777666666655554445555
22233334444333222222221112222221122222111122222222222222222222222223333333333333333333333333333333333333333333333333333332223333333333333333333333333333333333334444455566666666666777665555555544444444
22333344444443322222222222222221222222121122222222222222222222222223333333333333333333333333333333333333333333333333333332223333333333333333333333333333333333333344445556666666666666665555555444333444
23333444544443322222222222222221222222222222222222222222222222222222333333333333333333333333333333333333333333333333333332223333333333333333333333333333333333333334444555566666666666665555555443333333
33333445555553322222222222222222222222222222222222222222222222222222222333333333333333333333333333333333333333333333333333333333333333333333333333333333333333333333444445555666666666665555555444333333
33334444444554433222222222222111222222222222222222222222222222222222222333333333333333333333333333333333333333333333333333223333333333333333333333333333333333333333334444445556666666665555444444333334
33334445555554444322222222221112222222212222222222222222222222222222222233333333333333333333333333333333333333333333333333223333333333333333333333333333333333333333333444444555666666665554444433333333
33344455556544554433222222222222112222222222222222222222222222222222222233333333333333333333333333333333333333333333333333333333333433333333333333333333333333333333333443444445555556665544443333333333
23343444455555554443222222222222222222221111122222222222222222222222222223333333333333333333333333333333333333333333333333333333334443333333333333333333333333333333333333344444444455555554443333333333
22334555455555444444432222222222222222111111122222222222222222222222222223333333333333333333333333333333333333333333333333333333334443333333333333333333333333333333333333333333444444445544433333333333
23344555555555444455433222222222222222111111122222222222222222222222222222333333333333333333333333333333333333333333333333333333334433333333333333333333333333333333333333333333333433444444333333333333
23444444565554555555443322222222222222111111122222222222222222222222222222222333333333333333333333333333333333333333333333333333334433333333333333333333333333333333333333333333333333334434333333333333
34444443455555555555543333222111221111111111212222222222222222222222222222222222333333333333333333333333333333333333333333333333333333333333333333333333333333333333333333333333333333333333333333333333
44555444555555445554543333222221221111111111222222222222222222222222222222222222233333333333333333333333333333333333333333333333333333333333333333333333333333333333333333333333333333333333333333333333
45555555555666444554433222222222221111111222222222222222222222222222222222222233333333333333333333333333333333333333333333333333333333333333333333333333333333333333333333333333333333333333333333333333
55555556665556555555432222222222221111111222222222222222222222222222222222222233233333333333333333333333333333333333333333333333333333333333333333333333333333333333333333333333333333333333333333333333
55555655555554555555433222222222221221111222112222222222222222222222222222222233233333333333333333333333333333333333333333333333333333333333333333333333333333333333333333333333333333333333333333333333
44455565455554555544443322112222221221112221122222222222222222222222222232222222233333333333333333333333333333333333333333333333333333333333333333333332333333333333333333333333333333333333333333333333
44555545446655445665554321111222222221112222122222222222222222222222222222222223333333333333333333333333333333333333333333333333333333333333333333333322233333333333333333333333333333333333333333333333
34455555555545434555444322111222222222222222122122222222222222222222222222222233333333333333333333333333333333333333333333333333333333333333333333322222223333333333333333333333333333333333333333333333
44545556655555544543444322212222222222222222122222222222222222222222222222222233333333333333333333333333333333333333333333333333333333333333333332222222233333333333333333333333333333333333333333333333
55566655555566555554454322222223333222222222122222222222222222222222222222222333333333333333333333333333333333333333333333333333333333333333333332222222333233333333333233333333333333333333333333333333
55567655455555555554454321222233333322222222222222222222222222222222222222222223233333333333333333333333333333333333333333333333333333333333222222222222333333333333333333333333223333333333333333322333
55566665445555556666554221222233333332222222222222222222222222222222222222222222233333333333333333333333333333333333333333233333333333333332222222222222333333333333333333333333323333333333333332222333
55555565334555566656543222222333444333322222222222222222222222222222222222222222333333333333333333333333333333333333333333233333333333333322222222222223333333333333333333333333333333333333322222222333
44455556555555445544543222223333445554332222222222222222222222222222222222222233333333333333333333333333333333333333333333333333333333333322222222222222233333332333333333333333332223333333333333222233
44555555555443344544454321223333345554432222222222222222222222222222222222222233333333333333333333333333333333333333333333333333333333333322222222222222222222222222322333333333322222333333333333222323
44334566544344344454444321223333344554333222222222222222222222222222222222222322333333333333333333333333333333333333333333333333333333333222222222222222222222222222222333233333322222333333333322333233
44435556654334444344443322223333344454333322222222222222222222222222222222222232333333333333333333333333333333333333333333333333333333333222222222222222222222222222223333223333333222233333223333333333
45544566653454334566543222223333333445443332222222222222222222222222222222222233333333333333333333333333333333333333333333333333333333333222222222222222222222222222223322223333333222222233222333333333
66555555554345544465433222223333333345554433322222222222222222222222222222222322333333333333333333333333333333333333333333333333333333333222222222222222222222222222222222222333332222233333333333333333
55555555444444665554443322223333333445554444433222222222222222222222222222222333333333333333333333333333333333333333333333333333333333333222222222222222222222222222222222222333333222233333333333333344
43455555544444455554444333333333344555655554443322222222222222222222222222222333333333333333333333333333333333333333333333333333333333333222222222222222222222222222222333223333333322333333333333333445
44455544444444445544444333344333334566666555443332222222222222222222222222222333333333333333333333333333333333333333333333333333333333333222222222222222222222222222223333333333333333333333333333334455
55443444444444444565544433443323333455555544554443222222222222222222222222222333333333333333333333333333333333333333333332233333333333333322222222222222222222222222223333333333333333333333333333344445
44433344444444444466544433344333334445556555665443322222222222222222222222233333333333333333333333333333333333333333333322233333333333333332222222222222222222222222223333333333333333333333333333444444
