22223222222222232222222222222222223332333333333333332232223333333333443234333443434332333343333333333333333233489954555555555555557754443333345543333344443333333333332222332222223333333333322233343333
22222222222222332222222222233222223333333334433333332232222333333333333234434344433332333443344333333333333333489954555555555445556764332222335543333444443333333333332222322222222233333333333333333333
22222222222222333223333333333232222333333333323333332222222233333333333333444433433332233443333333333333333333489954555555555444556754432222234544335544443334433333333222222222222223333332223333333333
22222211122222322333322233333333222333333322222333322222222222233333333333333432333333233444333333333333333433699855555555555455545666421111123555566554433444433333223332322223322223333332235522333332
22222222222222222333322233333333322233323322322223322222232222233323332223333433223333234344333334433323333443799855555555554455445675211111112456776544334455433333323322233223432233333333246532233333
22222222332222222222222233332333322233323322232223222222222222233322222223344443323354434355433334433223333345899855555555444455544565321111114688776543444555433333333222223322333222333332345444333334
23222222222222222222222233222223333233333223233222222222222222333332222333333333222344344335544444433333333346999855555554444454543454322110257887766544455555433333333222223333222222333322355333332333
33322222222222222222222333222223323223333222222222222221222222233222233322333333322334333324445444333334443345999855555554444454443343321113678888886434444444333433222222222333223333233333564222222223
23322222222222122222332333222233333223222222223322222222222222222222223323333333333334333333455333333444432346999855555544444444443334311136888887763343344333334333222222222233222223333334663222322222
23433322222222222222222233222222223223222222212332212222223322322322222323333333333333334433345433333454444699999855555544444444433234222577777776533333333333333333322222222233332223333223653223432222
33433322222222222212222233222222222333223322343333322221122321222221222333322333333322345444335422333346899999999865555444444444443234567888775554334323334433332222332332233222233333333223334334543223
33332233322222222222222233222222222243223332354332222232223332232221222333323333333322335433335423334579999999999865555444444444432227899886544443344334344333333333343333333223233333333333333445643322
33332333432222222222222223232222232253333333354332443234322463223442223323333334432233343322334323568999999999999865455444444444321126886542344322444333333333333333444433332234333223344334333435633233
33332333233222222222222222222222222243333322344322454223212443223652233332322233432343333322233446999999999999999864555544444443311113653212222223443333333333333333444333333333333333333334323335533566
23333333332222222222222212333222222343332222344421332222212332222652233325522222323443333332335899999999999999999964555544444433211001332222112233332232233333333344433333443333334433333223333333456654
22333332222222322211122212342234222343332332234322433223332442223453222224642222223442212334789999999999999899999864555554444333211101332222122223222223333333333343333333333334433322322233222346665322
22223322222222232211122223432343222233322332223333433323333332224553222223332222222332222468999999999999999999999855555454443332111101433221222222222223333233333444433333333444433322322223224676433322
22222322223322122221222223434433222233322332223332434434433222224444222222333222222332246899999999999999899999999854544454443322111102543222222222122223322223333334433233333444344322322232246643333333
22222222223322112232222323453224223233223322222332336545443322222333332222222222332344699999999999999998899989999854444444443332110101344323222222122222222223333333433333334444444333322234454333322322
21222221223322222333333224532224223333223322222332246643333332222333344211232333444688999999999999999999999888999963455544443332111101454333222221122222222223333323343333334444444433332345423454322333
22123222223322222223322345212224212133323332333333334433652332222334433321243344568999999999999999999889998678999974455544443332111101454333333211111112222223333333334333444434444433433332212332222333
22212333334444433233223553222224311134333343332333333332563234323444432233356578999999889999999999998799995567999974455554433332111112344333333111111122222223333333334333443333445535543222123233222333
23211233334423334442125732222223411134323453222333332332363234323444444334478999999988868999999999999998984457999984355544433332111112333333332111111222222222333333333434433333445546522232222222211233
22322223234312333552125422333324422124334333343232233332266333333333443255799999999976667999998889999999853368998974355444333321111123333333321111112222222222333333443444333333455567422232221222222233
22233222344423443542234322333334431225642454465322223432266333345564444368999998999976668999986677799887643478986973355444333211111123333333311111111222222222233334444433332233455567532232211222311122
54222112234434434652234322222245531245322354663333234322355455687655678899999999999986658789965566687665543468966852354443332211111233333334211112222222222222223344444322222234445677532322112222221122
85422233233555424554345432222366522555322354453433333333345578878889999999999999999985665466654455565555443556767743454443332221112334333333112223333333333222223333332222222234445787423332222432222211
54443453343454535344245332222544535534322354233432344444678996689999999999999999999985653444554445555444433455666544444433333222222334333322222332222233332221222233321122222333346776333333232222322221
55554433223554445333355332225643554235532245323435543469999978999999999999999999999997543344444444544444433445555544444333333222223333333222223332111222222111122222221122222333356665433332233222332222
54333332223655444334355332226743542225676544333445555699999779999987899899999889999996443334334444444444433444444433443333333323333333333222222332221122222111112221111112222333455554433332333312322223
55322332465666554445566532246666544434566644356764469999999579999976888899997579889896333333333444444444334344344433333333333333333333332222222332232111121111111111111111122223445544334322333322322222
54433333565565566665566543345556434435555655456667899998997479999886899999997867777765333333334444444444444344334333333333333333333333322222222333332111111211111111112111122223444443334333433322333332
53322234885454567755455333334556533345555445455589999998995489999999999999999966666865433333334444444444334433333323333333333333333332222222222333332211222321111111221111123323333333334334434322332223
42233332576456667754565343467656643565554444568999999987895499999999999999998966665765433333334444444444334433333323333332332333333323322222223333333211123211111112211111122222223333334446545322332233
42222443456666567865454344556744444675455544589999999977895599999999999999999865555555433333444444444444334433333223333322222233333222222222233333333332232222111221111111122222223323334456455322323433
53246545666665678764443255554776434665343455899999999975786489999999999999998865543455433333444444444443334443333223333322222223332222222222233333333333332332122221111111112111223323334555564323213444
33699766655667887654454455554586455554334447999999999985787479999999999999987776542235433333334444444444444443333223333222222233222222222222233333334334333332233221221111111112224322234565654444323445
58999998544667755654455334555555445655557679999999999985577479999988888998876666642123433333334444444444444443333323332222222222222222222222333333343444444333443222221111111111223322234566644555434565
99868977633555544654556644445555444555678799999999889985567469888877778866765545533322233333444444444444444443333333322222222222222222222223333334444444444444432222221111111111222232234555546666435664
75522676543565554455655754423345556755689999999986789975557469876666667655664544444544444444444444444444444443333333222222222222222222222333333334334444444454433333221111111111222222245545447666456564
64322355564567764334676885443335455556766778999866799985547468755545566555654544444445554444444444444444444444443333322221222222222222223334333334334444444554434433322111111111122212345444356666555554
65555554566656654323545774453225555446543335998656799975556557654445555555445545443445544444444444444444444444443333222124688853222232223334433433334433444554455444422211111111111123344334455556654554
55555555567666544433534664367534455655531226965555799875455546553444454565444444443444444444454444444444444445443332222476468995322322333334444444333334344455555554333311111111111233333233344455554446
54455566776665454343543433336654335666531128745566777775455435543334555666644444453444324444444444444444444446543322236775345674333333344344444443333333344455555554444322121111111223322223333444344455
43345555665655675344445333346645458865631239544567766676445434543344667767765544443444333444444444444444344344443322268543334555653333343344444333333333344444455554444433332110111122221222223333333444
54345544566655434533354344554544578754663267444566666666444433443334667766655433333333343444444444444444443333333332575334333468984433343444444333333333444444455555555444433211111111111222222222333344
55445445764454443443478763344444578423798684344455566666444533333334676544444333333333344333344444444444443333333334543444433358983333333444443333333333444444445555555454444211111111111221122222222334
55556546655543344333567654333444356323898963444445566666447843333334665433333333333333444323344444444443333333333335433344433335983333333444443343333334444444444555555555544212211111111211122222222233
44344455456555444543453334444555556544899643344445566666679843333333543333333333333334444334444444444333333333333344333344433334873334334444443443333334444444444445555555543222211111111211121122222233
33334566566565534455554446654555566645886333444555666666789633222323433323333333333333444444443444333333333333333344333333333345633343344444443443333344334344444444455555543233232111111111121121222322
43345656555444322345546776433444444446842234444455566666898643222232332223323333333333334444443333333333333333333334333333333344333343444444444443334443343334444444455555543444432111111111111121212222
56545555553222212235544664444443344447522344445455556666887643222233322222223333333333333444443333333333222322344335433333334454333433444444444444344433333444444344445555544445432111111111111121123222
64455655564221221234545664445533344347422464445555556566887653223333322222233333333333333433333333333333333233444334433333345653333333444444444444434433433344443444445555444555333221111111111112233222
65566555555432232233555544443564344457423464445555555556886653353233322222233333333333333333333333333333323344433333455333345433333333444444444444433444433444333444445544455554443322211111111211222222
45787654334453232234534543433586333368423454444555555556886553323322222222333333333333333333333333333333334444333332255333333333333333444444444444444443344343334444444444455554443343211111112111112222
67765555454553333234555434434467444358433454445555555566885554323444222222333333333333333333333333333333443444333332233233223333333333444444444444444443443333344444444444444454444443111122222111112333
76545555455553233233445324444454455459533654444555555566885554343346322222333333333333333333333333444333443333333322322222233333443333444444444444444443443333344444444444444544445443211233221111122333
76667654444433223333455333242455456778733564444445555556775544223435533432233333333333333333333355443345433334433333322222233333433334444444444444444444443333344444444444444444445442223444321111223333
67764444556545533554465443453233577657843544334444444555565543222344459975543333333333333333333553233344443334333333322222233333333334444443444444344444433333344433334444444444454432345543221222233322
87642234555677766876564344555445788545864433344444444555555543232234457655455444444333334443333422333333443333333323332222233333333444444444444444344443333333444333344444444444444434555433222233333221
75555334544435666666645444455557646555664434445566754455556543333324555555544444444444444444444433333333343333333322332222233333333444444444444444444443333333333333344444444444444455555433333333332211
45434455544444456555645655555456435755455555546656565444556444333324555456655555555665444444455522333333343333333322222222223333333444444444444444444443333333433333444444444444444455554333344334332111
66445664444555456555565566555457666655556544567666678654455345533323444346666666667765455444455422233333333333333322222222222233333444444444444444444444333333433333444444444444444555554344544444322122
75545554434445455544565455455556788755555554676677655555555344532223433345566554687554344444455422233333333333333322222222222333333344444444444444444333333333433333444444444444444555554445544443322222
74455653334444456654455655455545666654445556656668754445545434443333333345455534786443444444445422233333333333343322222222222333333334444444444444433333333344443334444444444444444444555455544444322321
54444553345345568655446666445555655444456555666665655555444544443333322233344344785444444444344322222333333333343332222222222233333334444444444333343333333343444334444444444444445545555554444444333321
56645554334456776455556666554665556545787666677666656676444555443332311222332234785333333333332332232223333333333332222222222333333344444444444333443333333444434444444444444444455445555544444444443321
66665544453456556545566545555665555677777766776554566667644556553333321222222224785222223222222243643223333333333332222222222333333344434444443333333333333334333444444444444445555455555444454444444322
66666553345554356555555444544456666565666667766645676689744555554333221222222233663222223222222237732334333333333332222222222233333344334444444333333333333344333344444444444444455555555445554444554433
76665553235654466545555533554456653345566666678866656785335555565333322222222223663222223222222247433443333333333333332222222222333334334444443333333343334444333444444344444444445555554445544444454433
64465543236776556554665544554456555445556677677666556332334555665444322222222223752222222222222235212322333333334332332222222222233334333444433333333333444443333444443334444444455554444445544454444433
65565543355334565444444333444455444555654676666664333222224556655444321222222222643222222222222344323322333333334332332222222222233333333433333333333434444443334444433344444444455444444455444454444444
66776543565223655444443333454554333455666665456753222222223555555434432122222222443322222222222663223323333332334433322222222222233333333433433333333443334443444444433344444444444444444554444444444445
45565543574222444455543445435645334445777655546742222222122334555544432122222222333322222222222443322223333332344333322222222222223333333334433333333333334444444444333443444444443344444544445544444445
44455543553111343343323544345655335543445676556521111221123345555544433222222222233322222222222334432233333332344332231122222222223333333333333333333333334444444443334443344444444444445544455444444455
44664444442122454465554433345454334653444555446521111112223344554554443222222222222222222222222234432233333333334432332222222222223333333333333333333333333444444443334443444444334444444444454444444555
44544434432113443343343444444554434555433445556631122222333333534654443322222222222222222222222224422233333322334333333222222222222333333333333333333333333444444433334444443443334444444444544444445555
66554435533322232332464434323544335543454345656663222333333334445654444322222222222222322222222234322343343222344333333322222222222333333333333333333333334444444433344334333433334444444444444444445555
55554456664432122354564555443444334533335534665575433334334443555565444322222222222223322222222234322343343323333344333322122333222333333333333333333333333444444433343334434433334443444444444444445555
34554354455322222553355565355443444532433565565565444433334345554455444432122222223223332222222234333444333323333323443332112232222233333333333333333333334444444443343444334433334443444444444444455555
44455654446532224632244334557654465423444566556566675433333445554455444433222233233333333333322344333443343333333212465333222222222233333333333333333333334444444443344444444433444444444444444444455544
43444674334433235333244323567533355523345798765666644333333444555554444443223333333333333333345445433433444322233223555433222222222233333333333333333333334444444443444443444333444444444444444444554445
34434555423444366545545433555454355443345568755555534334443333444444444343322333343333333334455544323344444322222234445543322222222233333333333333333333334444444433444443444344444444444434444445544555
33335533433654464344654543445344345433335567655555433555444433344554565433333344444444333332333455445445554322222334445555322322222333333333333333333333334444444333334433444444444434443444444445444555
33234353343454554436454555444434335543366686556677545665444323344457766753333334444333333211333334445555555432223333345566432333323333333333333333333333334444444334444433444434444444433344444444444444
13334575443442445425846645534435435676754555677687756653344333344356755665543333443222222211333223333455554332233433224566532333322333333333333333333333334444444344444444443444444444433444334444444444
23444455443453466423744555545644545675456557767576865443455543333456334457765443346554333322354333333345554333333433222355653333223333333333333333333333334344444444443444444444444444444443344444444344
22243445543465355332464454555665545655555557855554554345545433434434443457655444445565554444344333333345554333333322212335664233333333333333333333333333334334444443444444434444434444444433443444444444
22334444444565336543345555544656535754556566654565543444443334564234544443576545675665544434433334333344544333333332322324666333333333333333333333333333333334444444443344433344443444444434433445444444
22334444433565556765545545533556434555554466656855532443443445633233323433455445554444444433444343333333433333333332222224665433333333333333333333333333333333444444443344433344444444344334333345444444
32234544434555566545664554455543455565654456555756655543344455433224433434455644432232344544445663333322334333333333342324665433333333333333333333333333333333444444444444444444444444344443333454444444
33333454445555346655664355555544356455566446554554677544444334445456434533444454333332235644444642234322335333333333343235756533333333333333333333333333334333344444444444444444344444444443333444344444
23235554444455335555654465455534336245356466445443455676433233346764223533434554233222223344433334356434446433333333432224556533333333333333333333333333333333344444444444444444444444443443334444444444
22455444555444446555545454355654445554346686545543345556433653346434432434544444331122222245422465474334534533322223333223446643333333333333333333333333334333334444444444444444344444444433334444444444
23355444345554356544445564355467644654546775554543345555433322445434433345533245423232353234443455885445543543322224334324434443433333333333333333333333333334444444444444444443444444444333344444444444
33344555344543365544444675444346536534656546643453334455564235444444444444444345543322354234444446733345555453332223334524434443443333333333333333333333333334444444444444444443444444443333444344444444
43345576544444354445545665434565335446545644454345323466554344434344422323337545444345556345444455344235545553322222233654333354344333333333333333333333333334444444444444444434444443333334444444444444
86675687445345555444555555533775576677644643455335533468644333424344332433422434554454336545544576566544443663322222223564332344444333333333333333333333333444443444444444444444444443334334444444444444
98655777545445556434554555633565555455554643355433543357534544534323454534533433455434324754456554556644443464332222223554432236444433333333333333333333333444444444444444444444434433344444444444444444
89853655435554456544555655643554436654444545566443444465444445433333456534552333334433333443575433444653344245332222222553542225434433333333333333333333333444444444444444444444444433344444444444444443
48984444424544456533445645544652235555445664445433456455554445544336544445433334434542334543244433444664444224332222222543543325533333333333333333333333333344334444444444444444444433444444344444444444
36799644333444466554433565554553444456555652332332246555444444554345445543454333444433344444342356544577655444432222223554435457754334333333333333333333333344334444444444444444444333444444444444444444
56589964454434556547634544444655665554456543222232333454454454454444454444344433324443333334432334444566444444432222224645434544786544433333333333333333333334434444444444433444433344444444444444444444
56567996334344556544533454445533345544556655322233343443354455665634563235446433234533444433433122233455445444432222223545555324457765433333333333333333333333344444444444433444443444444444444444444444
45556799633443456544544456655532344432354456664234454444434444565543443334255433354443333433333223333475677445532222223435555345434665454333333333333333333333334444444444344444444444444444444444443444
44445569975443325533543434543554334235444445456444433323344434555655533434344433334543233233232344555676688645532222223335553344444566665333333333333333333333334444444443344444444444444444444444334444
55666546998434423655663534553556434336533234443234454322344444555666443334555666445654332233233456545567556665552222223344564442144676567433333333333343333333334444444444444444444444444444444444334444
44355444589744335679964633343434654433433334334443344332333334445545665345445455334575443543323444444455554565553232223344555533566754457533333333333333333333334444444444444444444444444444444444444444
45555435547985334665666643333333553533344333335544323443344334445454345565333444323463257743235444444445545554343222222345554445555654654543333333333333333333334444443444444444444444444444444444444444
44445434333799533454456643333454446666445643355434433443444664444555443455322332333254135665455444334334444567565222222343444435446655554454333333333333333433334444443444444444444444444444444444444444
44345434333269953575545564345523435655433344334444545543343344433445545545654323444567565456665434323433444656775322222344555334347545553444333333344333334433333443334444444444444444444444444444444444
54233444332236995565534466456643444664333333334334444433333333333455557645567757446568566435768522553443555775555322222345553435557645664444433333344333333333333343434444444444444444444444444444444444
