32674221222222224778844322233212222133221574222334332233234532222223468888888888888888888888887547888655565567777786433322344422212323454334688888888888888888888888888888888888888888888877777777777777
32674221222222115877643222332222211122222574222333322222223211112232356888888888888888888888877636888754333467787787534332443333213223443345788888888888888888888888888888888888888888888877777777777777
21674222222222222574323332322234222211232575222223322222223521112221236788888888888888888888877647888643233468664455433333443223212222322257888888888888888865767888888888888888888888888887777777777777
32574223222322122563422233323323222211233675322233222222223852112222222477888888888888888888787637885433332467643322333333333322222223222237888888888888888743444688888888888888888888888887777777777777
43475334333321132354312233334322132213343585322224322233235552111332222445678888888888888888777647864433433334444432334332223322222233222246786678888888887533333478888888887777678888888887787887777777
55674255445443454444444344435333354334342376322234322233232322112332212332456778888878888888767646543444433322335554443232222222222222222334654578888888886433333447878888887776468888888888778888888887
34774244444555555445445445555455555545454475333344333343443432111322223433333578888867578877777644544445422222354675433334422222222222232222334568888888887443333436857888888776458888888888767788888887
44674244444444444444444444444344554555555555345455455455555554444545555545544677777754456764577643564435322222354544323423311142222232323333333578888888887533333456756888887776468888888886545667887677
44674344444444444444444444444444444444444555344444554455555555555555555555555655566665565555677644565556444554554444444545443354333354333334323678888888876433334576645888887776468888887774433344577468
33675333333434344444444444444443444444444565334454444555555555454455555555555555555555555555457534555556555556655555556555555555555566555555545666666666665444333555544766677776368767776543333333354345
33674233333333334333333333344443334444444665334444444444444444444445555555555555555555555555337654555555555555555555555554555555555557555555555655555555565555555555555555556776456555555555454444554444
33674233444433444444444444434443344443344675334444444444444444444444444444444444444444445545567644545555555555555555555555555555555556555555555555555554555555555565555455556776545555555455555555555555
44675244444444444444444444444434444444444565334444444444344444444444444444444444444444444444478644444444444445555555555555555555554444555555544444445554455555555555555445555776445554444444444444555555
44674244444444444444444444444444444444444565334444444443444444444444444444444444444443344444477753444444444444444444444544444455445544545545555555555554555554555545555555555776435555555444444444444444
43674243333333333343433433444444443443444665334444444444444444444444444444444444444444444444567753444444444444444444444444444444445444444444454555555544444444455444545455546776445554444444454444444444
34675233333333343343333333343334433333433665334444444444444443443444444444444444444444444444467753444444444444444444444444444444444444444444444444444444444444444444444454545776434444444444444444444444
33675244334434433333333333343334334334333675334444444444444333444444444444443344444444444444467753444444444444444444444444444444444444444444444444444444444444444444444444532476444444444444444444444444
33675234344334443334443333444344433334444665333344444443333334443344434444433344444444444444467753444444444444444444444444444444444444444444444444444444444444444444444444442466434444444444444444444444
33675333344333444444444334444443443333344664234444333433333344344444444444333333344434444444468753444444444444444444444444444444444444444444444444444444444444444444444444444676444444444444444444444444
33676234333333333333433333344433344444444665334444444443433444344444444444434444444444444444468763444444444444444444444444444444444444444444444444444444444444444444444444445666554444444444444444444444
33675234333443333333443333443443334444444675334334444443334444444444444444443432234444444444457764444444444444444444444444344443444443444344344344444444444444444444344444445776544444444444434444434444
43374334444434334434334333333443334443344675333344343343344444444444444444444321334444454444457764444444444444444434444444444444444444444433334434433334344333344444334344445776544444444444333444444444
44475334444443334444444333433434444433334676434434343344334443344444444444444422553443444444458764444444444444444444444444444444444444444444444444444444444444444444444444445656544444444444334444444444
33575334444444444444444444444444334343434676434344333434444442134444444444434423453434444444458754444444444444444444334444444444444444444444444444444444444444444444444444435665544333333344444343344444
44675233444344444444444434444433334444444675434344333433444443114444444444444444353444444444457743444444444444444444344444334433344433444444444444444444444444444444444444435776534343333343433433334343
44675234444444443344334443343444434433334675434444334433333345213544434433444445464344444343457664344344444444444444444444434444444443333333444434434444344444334343334443435886544344334433333333333333
44565234444444444444444444444433444444443575434444444334443446631444434433345456364344443333458764444444343443343444434444444444444444443444444444444444444433333333333333335877544333334333343343333333
54665334444444454444444444454444444444443376434444444444444444773244544443445456354344344443447764334333344444344333434444444444444444343344444444444444444444433434434333335776334333333333443344433333
44675244444455555555555444555555555544444675334445444454444444586234555445444344154355555554457764343343344343334444444444344444444444444444445445444444444444444444444344435875533343333333333444444343
44675233334444444444444444444444455555554676345444455554555445567323455545444434244234555545557765354444444444444444444544444434444454555555555555555455665454444444444444446875544443343343333443343444
43365244344343434433444333344444444455555676446555555555555555567642222244444456334224444433456775455554544444454444444444445555554555566666666666666677777654444444444444446866644454444444444443344344
43475333333343434344444333443444444444444675435443444444445555566763211014444356435212333333345665354455555555555555554445555666666777777777777777777777777677655444444444446877634444444444444444343343
33675223434344433443443444444444334444334676434443333344444444556875321124552357574322222222334455344444444444444555555667777777777777777776666676666777777777677655444443336877534444444444444444443333
33565223334444444443434435445444444444443576434443333433334443345887534566655557864334434222233344455544445445555566678887777776777777677766667676666777777777666676544444436776534344433444443433333333
32575323333333444444444443344444544434444675434444444443343344444578756776676467843335676454344233444444444445777787788877777777777776777666666666666777777777766666654444345776533333333333333343333344
33564322223334333443343344444433433333444676435544444444444555544445776656666567532344677665565333333444445677777777777777777777777766776666666666666677777777777666775444446777533344333333333333333333
23343313232223342333333433333333443343343476435444444544444444545444676666656546422224567776765444554677445777777777777777777766666666666666666666556666777777766677777555556777544444444444443333333443
22223223233222332443333333343433444443443376434444454444444444434545766666655534421222224566676567787888744677777777777777777766666666666666666666556555667777777777887655556887545555555544444444444443
32222333333222333333333333334444454344444576433433445445444444444446666666654533221122222234566666777777853578888777777776666666666666666666666666666555666677777777776555446767545554445555545444444444
33333333333433333334443334333333343444444676434443344445444444444466666666554442122122222222344465667777863588888777777776667666666666666666666666666545566677776677776456546645445555544445455445555544
34444443344433344444444333334333344445444576423433345444444445445666666556655542111222222222222344556667874478887787777777666666666666666667666677666545566677776677775356546666434444444444455554454455
34443333333344433433443433334433334433343575323333334454444444456666666566656543211122222222222222333457874588776787777777776667766666766767766776666544566666666667765335656766444444444444444444454444
44443333343445434444343443434443333343334565422223334344445433446667765665444333211112222222222222222225875587777787777777777666766666666777777776556545556666666667765333555676444444454444444444444444
45554444554454454444434443344334343443333565321212233443344333334777656665555422211211222222222222222223675577787787777777777777766666667776677765555444456666655667764233456555444444444544445444444444
44445443443445454444444554433334443344433454432322333333333332223677655667632322111321111122222222222222575577787777777777777777766666677776666665455444455666555567753124445545434433443344445444444445
43334443333344344444444555433434443433333332333333333332333444344666556565100112111221111112222222222222576577778777777777777777776677677776666654455444455555545557642134356544444444434444444444444454
43333344344433334445444445544444444443443433333233334334433434445666555572111111111111111111222222222222576577778777777777777777777776677665566654455444444555445566542344445543444444454444444444343344
34444333343333333444444435444444434554544554333322333234433334445665554564542111111111111111222222222223676467778777777887777777677677777654556544445544555544555556423433345332344444445545555554444444
44443344344343434343323333443444334445434543443443433334333333335654544554422211111111111111222222222225776566777666777878777776666776776555555433345555555554554555324443335222233333444444444455544445
44444333444333433334334333444454444454545554544444433434434343446544546543232111211111111112222222222247766556666666677777777776676766665555443333346665555555555554334434436323233333333333334444444444
34444443334443443444434444554455545543444554454434334544444444446654455543332111211111111111222222222578766555655556667777767666677666655444433323357776565556555544334333436323323433333343333333333344
44455444443334444444444444454444444444444444455444455443334445556676555432321113121111111111222222224777766555555545667767677666666556555443333323467776566555554454344333336313323443333333333333333333
45444444443344443444434444554443434443444444344444444344434446655556754312211144111111111111122223346777755545454445656666666666665555554333333223577776665555544454344333347402223333434344333333333333
54444444444444444544444435554444445443334444443344333344334445686544453211112342111111111111222224567777655545454345555667766666655555543223332123787766655555434664443333447511112343333333444434454343
44444444344433333343455444555555445443434445443444444354444445999744433211133321111111111111112234577767655554454335555666666665555554432333222234887766655544335754433333557621113443334334434433343334
44344445443323344334544444455555444444544455444344444444444447989865432432332111221111111111111124567767654443454445545566555555555554323333222333887766555443356653344443457741112533335434333333333334
44444544443344344334544443335555443343333454444444344444444458989875322431211111211321111111111124567767654433455555445556555555555543333322333321798866555433566543335544457751111343334433454333333333
44344444434444433445444443345454432122344443344444444444444436777764221320110113412543111111111112567667644433456654445555655655555543333333333221598766554455666543344454347773131133444433443333444433
44454444444444444444444444444444432233444334444445444444445523443114233321112345312443321111111112367767644433556555445665555555555332333333333210299866555555566534344443346776123234344334333333354353
44433344443444443434444444444545443344444444444443444444554432221014233321134455212333433211111111147766544434555554456665566665554333333333323410079876666655566544433443422676313434443333333333443444
44444444344454444434444545444445544344333444444433434555455433111123222222344454113444443322111111126766544434554443356765576664443333333333334420039867766666666545433443331676422444554344433334543544
44344444444444454444454445444545433444433444444333444445544443222222211113444443124344444432222211114765445434554432247766666665333333333333334341346877766666666655434433445665332344445444334444434433
33444444344334444444554444444444554545445444554333444444544333222111112124433332133344444443222222222654445334443322236776666543333333333333443344443677766677666665444434447775333343333444444444444443
33444334333334444544545455543444565544445444454455554433333233222211111234433331134344433444332223332343233224432211234555554543233333333334434344444468766777766666434444347775344343444343334334444334
34444334333333434435444455434334455554445344344343344444332333332211233344444431143433343444333222333332112113321111223334333332223333333334333344433446777777777677643444347776334433443344333444433344
43334333443333333343334454444434444443323344433233334444443444333333443343444343344433434434333332333334322123321111233333334444323433344334334444433443467778887677774444347766323433443343333343444333
44344333433344443344334444454443334444334433333344444444443344432333343444444444455433343444333333333333322246443222244544444455433443343444345445443344336888887677787544446765312333433343433333444333
34433333433343444444333343443333333334454443444444444444343444433343344344444444333443444443333333333223222257544333344444444445444443344444344343333334337788787777777764347764212332223333434333334333
34323332333334333344343343333433343344444344544334334434444443344443343344444444333444444443344433233333322247654434445444434444333344454454333344333334337758888777877777446665212322234433333234434334
33323433333343333343333333344443344443343344445443444443444444444433354344544434344443333334444433344434444457654434444445444443453344433333233333333333334834788888877776446654213322343333333344433334
33333334434344333433332233344333344344443334554444434444434444443434454445444334434432443333444443444445544435644334434444434433344443333333233223333333333672368888877875555544323333332333433333434334
33334434444434445444343333335444333444334434443444333443333444344333444344344344334433433312434434433445443343654433434344444433433244233343233212233333333496226899986666544433333233223333344333323333
43434543444434445444334334435444333443443334444444344454433334543433435543344343443433333221332334333333434643455433433344333443245424334342212222233333333379522788886557544333333333333333343443323333
34333344342334433434346434443333333444444333444434334444334434433333433433433433443433333222321234434444434543345433333344333354355423333243322233433343433359853489887556543333333333343333323333333433
44434333332344434444336434444333433444433333333444344433334443333433433443333344444443332223331344444444434434445554333444333333443334333433334444443433344359888568887666543333334333333323333333334443
34444445543333333434335433344433333344344344444343444433344444444344444343333344444443332223333544444433334434445556544443444344544354333434334343333333354448987755877666544343444333332323333333333343
44334444543343343333334343333444444344434334344433433334434444434333333333333343444443322223335443444434334444545566666544454344444444435334333334333433344335877665686666555434644433333333333343433443
33233344443343443333433334444333312334444444444333343343444444434334433334334434564444322223343333343323335434444555666654433544444443334434333344443334333335888776588765546443433323333433333344433332
22333434443333344444433343333333334324433443443333334443444444443344433334434534444445322223443323333223245543443566655444343443444333434333333345433343344333687776688765455343334324344343333343333223
33343334433333444443344443343333333334433343443334433433355443443343434334343432443345322223434322323233254454432466654434344333234343323343344364433333444443488876677876434234433334345553343443333433
33333334433443433343344433344343333433333334333334333333344333543344434433344423344335322223423233433333354443433456554224333332223222222232343353433332333343378766677775423233333333334643433433333333
33442343434333333323343223344345434333443333333334333223334222334333433543333444334444322234433335443454443233444345542223222222222211223222332323332233333334468887666764323222333323253333333322233334
33333333433332233333442333344333333334333443333333333332333233334324533553333344433334322234432246433443443343433343332222111111111111212221222222342332223332358887677765323223322322243223332222233334
33322222333333222333353332333333333233223443433322233332344343333323333332334445432335422333333336443532443244323332343323211111111121111123122221221231222322258887676665213212111221111232111111124534
34233332333333333334333233332233333333224333333333333334333334434333323343333345433335522332232346333342454333444232265433211111102220111156211110111121122212158887666675211111111111111231111221113443
43322333334332333333244223332333333333344433332233334354333334423445443433343333333336632333332344333233334332332222245434211111110120111133211210110121112244167887666676212111111111112551111441233123
33334433333333333333333334333333333443334332222344433554343344424443344323433324333347643333332332233233223322232211125534310111111210110111112210241231112233167787766787311112221110032232211642553133
43344233333443333333333334334332234442233333333343344443433344235344333232433223333357765323243333322123233232122143116555531111111211111231353210351341422444366887666776311222121110011123233435552144
34333334433343433333433334334443233433343333333333344333433433344334333323223222232366666433232333223222322221111133116556654541112332223363355420354221454344665587666666443242121101111123344334433333
23433333433343333334433333333333333433333333334333333332233333433333333332223343333477675332332333323232321111211111115655433534212533322333334443356233234343664576666555644232221211132134553333443333
44443433333333443344334333333333233433333334433444333333334323223332333333333332333665464332243323343212111111311111114543221122122334433334434454343344335433443445666655423135414200131154433464643333
33333333333433432223333343344333333433332344323334433433344333223333334433324433344665354332323432332221111111123211225654431231113324532323444433334443335543333335446655223333334411341354323334533332
33233333343333333223343343444433434433333333334433433444334433333444333233323443344556543333323322212111111111122332335544421220123337532333444333335534553335323434445545443443434323234453232344433222
33233333343333344333333343444434434433333333343333433343334543333433343333433533433345423223323222111111111222233442444322332432333236432233434333333322444334323335434544342223434433454343332344222223
33333344344333333343333333342343443343333433433343334332234433333323334443433433455433323211222122111110123323333333244433323453333334533323333234323322334443323335433335343234333314554443323534422246
33323233323322322233334333333333444333333223333344334333433333334333334543344433466433223222322211232112234233453232233443333433343433321333333223324322344344333335333444453344323432444454333435543354
33333232332333222333333433334433344333443323233333444444423333444343333443343443444332211223323222333223333234333233334343334642333433332233325533333422233454233335432575355344324434653444443334553342
43332233433344332354434334333444444434432543344443445544423344433443333433344344433223223334334433323333332333222233364333434432333333223333324534463542333554323433345654344433444433543344433323432433
33334333444344334444333333443454432333433444334433434444433444343433343444434334333333333334343333323333333343223333455443333343333333343334353344333663343444343324324434333323433333444332433333322336
33355433433334444443333333333443433334344333344433443444433323343333433333333344333333443443343333223334323343343343343332223333333233444355333444333443333455343234433334322235545443333444333344443333
33343223234333434433333332323343344345434344334454343444333343333323433333333433233443444433333323332223333443443233434422223323233333333233333433333333332434332224333333221223256344443555233357343234
44333333344332443434333333333233334343334443344433334444334334334333334433343323323443333443333333333333334443444333434433333322333234333333333344433333333333234424232243233222254355343344322345233423
54333443344343334434334334443443444333444434343443333334333333343333343343443224433444333444342244333444333333333334323343343332222244322333333333332332333332333324342333435222443333333223223322343444
43334444344343344333433433444444545544554344444544344433333223544433443444334344543443444434343344333444333343333334424333333223332344222333433234333232332232221234444323435423345433322333533333244465
44334333345444433334433445444445444433443333344433444433343233444444434455334443343433455433444444443444443343434333333333333223323223223233423334321232232232232333432342334454244333543423343323356444
32333444343333333333444333443443345334433332333433433443453444444443334444444444343323343333434344343433353444433333333343333333332333343333333334332365333222133223223232222232343322663322432233333344
32443443333333323333344333344434334433334433333343344454343444354333344444433344443434433344434443333333333343333333333333233323333343333333343344332344333222223233233332232323553332464333332233333344
33333343333334332334344344433334334333344334343334334444343344333244444343333234544433344444343443334443443344433333333443332333444343332333433333223322232223323333323333232342323332344232234324443332
34333333334334432333343434333333344334333344343434444443334434333333333333323333344323433333333444433334453444323233333433443333444423433444433333334432322332233323323312223344433222332132223433333232
44323333333334333444334433344343333333433333345433333343333333344323334443333333344443334333333443344444333333333333334433353333434324533564433333434333333333322232323322323333333243333332323434333323
33432333333333433344334443333444323333444334334323333433333333344333334432333333334444444433333334444553332333322333333332344444432332234543333433433433332331333244323434333333334444333322323244342222
33343343433433332453333443333233444464443343232223334433333333344333433333332234434444343333344334344543333433333333333233433344333333343323333433433434333222333354433333443333335534333422233243333333
