68532222222211122122111223232575221222222215887643222332222211123222664222333322222333211122333467888888888888888888888787548887654454578777876433322444323213324454444688888888888888888888877777777777
68532222222222111111111113221575223222222222674333332322243222211233664222333222232233311122321357888888888888888888888787548888643333577776675433332443333213223433345788888888888888888888877777777777
48633232222321111111111123332475324222322132663423233323333222212233764222233322222225731122222235688888888888888888888787548886433333578653344433333442223212222222247888888888888888865767887777777777
68644333233432333232223344454375344333421132454312243334222232213343774322234222232336741112322222557788888888888888888787548874333333456533323333333333322222222222237888788888888888743444677777777777
79644444445544444555555555555675255445543454444444343435332354334352575222234222232233432112422222434668888888888888888777548644434433333445433333332223322222222222246786688888888887533333367777777777
69644444444444445555555555444675255544555555445455445555444555444553575333344322333332321112422123333345788888777888878777545433435333222345564443333222222222222232334654678888888886433333346877777777
69643344444444444444444444444675344444444544444444444443445555555555564344455444555555543334444444444434688888754578855677534544445222222445764333334322222222222332223334578888888887443333435866777777
69643333333443333344444444444675344444444444444444554444444444444555554354454554555555555555565555555555666667655565654677634654445222222544443223323211242212232322333333578888888887533333345765777777
69643333333333333333333333333675333333444444444444444444444444444445665344444544555555555555555555555555555555555655555677535555565555555555454445555444453333363333334324678888888876533334566654777777
69643333333333333333333333333675233333333334433333333444433334444444665244444444444545554554544345555555555555555555554166535555565555555655555556555555555555566555555555666666666675444333555553676677
69643333333443444443444443433675244444444444444444444444443344443344765334444444444444444444441234444444445555555455555367645555555555555555554555544555555555566555555555655555555565555555556555555556
68444433434343444444444444444675344444444444444444444444444444444444765334444444444444444444431464444444444444444444444577544445544555555555555555555555555554555455555555555555544555555555555555445555
69644433333333333333444443444685244444444444444444444444444444444444565344444444444444444444422665444444444444443444444577644444444444445555555555555555455544444444555544444445544444555555555555445555
69643333333333333334333433333675244333333333444444444444444444443444664344444444444444444444434655444444444444443444444577644444444444444444444444444444444445544444545554544444544555544544444555544555
59643333333333434344433343334675244333333343343343333443444434433434765344444444444444444434446456444444444444444444444577644444444444444444444444443444444444444444444444555555544444444444444545555445
69643333444433333333333344334675344444444443343334333443344334344334765344444444344444333444457476344444444444444444444577644444444444444444444444444444444444444444444444444444444444444444444444444555
59644444444443434443334433433675234344434444344444434443344433344434765343344443444433334444367465344433444444444444444577643444444444444444444444444444444444444444444444444444444444444444444444444443
38644444443444444444433444443675333344333444444444344444444444334345753233444463554333344434377465344333343444444444444577644444444444444444444444444444444444444444444444444444444444444444444444444443
58534444344444444444444444433676334433333444344433334344433444444445754344444473654433444444366365344334343444444444444578644444444444444444444444444444444444444444444333344444434444444444444444444444
59634444344444444444444444433675234434444433444444333444444344444444764343344584665444444345354465354434444434444444444577654444444444444444444444444444444444444444444444444444444444444444444444444444
59644444444444444443444444443375344444434434444344343434443344444445765343344584676444444445366455444443344344444444444467653444444444444444444444444444344444433443344343344444444444444444444344444444
59634434344444334444444444444575344444444434444444334444444344433345765344344485676544444444466354444444444344444454444478653444444444444434344444444444344344444434333333343433333333333344444434444444
59643333333344434444443333333675334444444444444444444444444344433434775344444487645654444433576464444444444444434444444577653443444444444444444444444444444344444444444444444444433343333444444444444444
58643334343343333334444333344675333444444444444444444444433444444435764343443358642344444333576674444444444444344444444477543444444444444444443344444444444444444444444444444444444444444444443444434434
37644444443344344444444444444675334444444443444334443444444444433445765344444348643222444444478954444444444444454444444577543444444444444444443444444344443433333444444444434443444444444444444444444434
58645555555555454454444444444565334444444444444444444444434444444444765344444459746653455455579645443344444444444443334477653444444444444434444444444434444444433333334434334434444344444334443443434434
59634554455555555555555555555675344444555554444544444554444444444442665344444469867766666665688534443444344444443344334478653444344444443433444344444444444444443433444444344444444344333333333333333334
58634544544445444444454455444675244444555555555555445555555555544434765344444469876656666555676333444444344444434444444477653333333443443344334344444444444444443333344444444444444444333333433334433334
48633333334444445444444444444675244444444444444444444444444555555555774354444457866666665545354222355444444444444444444467653443443444343444444444444344444444444444444444444444444444444444434444333334
48743223344343434443344444343375344444444434434444433444444444455556765356555556766655655544333111244444444454445444554467763454444444444444444444444444444434443445444444544444444444444444444444444444
48632323333333333333334333333575234433334443344444344444444444444445765345544677676656665555422211144444444444444444444467764555555555554554444455544444444444444444444444444344444544444444444444444445
44544434333433233333333333444665233444345444443444454544443334444335775344445556776655665555421321135555554444544444444467754455555555555545544566655544444443444444444334443444443444443444444444444445
33445543333333333333333333433665233344444444544444445454444444444444775344446767766666665444322232224566665555555544445566655554555555565556666666655556555544444444444444544444444334334444444444444345
44345433333333343333333333433575233333333444444444444344445544444445765344444677766666667654322223322344554555555555555666666666666666667666666667665556666544455455544455555454444444444444334444443335
34454444444444334433333333334564313233334333443444444444444333434545765345431386666665476312221222332234444445565665777766666667666677787777777776665555566544445444444555555555544454444444444444434345
33444444444444433333333334323333323233333332333434433433333433433444764355443476666555551000121122233223333366776666667766677677877777776777777777665555566654444433444444444454455445555544454444444445
44443334444444554444444333422222333333223333433333333434433444433432664344546766555544642101121122223333334335666666677878767777778777777777777777655555566665444444444444444444444434455445555555545445
44443334443343444454333334333222333333333443333433343335444544444444774334446665445444454422221122222233333323566667787776677777777677777777777777654455565566544444444444444444444444344444444444455456
44443434444444444443233333434334443344433433344444344333433434444445775334445565444455433311121112222223333332467776676677777777777777777777776676544455555565434444445444444444444444444444434444444446
44454444444434444443344454444554443344443444444443444344433444445445775334445555554454332221221112222222222332356676666777777777766666666666766665544345555555433544455444444444444444444444444344444446
44344333344434333334444444444443333343344434433443433444333344443444763233445664445543323321211111222222222233235665567777766666666666656666676655543334555545532344444455444544444444455444444444444445
44444444444443443445434434445444444444454444444444443444443333433344654324656998533432123211111111222222222233235554566777776666666665555566676655433334445435532233355666555554445444444444444444445446
44444444434443344444444434445555444554554454444444444444343433443335654315559889743322112111122111122222222222123334566777676666666666665565676665433323444434532232235555444555555545444444444444444446
44433233323333334443344434444444443443445554444445544433344433444434654323589889853222111111121111122222222222223333566676766666666666666655677665323333344432441233223444443444455555555554444444444446
44333333333334444333344433453334443344443344444454554434344544334333433433699988853213211112321111112222222222212334566666666666666666665556776664334332333332441125423233443343344444444444444454444446
44455444454444443444444444444444344444433344455454455445444444434434433434467665353214311222321111112222222222222333566666666666666666655556766554234322233322343224622212344443333344334444444444444446
44445544454445444444444444444444443443343334444444445444554444545444543344244431034212312222211111112222222222222333456666666776666665566557765544223221233322234323741221134433434333333334333344444433
44444334344445444444444444444443344443344444343333334444544345454445534444233200143213212111111111112222222222222333456666667767766655555467665443223211222222224432662021124545434434444333334433333331
44444343344444344444455454434444433444334433344344444444544445555455545444332211332222111111111111111222222222222223455555667766655556554466544442112211112222234353453111124444444444444444434444333333
44445444454555444445544444444444444334444544444444445544555555534445545544332222222221111011111111111222222222222222355555666676565444445565433331111111111111133344432101134443444344454444444444444335
44544444544544444455443444444555444443344444444444454554444444444445544554422221122221211111111111111222222222222222245555566655555422234554333221111111111112233334432101233444443334444444444334333435
44344344544554454444444544444444444443344444444344445544444444444444454444432222211011111111111111112222222222222222244455556555543222223444322111111111111112234323433101234443443444444434433334333336
44344544444445554445444345554454445444444444544444445554544445444344444433433221110011112111111111112222222222222222223444444333322222222233221111111111111222233423443333334433444333444433433344333346
54444555344334444455434334444444444444333343334455445555554454444344454434444421000011111111111111111222222222222221123432222222222222222222221111111111111222333434334334333344333333444433444343333347
44454454454454444445433344444444445443334444335544443555555444545544555444433210001111223211111111111122222222222211112222222222222222222111111121111111111222434434333334444444433445334433444343333447
44443444444544455545444445544444544443444434345544443355555433444334544454442100001112334431111111111122222222211211112111222222222222121111112222211111111223434444434444443444434444334333443333333557
34444444544444544445444444444454445444444444455444444455544322222444433444433210111124444452111111111112222222211211111111122222222221111111122332211111111223443444334434444443333444344433343344444457
44444444444444444444454444444444444444554444444445445444444432334444344444444421112344454444111111111122222222212211111111112222222221111112210133221111111223333434434434433443434333345433343344544457
44443345545445444444444444554444443444444444444444444445454443444444444444434443234444445545311111111122222222212221111111111222222111111222100133322111112224333334444433443344334333444333333344343347
33333333444444455444434344444444444444454444444445554444445453444434444444434445554554444454421111111122222222212221111111111222222211222331000023322111112234333334444433433344344333434434334333434335
33344333344544554444444434443444444454444554444554454445445434444344444444334445555445433444411111111122222222222222211111122222222222223210000023322211122233333333333444443344434434433334334334433321
53334444344444444444444444434434444333345454444554444444445555454455544543334444445444444444311212111122222222222222221112222222222223332000000012322222222233332233333333344434444444433433345434443332
43344444444444333333433344434444344343344444545445555434445655544454555544555554334333344444423422211122222222122222222222222222223333321000000012222222222243322233333443444434444443333444454334434346
44333443333443443344334444444444344444334344344444554344344555644553443453444444443333233333345742222222222211111223333222223333333333321111111112222222222244333233334333444434444343343344443334334447
43333333333443443344444434444344333443333334443344444444344444543333344433333344444444443333445663222222222211111233333333333333333333331111112222222222222243334333333333344434444333344344443434443347
44433333333444444344433444444344443433444444444344444544443444453344444333443444444434444433444557433332222211111233333333333332233334443122222222222222222233333333343333433333443333344334333333444346
44444333333344454443334434444433333443443444453433433433433333344544434444444444443434444333333448668533322221111333333223333333333444544322222222222222222234433333343444344443443333443333333323443346
33334444334434444444444333333324433333344333444433433344434443444444445444344444444444444444434447767643332222212333332333333333443434434532222222222222233234433344343454443333343333433344333333333346
43333334334433333233454433333333444434444333433333333444433444533433444454334444444444444444333444665543332222222244333333443444343334344443222222222222223233444454553333343333333444333334222322333346
43344444443344333344444444433333344444444444433332343444333443444443345554444444444444445444444543555532332222222333433444643444344444454444322222222222232233344443342233433333343333333333233333333346
33344443433444333343443433333435444445444455444433333354444334444444344444444334444444444444344444564443542222224433334443434444464443444444432221111222232223443334232332223333333333323333333332333346
33444333333444343443343333334434543444344445443354344354543334434433344444443444544433344444334454475333842222234333333444334333444333434444442221111222232222342332332243222233332333333333344333334445
34443333333344443443444433344333343432344435343465344433333434444443334444443344444344345433344445476423732222232335534444333433323346434333343222111222223222343333332122212222333333433333333333333344
33333334434443334344444444444443344433343444454355344444334444444433334334443444433344343344334334367533753222233335533344444434434344433333333222111122223222254332332212223333333323333343343343333343
33422433343343333333444444444444445543333343444355433444444444444443444444434444333444434434444444467634874222333335433455444444434344344344344322111122223222244333333333334433443433333333444433334433
33344433333333443333344333443334445443443443433333444444444444444444443444344433334344454443344443347635985322433454444455434444443344344444544222211243233211123434443334443433233343444344433333334333
33334344333334333333333323332334444443434444344433344444333223344444444444444433444344444343344433346557864322434434344444434444333343444456634222211343322211134443443333333333333454433344333343334344
23333333233333333333333333333344445443333445444443443443334343244334434443334344434444444443444343356458755423454444334433343433242464444454433222212443222211234344443333344433333433333333333443333456
33433332333333322322343334433443345434434434444444443443433344344443444444334344333554444433444343346547655423456455445434333232242465334433432222223453222222243333343333444433333333334433333443445456
44433333333333333333434334333432344444434433343444333443433334333333443333343443333444335433444443345677665324445344444343323232332544544313521222223453222222343334432343454333343344333444443334444654
33332233343333333344533323334433434433323233234432233443454343344433333333443333234342234344444334445577665434333334333232334334333543334335412222235465322222434322432433554333433544433345543334434545
32233333333433333433333333333333333333332233433633333443433333343433433333333333223332333343245335536686654444333333244333455433445432334434212222334333222222222222233433344435433343333444433444434555
33333333333333333343333333333233322333333223333543323333333332332234434334222333323333433333234334436786655434333333344322364334434433433432112222323332222223222221232333334544343334334543432454333543
34332333333333343333443333344233333333333333343342333332333333332243333333333333333343333443333223435876655434333222333323364435424432444521122222223233222222123211232233223344333333433343433443332224
44333333433434433333333334433333333443333333333443233323333343343444333332333343443333344234443334334776555333333333332333363333434543335421122233222222222222223121222222223223232222222233433353232234
33333334444333333332333333433344443333443334333333343333333334433344332323444334543433344334443443334766554233333433333333432343233333323211222232212211222222113121222321122122222112222133422243264232
34333344333433344333223434343343343333434333333333334344432345432333333333433444434433443344433443334665543243323323333323333222232233223211112323111211222221112111211211124211110113253121112232144232
32223344333344434343334334334333344333434333334333443334433334434443343333333444334434432553443343233654432233332323232423334231233232323211111322221111122211111111111111113201112423222133100322112332
32112233343333443344233333334433334433333443444343333333333334333433334344333333333433334333233333332565421223322223332223332223223233322211111311121111122211111111121125212221113333335346312322123333
23222233332344442333232333444333433333334433343343433333333334333333344334443333333343233333333333332475322222323223222323333233433333322211111111111111122211111111221125112253112233245544443334234344
43333444333433333234433323333233333334433422223432443444333434433333443333344334334443332233323343333586422222233333423433233433333333321111111111100111222211111211111122232453242223233433234434434545
44443334333332342344333233333333333443333433333343444444334344433333333344334335443443332333443343333576433322223244333233223332223322211111111110000111122210012401011232243323343335434333333335444434
34444444333333333333333343333333444443333444334333444444344334333333333433334334433345333334444433333675434421223232234232233233222321221111111000001111122210035101011253233335433234343333334333544343
44443434333334433233332332333333344343333232333333333433433443433334334333434333322344433333233343434776433211223332223343323223121221111111100000111111111100055110112143333335334542234322333433445444
44434322322233343333433333333233333333333322334334333333333443333333333333443343333333333333334354434776434432212333223333233222222111111111100110121111211000134212223333233333222333333223335432333233
33333222122323432234443233343332333333333222444344444334333444334433332333433443444343333443433345435776334553212233333322223332211111011110010111211111101211213312333332234233323334433323334333333243
34333332323212222333453333333233334444444333454444333433544443444325433444434455444233444434433334336876334332212223333222222332111110111110000121211115201113223322333333323234312333344333335333444344
33332333243222332333343333344454334444343444444333333433544333334444443344334344444344444434433334436765323332212113233323322222221110111001011421222124201224333233343236334433322233553233335332674455
32323443333233323344433333334443333343334444433333333334433443344443333444434444444333333533334433446654223333222333343333332222121101100011111643212123222333333333333334334553633323544324433455543344
44333333232222432333333433444332233343334434334333323233333443454343443345543434443333333432334333345554123333334434433211111112131111111111111233222233332333333444453443343233643334454343333334334333
33333333322235543443344444454343443443433434444334344433333344433344443454433334444333343343234343443334232233334332111211111111232211111111113223212233222232334343344333433333433333454343233433344222
33333333333333444333444443443333444343443344343344334444434444334444344434443333443343333333333344554322233224222212112322333332322111111232113334322233223233233332333233434333322323334232224323343222
33343344333333444444444444444444343454444443334434334444445455545543444445443444333333234444333433566542233212222223333322343333322111112333233234433433322221244223333333343333333323333234323232342233
43333334332333244444443454434334344445344433334444543444454444434533333444434444333432335554434444555432111123323444343433443334432211233333344233333332232323343223334333333323332333332333333332333434
44333334332333234444433333433444443343333333333444343444433454344433333444334344434543444444443344554443222333224543334444444424443333334344333333333332234333342222335332343332322322332321234444333434
33333335444444334543433333533443444343333323333443333444443344333344333333433444543434444554433444444443443433333423334343443434344543444333323333332333333332233232333233333222331222222232334432342334
33333344433333434444333434444334433343334323333443444333333343333443343433343344443433543443434443433333454444344433444344433333433333433333333433332333333333333332333333333333464433222233222222332222
43333333433334544444344433455333333343344333343334343343333443343333443434344444444444443333433333333233344444233444443434433344434433344333333334433323323443433333333432333333333233222233232222232332
33334343343333444433443333444323333343334334443344433343443333444433443454343443433333334443233343333344233343334333333334444333344533444332333334433423324443333323333333333334322232223323333233333232
33433333343334444333433234434433434344433433543344443343443333434443343343233334333333333443333344433333333444443443333333433444443333334333333334433443333444234433534333333334322323332333323323323223
34344323432345334332333443423433344334334323543334444433334444644433532322233344333333333443333344323333344344444444333333344445533333333323332343323444443433333344643333323434333333332322222323312323
44254434444333323323333344433433453333333233453344444446533543443334432333333443334434433443334333333232333344443443333443343345433334433333333332334444443422322344432334433434433322321332233323333333
