24753112232212247674333233322232223222223433322433333333345433333347888888888888888888888888888888888765667766788877543443322222232232322358888888888888888888888888888888888888888888887777777777777876
24753122222221224776432322333233332132224753222344233223365333333337888888888888888888888887776578887555566656668865433443333322233332532336888888888888888888888888888888888888888888888778888777777787
24762222222223224788432222333222121232224752223354332233456332222235788888888888888888888888876368886455665677777865333323444222223234553336888888888888888888888888888888888888888888888778878777777775
25752211222222147788643222332122211232214753223333322222233211122323577888888888888888888888886458887644434677887875333323533333123234433457888888888888888888888888888888888888888888888887877777777777
24753222222122126774432223322232222122324753222333222222234211122212367888888888888888888888786468887432334677654554433333432233122223222468888888888888888646678888888888888888888888888887787777777777
14753232212222224743323333223242223111224753222232222222237521122122235788888888888888888888786468874333323677533223333333333222222222222268888888888888887544445788888888888888888888888777788777777777
33763232223211223644222333333232222113334863222234222232347621112222223557788888888888888888776468754333333445444323343322233223222322222367876788888888875433333688888888877775688888888887888888888877
44763444344322333444232333334221433233433764222234222232333431123322223334578788888788888888677456434434333223345444433332332222222222233346545788888888864333434468778888887765588888888888788888888877
56752455455445554455454444454444554443442664222344222333432221113312123332345788888776788778777445434445222322445764433344322222222222322223345688888888875433334358668888887775488888888887667788888887
45752444444455554444444444544455555555555653344454444555445443334344455444445788888654577745777534644344222222545543234233211332222323223333334688888888875333334567558888877764588888888864445567886687
45753444444444444444444444444444444444555453354554554555555555555565556555556656666555555655777545655554444445544444445444433443333543333344335788888888775333345666448888877764588888877743343344674475
45763344444444444444444444444444444444445654344445544555555455554555555555555555555555555554576445555565555566555555566555555655555565555555556666666666655444435565536656777763577677765544433333543344
35763333333333334444333444444433344444445664244444444444555544544455555555555555555555555553276545555555555555555555555545555555555575555555555555555555655555555565555555567764455555555555555555555555
35752333333334344343333334334433344443435764344444444444444444444444444444444444444554455555476545445555555555555555555555555555555555555555555555555545555555555555555455567765455555444554444455555555
45753344444444444444444444444344444444445754334444444444444444444444444444444444444444444444687534444444445555555555555555555555544445555555544444455544555555555555555455557765455544444444444444454554
45763344444444444444444444444444444444445664344444444444444444444444444444444444444433444444677534444444444444444444455554444555445444545555555555555545555555555555555555556765344555554444444444444444
45762343344433444444444444444444444443445653344444444444444444433444444444444444444444444444677634444444444444444444444444444444454544444444545555555544444444455445555555557765345545444444544444444444
35762343333333433334333333443444334433435764344434444444444444434444444444444434444444444444677634444444444444444444444444444444444444444444444444444444444444444445444545446765344444444444444444444444
35763343333334343333333333433333344344335764344444444444444333444444444444444444444444444444577644444444444444444444444444444444444444444444444444444444444444444444444445422765344444444444444444444444
35763343444344433343333333433343333444445764343444444444333333433444444444333444444444444444577644444444444444444444444444444444444444444444444444444444444444444444444444433665344444444444444444444444
35763343343334444444443334443444433334445753333444334333333344443444344444333333344344444443587644444444444444444444444444444444444444444444444444444444444444444444444444446764444444444444444444444444
35763343333333333444434334444333444334345753344444344433334444444444444444334343444444444444587644444444444444444444444444444444444444444444444444444444444444444444444444456765544444444444344444444444
35763343333333333334333333444333344444445754343344444433344443344444444444434444344444444444577644444444444444444444444443444444444434444443433444444444444444444443444444457765444444444444334444434444
34762344344444333343343333334443344444445764343344433433344444434444444444443343344444444444477644544444444444444344444444444444444444444443334344333343343333344443343444457765444444444444334444444444
42653344444433334343343333334333344443345764343343433444344444444444444444444444444434444444477643444444444444444444444444444444344444444444444444444444444444444444444344446555433444443443443443444444
44763344444444344444444344444444443334345764344444444444344444444444444443344444444434444444577644444444444444444444344444444444444444444444444444444444444444444444444444347655443333433434433433443433
34763344444444444444444444444433344444345764343443334334444444444444444444444444444444444444577534444444444444444443444444344343444434444444444444444444444444444444444444357765443344334333333433343333
45763333443444444444334443434333334433446764344443344333343333444444344444444444444444444444577643443444444444444444444444344444444433333444444344344444444343344333334333358875444344344333333333333333
45763344444444433444444443434434444444445764344444444334333334433444334333344442234444433334477653444443434443434444344444444444444444434444444444444444444333333333333333347775443333343333433443333333
45663344444444444444444444444444444444432764344444444444443444434444344433444331333433344334477653444333443443443334344444444444444444333444344444444444444444444334343343347763343333333334333444433333
45763344444555555555555445555555544444434764344444444544444443445444444444444431554344444444477653433443443443344444444443344444444444444444444444555555554445445444443444358755343433333333334444443444
45763344444455544444444444545545555555445764344444454444454444444444434455444542455354455554577764544444444444444444444444434444344444445445555656666666666566666655444444457755444444444433334433443444
44663343343434444344344444444444444556656764355555555555555555555544346444444454446355555555567665555544444444454444444444444444445555666666677766666666777777766666554444457766444444444444444443443444
42653343343444344444443333334444444444446764355544444554455555555555537654444555546343455554446554555555555555555555554444555565566777777777777776666666666777666666666554458776344444444444444443433433
34763233333334343444443444444443334443335764344433344444445555555545646765555545536433244444434444445545454445445555555556666788877776677776667766666666666666666667666666558776344444444444444444433333
35663233344454434533444354454444344444435764344433434333344444444444656786556444524533133343322333334445454445445445677778778877777777677776666666666666666666666677666666667765333334334344444433333344
34663233343344444444344444454445544444445764344443444333344443343333565778644433414532122222222224323344444544455777887777777777776777767766666666666665566677776677766665666665333343333333333333333344
24753233233334344444444444344444443334445764345444444444444555433344477546653334553432232223333345433434445777545777777777777777667666666666666666666655666677776667766666677665344444343333333333333333
34543222232233333433334444433333433333445764355444444444444545454445568632334433553433445566555466545557778888744677777777777777667666666666666666655556555667877766666666777755454444444444433433434433
22333223233223323333333333333333443433432664344544444444444444445444547643223533564644356777766677667788888778733688888777777776666666666666666666655565566667887776677667777765455554555444444444444433
22222332332223333433333333434444543334444764334434554445444444444444436757556645567635556777777777777788777778854688888777777766666666666666666666655666666667777777676677777666455454455555454555544444
32223333333333333333433333334433444444445774334434454444444444444454336967776675568422345666556667666667777678853688887787777666666666666666666666656766666567767777766777787656655555544554555445555555
33334433344433433444433344443333444444445775334433344444444454443444445987766775586421222333223356656667666678854887777887777777666667666666666676666776666566666776666677877646654444444444445544544455
44544433333443444433443433344333444343445773233333345443444444444334444676666666566321122222222224556556556777764777888877777777776666666666666677667765666566666666667777777536754444444444444444444444
44433333333344334433433433344433334333344654223333344444544434444344444476666666535421122222222222455556566777765777888877777777777667666666666776777755666666666666666787776414764454444444444444444444
54444444444554444444344433444443333433335654212123343443444334443443333676667655534212222222222222355445567677765777888777777777777777666666667667766655666555566666556788765412664444444544454444444454
55544444544544544444444444433344433444334654322222333333333332233333444666666555542111222222222222234445667677775777788877777777777777766676677677766655665555566666556777765312675434433444454444444454
44354443433345444444445554333344433434333443333323333322334433334444446666655554542111122222222222223445676777775777787777777777777777777776776667666544555555555555556777654224677444444444444444444444
33334443344433344444444454345344444333433323333333333333334444444444466666555655543311211211112222222255766777775677777777777777777777777777776666666545555545555555556777653366787545544445445444443444
44333334443333344454444455444444444544444533332333343444333344434444666765555666544312321111111222222245767777665566667777777777777766666777776666554444555555555555556677542665787544454455554554454444
44444443443343333444333344434444344454444533343333332343333333334434656765555444433212431111111122222226767877665566566676777777777776667777765565443344455556655555556666535875777644444444444455444445
43433444443334343333333333444443344454445535434444333344343333433332566665555455532211431111111122222225667777665555556666677777677666777677665554333344445666665655666666536666666543343433333344333444
44444333444334433344344344444544545544445555544443334434444444332334367765566753322211231111111122222225667876555444555556667776676666666666655443343334446776666666666666447665557544333433333333333443
44444443334434544444444444544544455434445544554444444443444444333445356655556410111111131111111122222236677876555544544566666766666666666665544443332234457777776666655566457765467544433333343333333333
44554444433344443444444444544444444444444444444444453443335444434334366655566112122111132111111112222246677776555444554566556677666666666665544333322233577777777666655576467764367544433434343333433333
54444444433444344444344345544444445333344344433444333444334444323223366655555354221111133111111122222356677776555335555556555677666766566555433222222333798766676655554676467763367434433334444344443433
44444444444444444544444445554444445444344444433343333444333343332333456555445443221121122111111122233357667775554245665555555676666656655554322222333333389776676655545875477764467433343344334433433344
44444443443333343334455444555554444444444454443444444444444443444434556445555432311121122111111122233357667775454246665555445666666655555554222333333332139877666655446775477764466534344343433333333333
43444444443343444335544433455555444544434544444443444444444444444444465454565423211421222111111112222457667765553356655444446666666656555432334443333321104977666554567764567664466444445344553334333333
44444444443444333445444433355544322222334443444443444444444444444445565444554223112621443211111111223457666655544456545444556666666665444533344443332220001787666556677764467764456544444344433334444433
44454454344444444454444444444444322233444333444454443444444555554445566765543121124421444432111111223456766655554455545445667666666555566554444333323340000387666666677764457764356544443343333333443543
44444444444444444444444444444444433444443444444444444445554445545556555677642111144211333344332111122334666655544555444334887766666566665443333333334442011168766676777754215764355545443334333334434444
44444443444444434344445444444455443444444444444434445554544444444356655544542111332112323334554433211222455555533454433333787777567766644333333333444443234338776777777754425664344545553344333345444444
44444443444554444444445454444445444444333444444334445555445433444445887444443323311124423444434445443222234332322443322333586676668754443333333344434444443316777777777654456654334554444443344444444333
33444444443344444444544443444445444444444444543334444445444434444445999765435422222344332444434444444332222222222433222333366565456542222233333444434443443325877778777765477763334354333444444444444433
34434443333344444444454445544445655444454545544444554334333334444336988875532310143444332344454544443432232232225554334433234343344333223333343444444453333448987778878864377763224344443333343334443344
34443343333344444445445554344444555544454444453444444443323233333348987751322311234434332444454544444433222332226665444332233333343334434343333444334443333448997788888885367763113334433344333444333334
44343344434333333344344444344344444544432344443333344443434433333446654312322321344434233334443443344333322233226765544443344443234333443343334444333433334446999878988887467663112334433433333334443333
33344334433333333443334444444444334443233444333443444444433444433443322112122222555333234454443443333333333222223766544544444554334433333444454454343443334434999888988888567653111344333334333333433333
44344434333444434454344444443433333344444434444444444443433444433343222111212112434444344444344433332333333223443776544544444455444433444444443443333343443333899988987888867653111333233333343333433333
44333333433433444443433433333433332344444444444444344444444443344433322222211133333444234443443343321333333234444676544544344443333434543543333443333343444332699998877888876653111232334433333344333344
33223323333343333443433433344333444444433444343334444334444444444433332221022343444443223333433553222232333454444576544544444443533344333232333433333333333332599999988888986553222223433333333334333343
33333344333433333333322333444433343433433344454444444434444444444444432111233344344433433434444542222321134444444466654554434433444442333332332233333332333333389999888888886443222233333333333334343333
33333344344444444333433333343333443444444344444444334443334444343334443333443334344334433333444322222322333434444346554444544334333443223342232222233333333333389998898888888533332123233233453333323233
33334334444344455443333333354443334433433334443444444444443344434334454433443333434333333333444322223334435433433336655443434443332244233432122222333333333333389889998888888743332123333343333433334333
33334443434344444343454334343443334444443334444443344444344345433334335434334334434333336633454322223344345433333446655433433443233333332333322334433443323333378889999977877643332223343333233333333333
44333343322344434343464344433334434444433333334343344433334343334434334333333334344333335433345322223344344344334346676554433334333343334333344444433333444443369888989976766654343223333223333333344434
44343334333343344443355343444334434444433344344443444333433433434444443443333444443433344433445422222344344344444336667665444345433543334343333333333333444433368877878975666655443332333333333333333333
44444445443333333333344433334434444444443443344333433333344444443333333433333443444434444445345422212334444354544335767776543444434443344343333343334333444333368877777985576656444323333333333334433433
33344444433433433333333444334444333444344334444343433444344444333344433344344334544445544334334322222333455444544224777666645444434343344333333444433344333333348888765796677643333333334333333334333323
32334443433434444344433343433333233244334434434333334434444344443444333344345435544456445434433333222233466434533334767655444434443333333333333442333443443333548888763687888643443333354443333434333333
23344345433333444443343433443333343344333334433334334433454443433434333343444323433445444445443323321223334644422333666543333333333333333443333553343333444433448887763477788754333343346643434433333333
33433345333333434443344333443323334334333443333343333333454334443444444343444333353445434444333334432122322343423332466532332222222322323233333442333323333343448877653357778754333242335534334333333333
33333344333434333333444333443444334333344333333343333334332224443434334433434343344444433345433344442222221222333222245433322122221102322123332132221233333334558888642226777754332342543233333222332334
34433434333323333234432233443444333344433333333333332223342333343235335533333444334433332234333356333212211111122332124443212121211112221121232221322322342333368887632214877663223222322223322222223334
33333333333332233333532323333333333332334434333322333332333343333234334423334344323333323334332255444311111111111212115653323221101221111232221211211221232132378886521112877753112111111111111111112222
33222322332333223333443323333333332332234433333333333333344333343333223433334355333333333333333355443421112212111213214764322121112511111473211211211211132131378875321112787663111111111221111211112224
33233333333333333343342233332333333343343333332333333354333334324354334433433334333343334333333343342232311112111111112654431121111301111232211101201211133153578875211111776765111210111211102312311112
33333333333333333333343233323333333343344333222344434553333344324443344333433233333322423333333432332132221111111111112664432221211201111111233101511311135243778863211112777775221110121111103413421124
33344433333443333333333333333332334432333322323433334443433443244443343323332233333323333233332434231221111111121132111665653221222111122322542201521523335545778863211112777765222100111111124225420123
43342333333433333323333334344432334423333333333333343334434433353343333323232222332232234343223332232211111110121152011765666542114221233553563312454345354546765654223223666765212101011111223213322123
33323344333433333334333433333433334433433333333333333333333333433233333332233333332332323232323333223211111112222112232776656553214423223323344433463333343355644544445435666876212111111111423434533233
24433334433333433344333333333333334333333334334344333333343223323433333333233333333323223332443333322111112225312222322665433231123334324334334543433333355364434444553444567876332211320111223646532333
44433433333334332343343333333332333333332344333344333334443232233333334334334433333333334433233323321111112122223213314565332321123235423233444333345433345453333345233544567775343321432221132335332223
32223333334333322223432343444333434433332333234334434443344332333444343333233443332332234333223322221111122223323423345545532210223366323333443333345334543245223334333345446675424332224452323544332222
32333332443333333333343344444433334433333333443333434433345433334443443333334433333333332233233221111103312322343424444333422422332265332333343332334323433334224345333333555664314335533332423443222244
32333333443333444334333333433333433343324333433434333432245433333233434433424433333223232212333322112112323333343332344333333543332344423233332243233323344433323344333345556554223124453433224445423365
33332334343323232333333333333333443433333333333443344323333333333333345433444433333333433323333322333223243233442232333443334333443333322333332233234323343443333345333554556434133424443454333346543443
33233223323223322323334332343333443333433323343443443334333343443433334533433443334332422334333333433333343353333233243433335532334333322333235334334322333543333344333763455333234346543343433334552432
33332333333332222444444344334433444334433433344434455444333334434433333433344343344332333334444433333333333342222333553334434432333333233333335334553633344544324333455543434233445334543343333334422344
32233334444344333444333333433544433334424543334434344444434444434433433434343343443333343343343333323333333433223333564433333333333333344343443343234743344453343334334344333234434333334333333333322345
43343334433343344444333333433544333333444333444434443444333333443323433434333343333323444443443333223243333333443433443332233332333334444454333443333433333453342233423344222245455444433443333354433333
33454333343334444433333332233433443344444333345443444444333333433234333333333333333333434433333233322233334433443333334322233223333333342333333433333333323344233234333343222222364354444463333475333335
34332233343333433334333322333333344344334443344443344444333344334234334333434323224443334433333323333333334433444334334433333223232244333333333344333333323333345233232332243121443354443343323343233324
53333333443333434344333344433333344433444443444433334444333333343333343433443224333443333444332334333343333333434334233343343321222244223334333333333332333332333233333234343233433333323133323323333454
43333443343433344343344334444434454444444334444543334333333224544333443444333244544444444443433343344443343333333335334334332233323343223334432343332322322332321234443233445333355323223334433333354554
33344343454443433334434423444345445544543344444444434333333234554444444564344443443433454334444444433443443434344333333333333234333233233334333334221331322322232334332432334452243324634323433324455343
44333333344344333334444443444444444334433333444433333434443344444443334454434443443323443333444444433444443444433332433333333334323333343333333334233564433222233222223331221223533324743323322333433454
23434444343333333323444333444433444334334333333433433544443444454333444444443344433344433333434443333333333433333333333333333333333433333333332343333344233222232232233332322333543333463333233233332334
23443443333333323333443333433334333333344333343333344443333453343333444443332345444434444444434443344444433343433333334443322323443433333333433333234322232233323323333332223342323332342332224334433422
33334333333234323333443344333333343333443443433334334444344444232343333333333334344323343433333444333344543444332333334433432333443323433434333333334322323332333233323213233344332222332232323333333232
45333333343334333333334333343343443444333443444433443333333334444223344433334233344334333323334443344444334334333333334433453333444335434644333323434333333332322222333223333333332343333322333334333233
