12132324752222222222137875432223322222122122225753223333222222232211122223568888888888888888888888876378886544434687877864343224533332133234544456888888888888888888888888888888888888888888877777777777
11122215752232112222224743232323222342223111325753222233222222235211122212377888888888888888888888776478887433334676755664333334432333122233323568888888888888888778888888888888888888888888887777777777
11333423753232223221214634222333233232222122335753222333222222238521122222235788888888888888888887876478864333324786433334333333332222122222222478888888888888888546567888888888888888888888887777777777
33455543763343334211323444122333333121422133435863222243222332356521113322224466788888888888888888876478754333334455433223333323333222222332222377877888888888886433435788888888878888888888888877777777
55555456752555455444554454443444354333543343533763222343222332323221123222123334578788888788888887676466434344333233355333433322232222222222223457755788888888875333333678888888877775688888888877777777
44444446752444445555554454454445554455555454544753333453333434434321113222234333346788888776888787776455434354232223445654433333222222222222322235445788888888864433434468778888877765588888888877788888
44444445752444444444444444444444443444545555555553454554544555555544445455555454446778888543678645776435544353222223556543334333211322222223322323345788888888875433334358568888877775488888888887667788
44444445753444444444444444444444444444444444445553444445544555555555555555555555556556666555655556776445655464333334544433334333222432222422223333335788888888875333344567558888877764587888878864445567
33333335763333334333344444444444444433444444445653354544445555555554544555555555555555555555555555675345555665555666555555555555555544444654444444346777777787764333345666448877877764587877877743333344
33333335752333333334344333333333334433344444446753344444444444444444444455555555555555555555555552376445555555555555555555555545555655555665555555556555555556655554445565546655777763577677765533433333
43334335752344444444444444444444444443444443436753344444444444444444444444444444444444444554455555576445455555555555555555555555555555555565555555555555555555655555555565555555567764455555555555555555
44444446753444444444444444444444444344444444445653344444444443344444444444444444444444444444444444776445454444555555555555555555555555545555555555555555555445555555555555554455567765455555444555444555
44334446852343444444444444444444444444444444445653344444444444344444444444444444444444444433444444776534444444444444544554555554555555545444455555544444455545555555555555555455557765455544444444444444
33333336752343333333433434334334444444434433446753344444444444444444444444444444444444444444444445776534444444444444444444444444444544455445455455555555555545555445555445555555456765355545554444444444
33333345752343333333443433333333433344334334336653344444444444444434334444444444444444444444444444786534444444444444444444444444444444444444444444444544554444444444444445455555457765355544444444454444
33343335763343444344333343333333433343343344336753344444443244443334444422244444444444444444444444677534444444444444444444444444444444444444444444444444444444444444444444444445446765344444444444444444
43334335763343443334443344443344443444333344446653333444452134333344433312434444333444444444444444677534444444444444444444444444444444444444444444444444444444444444444444444444422764344444444444444444
33333335763333333334444444434344444334444333346642344443373024333443444314653443333333444344444444687534444444444444444444444444444444444444444444444444444444444444444444444444433665344444444444444444
33334335763343333333333334333333444333444443446653344444476114434443444424453444344443444444444444687534444444444444444444444444444444444444444444444444444444444444444444444444446764444444444444444443
44444335752344334444333334443334334443444444446753343344468513444443444435364444344444344444444444677644444444444444444444444444444444444444444444444444444444444444444444444444456765544444434444444444
44444432653344444433344343343333334443344443446763333443348832544444334445464344433443444444444444577644444444444444444344444444444444444444443343333444343444444434444443444444457765444444444444334434
44444345753344444444344444443344343343444333346764343343437962444444444456364344444444444434444444687644444444444444444444444444444443444444444443344344433343433333444443343444357765444444444444334444
33333335763344444444444444444444444443343334336763343443335872344444444456355244344444444434444444687644444444444444444444444444444444444444444444444444444444444444444444444344456565434443443443344443
43333445763333443444444444444443444333344444446753343443335773234444444445145344444444444344444444687434444444444444444443444444444344444444444444444444444444444444444444444444347655443333433444433433
44434345763344444444333443344433444444344333447753344443345785233444444435245344444444444454444444676534444444444444444444444443344434343333333444444344444344444444444444444444357765443333334333333433
44444445663344444444444444444444444444444444435754344444446678432234434446425354454444444444433334587644443444434444334434444444444444444433334444444344444443444333343333334333358875443444344333333333
55555555763344444545554444444444554544444444434764444444445678632113434346535444544444544443443433587543343433444443444443344444444444444444433444444444444444444333333333333333358775443333343333333333
44444446763344444555555555544445555555555444446753344444445789742101444346646323444434445444444444577643333434443433344444444343444444444443434444344444444444444444444434443343357763343333333334433444
44444445752343344444444443444444444444455555546763454444555799852322453345786212344433344444444544577643444444444444444444444444434444444444445444444444444444444444444444444444358755333333333343333444
44443442653443443444344344443333444444444455557764465555555689964666655555884211222323333355544554577654554444444444444444445444444444344444444444445444444455444544444444444444458755444443443433334443
43333334753333333434343444443344434444444444446754354434444456887766677557863323333222233244444444577654555555555555555445444444555555554544444444444443444444444444444444444444457666444444444444444433
33334435753234344454444433444454444443344443346764344433333444686666666656642334664433233233444444577643444555555555555555555555565555555555565544444444444433344444444444444444458776344444444444444443
33333335763233343344444434344354454444544444435764344433334333576666665553542344566644444222345555577644555555666766666666666776667666666667776655445544544444444444444444444443368775344444444444444443
33333324753233333334444444444434444445444344446754344444444434676666665453432224567665654112224544333456657767877766767677777777787777777777766666655555555444544444443344444444368765333444334444434433
33333335643222233333334433434444434344333334446764355344444446766666655444321122235666664222221333446677666677788777777778877777776667777777766666676655555555544555444444444444457765333343333333334433
33333223333232333233423333334333333334433434435764354444445566666666655544212122222345565443444674446666666777877777777777777777766767666777766666766766544554445555555555554454457775343444333333333333
33324222232232332223324433333333434434444334434764344444545666776666665654312222222223455556656777434566667777777777777777777777777767766666656666677766654444444444445555444555567775444444444444433333
33333322223333333233333333333333344444543444446763334344455566666666654443311122222222244345666766534666677777777777777777776777666666776656555666677776665444444444444344444545568885455555555444444444
23333333334433344333333344433343333333434444446764244434445777766666655542221112222222223343555667733677787677777777776777667666766666766656554666677777666544444444444443444444467575455544455555454444
44444345544433334433444444443333343433444454445764234333452577766666676433221111222222222333545666754677776677777776777666666666676667666666554566777777777654444544444444444444456455455555544554555455
44444344433333433444334433434333344333344333435752233333444376665565752011211111222222222222334567763467776677777777777666676666666667666666544466777667777655544444445454554454467665344444444444455544
34334444444344434554444443444434344433333333345654222233443576665655510011211111112222222222224556763577666667777777777767766666666677666665544456677766776556544444444444444454467675444444444444444444
44344455554445544544544444444434443343434433335653212222334766555546533211111111111122222222235556653676566666677777777777776677766677776655543456667766676447655555544444444444468764444454444444444444
34344444454443434455544444445544333344434444335554223223334665555445544212111111111112222222224445541334566666677677777777766666666777777655543346666666676337755444545444444444468654344444445544454444
44334533334433343443444444444554344344444333433323333333334664454454433211111111111112222222222223321222466666677777777777777666666876676545543345666666676415774444444444544444467664344333433444454444
44444444333433444333444454444455444444444434434333333333334664444554333311111111111111222222222222221222356666666777777777776666667776666545443345565565566433787434344444444443456764344444344444444444
44444344444443433333334444344454344543345444445543332233344565644544333211121111111111222222222222221222235666666677777777666666667776566445433345555555565344578744343344443334313765344454454454444443
44444444433444443434343433233334334443344454445434434343454555566443223111121111111111222222222222222222223666666777777766666666677665675345443444455555454244479864444344433333324764344454455455555544
54444344444334443344333343343444444544445555455445444444765654444432121111311111111111122222222222222222222455566776777676556566676664664355443444455554443344478875444444444443356874333334444444454555
44444344444443344434444444444445545555455434455545544344669987344321111112411111111111122222222222222222222355566666666665555666666555543355443334455443322433357776444444444334367664333333333333344444
34444444554444433344443444444444544444444444444444554444579898643322111332211111111111112222222222222222222255556666556555565665555554342465444443444432224434357676444433343334357664344333333433333333
45543444444444433443434443344445544434344434444444444444599898753235323322111111111111122222222222222222222245555656556555566655555543332565443344554322234544335567444433443333367765443333333333333333
44344544444444444444444444444455544444354433344444433444799888743223212111111111111111112222222343221222222235455555556545555455555432323665543344553322344333334457544443443333477764343334343444343333
43334444444443444333333434554454555554454434344444434453367665352213111111111111111111112222222453222222211235455555555545555555544332224665443333442222444334444457744454433334477763343333333334444444
33434443444444433343443345444444555554444445444554444453244431043333111111231111111111111222222442222222222234444555554555555555533322225665433333322223444434443335744533333335577754345443343334344433
44444444444444433443433355444433455554433433334544444443222310142232210123421111111111111222222332231222222234444454444555555455433222236665433222222224433344443434654433344434577754445333354343333333
44444344444444344444434454444433454544321223444433444443322212332211123345411231111111112222222222221222212233344444444444555544332222348754322211122224433333443443564433355443577664444433444334543333
44444444444444444444444444444444444444322434444344444454322222211111234455311244211111112222222222221222222223334344444444555443322222369643222111122234344343334443454333443533477764433434444334443334
44444544434443444444434344444444345454433444444444444334432221111111245555211454531111112222222222212222212222344445444455565443322322369533221112222234444344333442243344444433467764333344443343333343
44444444444443444444444444445454444455443443334444444334432222111102344444213444553211112222222222222222222122345445445555654333333322477444221122222233344443334342133234334434226764343444333333333333
44334443344444443444544444544444445454334444344444443344343211111123444444114454544531112222222222222222222223455545556666654333333212477665222122222234444444444342122244344433315764444445543344333335
44433334444443333344444444544444444445555454455445543334444321112344344443124444444462222222222222222222222224565556667777654333332102388764222222222234444444443332112234344333456654333444554443334445
33443334443343333344445445445555434445655444454544544555544333222334443331124444333354222222222222222222222234666667777776544333333201377763322221222234334443432221112233444344477753333434434444344444
44444444343344434334344344444554343344555544553443443443444443333233333333233444434345332222221111112222233333567678776765433333333200488753222211222234444443322322123334344433477764344434433443343344
44434433344334433333343433344544444344434433223344332333344444434433333434333434443454433222221111111222233333456677765544333333433422377654322211222333334433333333133433334443467764344434433443343444
33443443343434333444433454344444444443344443344433333443444444433434333434444434444444563322222211111112222222346666433233333344455543388765432212222333344433334333233433224443467663234333433433333434
34434344333333333443444443333433433333333344544434444444444443434444333434444444444443366333222221111112433433333433333323333454444454389764432222222333333443334343343333333344467653123344333433333333
43333333224323333343333443434433334333443444444445443344444344444443444434433444444443359633322222211123333443333334444443444444334454389765432322233333333343443333343333223333467643113332223334343333
34433333334343333433333433323333444433444433433444444334444434444444444333443444443343459833232222222233444344444454444444454454444434478765432432223333333443444333333332333333466653123322334333433344
43433343333344343444344333322333443333443444433345544444444434344444434444543455443343459843322222222343444454444454444443444544344434568754322332223333345653333333333333332333466552123322433333333344
33333333344334444344454443433333354443334444343344434443334443334443343344443444443344348943322222223434434554433344444444434444444334467655423332322333699985333333333443333344455443233332323333333334
33333333334444444344444443344344354543334434433344444443444434333345434334454433443433436943222222234433333434335434344334333444434333247656432332232234999998433433333333333334444333333332233233443333
44333344333343423344335343464344433333334444443334444443344443343344333344345334343334436743222222244344433333356433343334333443334442337566432322122224999998634333443333333333443333333333333343443433
43433344343344333343344443364344444334334444333333334433444333343443334334334333343344446732222222344444444443344343433344443344333433438777422333223324999997643333333433333344333333333333443333233333
54444344444455443333333343354433444434443443443444444434444333434434434444444433333444446632222223454434443443344344433443443444433344448886323433344435988997554443344443333343333333343333333333333333
43334443343445433433433333343443444444343444343343443334333333344444443333333433334434446322222234454434444343343344446544445444443455469885425433444335988887654433444333443343343433443333322223333333
33223332334444533434433434333344443333122344444444443433433434444444343344333343344344555222222244344444444233353444446435544544444545469986535323343444888766664333343333433334554346544333323343333333
22333323444444433333444444443433333333343244334434433333344434444444443444333344345345543222232344433443323233464344534435554443345434459876534333333444588766886334333333443344465444333333334333333344
33334333433345333334434444444334443333333344333433433344334333544444433434333333444334432222233445444323332233555434323434544443433434459876423333443554377777777534444433434345554433343333444433333434
43334333333343334434333333444333443333334333333343333443333333444335433443443333444233432222234443333334333333534534325444544444443345459875322432443644355777767634455433334444553344443344455543333444
33233334433434343323333234432233543454343344433333333343333233332233344334335433333343432222223444332344443444543434435554553345443333259765322323433434344578767753445433344344563334333444336534433453
33333333333334333332233433523323443333333343333433333333333223332333343245336433334444332211122344333464333445333434334423443333332333268764321222333243433357788765543333553223542323323433534433663555
33333333222222333333223333533323233333332332234434333222333323333433333233334433334344332211123334332375334333423433323442343223333322277654321221232232323336888764434433443322232363323323542234564343
33333343233333333333333343332333322333332332243333333333332333333343443332223433334454342111123333333365434434533443343332233223222211576653221232222221122223788766333322332222133232123322222323443333
33334433233333343323333332442233323333343333444333322333443453333344234454334323433333332111224333333353343333433323343331232222112113666642121223111111111111588876322212221111121112112222212311233533
33333333344433333333334333333343333333334433343332223444335543333444234343443334433233333211223333334432333233223223432322333111211116666531111111111102311110277777511111311211233223112312324631114633
23334343342333333433333333333334344332345422333333333333444434333442353433333324332233333521222333333334232233223323322222222111110156665311111111111103411210167788743111311211232245322521453534315635
34333233323344333434333334333443344433334433433333333333443334334433553343333233332222323531122233323333332133333323222111111111111365643210112211111103412313237678876453321221222475543211343443434446
33333334333334333433433344333333333333334333433334344333333332333334333233333322233332332552222223223333223334223322211111010011137665533311112552121111462213347677765454142232344663453123243333344455
33333444434433333334333343343333333332334333333344334443333333343233333323333322232323333563222112433333333333121212211111010001127665434312011253123321464332235665554244242145454433333333343355543334
32324332223333334333322233332443443333334333333443233344334333443332233333334333344434333663221111333223432333121111111111111000146565443224222123324543433442355344432233353345445544344223443555434645
32233332333333343333333233443434444334334333333333344334334443344333333443343333234343333765211111134223332222111111111111111101565665532244222123344433345433455343333344334444345544345333533544323446
33333332333333443333444334333444444344334333333333433334333433345433334343433334334343345654312111242233221111111111111111111025555654333374122333343333345445633244223344333454445534344343335443333334
23332333333344343333233333333333433434433433334334333434333322344433333233344434335433455665322111233222101111111111113312311255445653232264333333343332333224443343233355322343334334435334544442433554
32323333233233233223222323333332333334443333333333333443343334333333333334345433444344433456321111332121111111111111311111323444444532322324323333332343233323344433233344333342343333334236554433324443
33333333332333333332222444334333334333443334433332333433443444333333443433335433434433443333321112211111211111111122431212344444335323334333313333333233234223343443333354334443443343233324444554224356
43333332232334343444333544443343334544334334325433444434455444233434334433334333344344444222222122111111111111110232322322443434335423334333323333245334334322334543333354324753554443234436544444333345
33333333343334443343344444333333433544433334334443334334344444344444434433434434343344333332233342222111111111111332223333653324433323333333233333345344644523334544234343555543444333444345543444433333
32333333454333344334444433333333334434443343443333444334443444333233433334433444333343333223344343433212022232223433333433554433333433333333444443543443335633334443443343344344333234334334444333333334
33323434332232343334434333333323233433443354343343344443434444333333332234333333334343333334434433433333233243333434433333333322233232332334443453334443334433334453343344333343322245444444333433333333
33434454333333443334434344333333333333343333344443444433334444333343243234344333434233234433344333333333332333334434442334344222223233333333332333233333333333324343232244333343212233465344434453343365
44444543333443343433344343344334434434444333444343434433333343343333333333333433433234334443334443322333333333334434443334234433333222222343333333333444333323323333344242233332232121453464444453323365
44334333344343444433444334334334444445455544543344444443444333333234444333433444343345434444434443433443344443333333323344233333333322222353223334333333323323333322333233323234352222433443433233223332
44444344333343345444433334434454444454444434533333444334444333432334554434444553344433434334444333434443433433443433344334333334332233333342223335332343332323322332322244443234344233344322223234323323
33433423434444443333333334444334444433453244433333344334333434543444444443334544334433433233543334444444424444533444333332333333323333232233232334233333222421322322322334433433345442354334433324433323
33323433443443333333223333443333444343344333344333333433444543434444554333444444443444434334423333333443333333433444333333433332333333323333433333333343233553333222233232222422222332333325743323433333
33334433334433333233323343443344333333343333443343433343344443333453343333443433332345444344443444444433334433333334333333333333333233343433333333433343333343332222232232232322322224643324643333322332
34433454333333343334333333334343333333443333333443433344444434344344332433333333233334444323444443434344343344533444333333334433323324443433334333333332234232232223223333233332323333323333353332233234
44333343323333333334334443344333343433333334333333454333443433333333443233344433333233344334333333334443333354434344232333334433432334444234334434333333334323323322333323223222233344332222332232224334
33234434433333343333433443344433343443233434443343343233334333333333444333334433333333344444443333333333444433333334333333344433543334433344435644333324443333333332322222333223232333431333332332324433
33333333433334334333323433334444332333444644333442332233344333333333443333334323333344344443444333433344445533333433333333333323444443422332344433334333435333323322332333234333333333333444333322333344
23443322433353333333223443344534435433543443333432332333443333434433443333333333232233344443433433344333334433334333433333433434333453333333434223334433334243332323333444334334433333345444333322222343
