22233222322495222222223433333333364223332463322223332232322333325964323222222211111111112333277423322233222485432333332334232212223576332223333222223762112212223478888888888888888888878754788643333236
22222212222595232223233443323232674323322563323344433333334443324974432322342222212111124444258534333332122365522233333423232212333586322223422223334763111232222355778888888888888888878764787543333334
33333333333684444555554544444444684444545674455555555455555455446975444443454444444344555655567435544543344344433344434423254334443376422224422233233333112332222343456888888887888888877764654344343333
44444444444674444444444444454444684555554663454455555555555445556974455455555455555555555554578435555555565555555555555445455545454376433334332233343332111332212433334478888887778887877764554344442222
33333333333695333333333333333333585444444573444444444444444444446974444455555445445555555544577435554555555544444555454445555555555665334455444455555554333445445444444577888875447785467764356443542222
33333333333694333333333333333333596333333474333334444444333344435964444444444444444444444444577435444444455443455555444444555554455555345555555455555555555555555555555565666665555565567764456554643333
33333333333684444343433333333333495333333475333333333333333333335974433333344433444444444444477434444444444224445444455444445545554576435555554555555555555555555555555555555555555555556753455556655555
33343333333684333333443333333333496433333475333333333333333333435974443333344443443334333344467434444444443226654444444443344444444576434444444444444554554455555555555555555545555555414764455555555555
33343333333684333333333333333334486333333475343344334344434444445974444444444444444344444444445434444444443247675444444444344444444676434444444444444444444444444444444444444555444555545764455555555555
33443333333784333343333333344444487333334465344333444444444444445964444444444444444444444445323444444444443267686444444444444444444676434444444444444444444444444444444444444444444444457764444444444455
44444434333784434433333433444444466444434465344433434433444444446964444444444444444444444447312334444444444366587444444444444444444565434444444444444444444444444444444444444444343444447764444444444444
44444444444774444444433444344333377433443465344444444443444444435964444434444444444444444458312334444444444476587444444444444444444675334444444444444444444444444444444444444443344444457764444444444444
44444444444773444444444444444444478433334466344444344443444444435964444344434444444444444448412344444444444575588444444444444444443676334444444444444444443444444444444443444444444444457765344444444444
44444444444763444444444444444444447544444466344444444444444444445964434444444444444444444459522444444444444685688443444444444444443675434444444444444433444444444444444444444444444444457765344444444444
44444444444774444444444444444444455544444456444444444444444444445974444444444443444444444469733544444444444785778434444444444444444676334344444444433334443344444444443344444444444444457765344444444444
44444444444774444444444444444444467444444467344444444444444444443874444444444444444444444469833644444444444895678424444444444444444664234444444444333334444344444444433333344444444444347775344444444444
54444444444764444444444444444444458544444467344444444444444444444864444444444444444444444479834644444434444885678524444444444444444665334444444444443444444444444444433434344444444444447865344444444444
44444444444874444444444444444444468544544466344444444444444444445964444444444445444444444489825544444444443787568534444444444444444675334344444443444444344444444444444444443444444444447765344444444444
34344444444863444433444444444444458544444466344444444444444444445974444444444444444444444489725544544444442685457534444444344444444676434344443443344444444444444444443334334444444444446775344444444444
33333333344873444333334334444444458544444467334444444444444444445974444444444444444444444489725644554444443465457634444444444444444676434444443344334444444444444444444444444444445444447865344444444444
44444444444874434444443334344344444544444457344444444444444444445974444434444444445444344479734665544554454365556754444444444443444676434444444444444444444444444444444443444443444444447775344344444444
44444444444874444444444444444444446433444446343444444444444444445974433434444444444444333479745665544444455367645734444444444444444775434444333444444444444444444444444444444434434444447764344444444444
43444333334874444444444444444444347533333457334555455555555555443774444444444444444444444479855566544444445458635744444444444434444775334444444433444344444544444444444444444444444444446764344344444444
33333322333873333334444444444333235433333357433444554545655556554874555555555545454444444479965455554444444457654754444444444444444675434444444334444434443444434433344444444444444333447765344434444434
34434443333662222222564444433333454333333357322234444433444455555974556556666656565556655589965434554455554457864765455444444444443476444444444444444444443444434433344434444444334433436865343434434334
44444444434443333333684322222335664333333356322333344434444444445874555555545544555555555689965423345555553457755975565555555544444675444445444554444444444544444444444434444443444444446765333334344334
33333344434433444344453334444445545454444345444444445544443344444874444444444545554454444589974422224444543456778965554544555565554775345445455554455444444444545455544444444444444444446765344344343433
33344443434433434333444344444444444454444555545444445554454444444874322334434444445444445589974421112454443455899854444444445555655776346555555555555555555444444444444444444444444455446776444444444444
44444444444444444334445454443334444444444434454454456554454444444873332344343443443334534699974322111244444454799754444444444444445775445554544555455566556555555444444444444444444444446776445454554544
44444444344444454444445443444444444434444444444455445544444443444564344433443333343334434599974355433355666554799655544444444444444776434443444444445555555555555555555555444444444444446776444444445554
44444444334444455455455444544454455444444444444443334433445444444444554433443333333334344589985776656666667566898545455445444444444676334444444434344444444444445555556665555555444444446775344444444444
44445544445445455555555455544555555455555545444444444434545544444434543343443344444333333489987666666666655557887434444455554444444676344444444443344443444333334444444454445544455554443676444444444444
44455655554445545444444544444555555555555555544444444444555665554455544444444434443333333469865666555555554555765324544444444444555775335544444444444455443434444433333333344444445455442576444444444444
45555555445554545554444345444555555544554555444445544445458952454445544444454444434443344567776655556555555454364224444433444443454675345445545545444555545445555444454443333444444444444776544554444444
56655455545544544543454455554555555555555555444554554455445643444544444455554555444444566777776655566666666544244223443444444443442575334554555544444444435544554444555555544444443334445776534555545455
55555544544554444544544555544555554555545544555554556555544444444444444444444454455545556677766565566665455554233223344544454444444675334445664456654554445544444444544544444444444434434776534444444445
45555545555555555655655555443555665555555554554454456544555454454454444444444554454426777777666556666665444444222224434444444544445776434556544566555554555445433444445443344445444545545776534434434444
55544454455544554554554443344555655445555555654555445545455455544445444444444544444346777777666656656678645433221223444445566777666776446655445666555555444445444544434444533434444444445776534444444443
45444454454444554555544453344445554444554544654554455544454455444445444445544444444443487776566555556776545432221113334456777899899887765455455665555444444433444445544434544444444444454776534445545444
44444554444444454455445554555445554544554444545544445654455456445545444454444444445521487765665555567422112232211212334434457778999778744555555555555554455444444444544444444454444455544676534444444444
44445555444454554454445444545554445544444445555455444554455544444544455444444345455422676555655444366211100122212222443322334566887445455555555666666655444444343354345344333343444455554677534444444444
44334544544444444444444444544444345444445455554445433345544544444444423343444434445346665444555455556321110122222322443233335556788555555565566776666666544434343345443454434544545554555576544453444434
44344544554554444444544434554555544444444455544444444334444444444444333444334444434445555543333455545443110011222233333222345556556666655556667876666556555443444444444443444444445555553266545443454435
44344445555444444444444344554544444454444445444444444445545444454455555545444454445457654544434555433344211112211223334433445654457766555565667776666555555544444444344443333434444454453366544444444544
44444433354455543444454445554444444444444444444444554454445555455555554555454554455688875544444443333333212222211122343544468554577855556667767776666665655544443344444444324444444444444577543443443444
44544444444444444443444444544444444445544544554455555544455544445445544444445556657977987433333333322222212222211122234454797556678665666677777666677665654433444444544334344444454334434677643443344444
33444344445433444443344344444444445444445555555555555655555655544455444444444467589988896533333332222222211212211112224555555667766665665666777655666655554332333444434334444343443444444577643433344444
33434343344434454443343344444444445554344554456444555555656665444455545455455566799988897443222222222233212222211112223444446876655567776666766655655555554323334334434444444444444344444577643434443443
34445444444444454433344444555445433444455444445444556655566554444455455554554457899987677433322211112332212222211111222334445665555567765555655556655545455322444444444333333444344344444577642434444444
44544444444444444444445454564444444444455554555444566665565544444444444454555455687766547533322211112321112222111111222233332355555567655666556665555444445322334434334443343334333344443477642333445433
54444444444434444554456544554544444443355554444444565555555545545544555454545634455432212532322221112211112221211111122233333223455567755556666655554444445432233323333343333334433443434567642233344433
34445434334434444454455444554544444444466544344445545454445555545545556545444523343310000442321253111111111111211111122233333311345555545656655555544433344432244333334543443343333334444567542223343333
33444433444443344343334333444544444444555444445444455455555554444445555456555422333200001432321455111111111112211111122223333321234564445666555555444333334442244323456544434444335334444466432333333233
34333444444444334443444334444445443444454444444445454555444544444554445555555333332211113432321234211111111222211111122223333332223344356665545554444344433542235444556543445444445456534554433333333322
43334334333444434444444444444444434444455434344454454554455645544444445554554333322222233322321134221122222232211111122223332333212333245666544445444444433553235555655554554444455455433443333333433432
44434333334433334433443444334443444444444544444444554454554534444544455544544433332223232222221133211122232243211111122222332233212333234555444444444444333563225544544455554555554465333433344343334333
43344334434443343443333444444434444444444444444444444445443334444554445555545543332222212222221122112222332232112111122222332223222333323454434444444444332343224444455554564443444444333322355444344433
43344333343433443333433343334434544444444444444444444444444444444334434444544453332322222222222111112112221122111111112222222222221233322344443444444433333353224444454454454333433334443233355444555533
44344433433334333333444333333444543334444344443443434444554444444434444445554563332322222222232111111111111112112111112222222222222233322223444344444443333343224445454454444443433333454444455444644333
44344344433344433344334444444344444444344344444443444444444444455444444444445454333311222222232111111111111111111111111222222222222123222222333444444443333333224445544443344344444444443444455534544223
43444444334444444444434444444444344444444443344444434434444344444434444444445455544311122111232111111011111111111111111222222222222222222222223344445443333233224444433334343344444444443444454433333322
33443434444444334444333443445544444344444543444444454434444444554443444444444456865321110000132112111111111111221111111222222222222212222222222333444433332222224444433333343344434444445454443433333322
33444434444544344444434544544434445444444544444444444444444554554443344444444444554211000000032111111111111111211111111222222222222222222222222223334332222222123344444344443433434444444354444433343223
34444335444443443434343455443344444554344333444445444444444454555544444434444444443100000000132111110111111112211111111222222222222222222222222222223322222222124443444454445434444434444354344444454334
33333334333444444433333444444443334455433344444444334434444444444444444434444455533200000011131111111111111212111111111122222222222221222222222222222322222222124434444444445443343445344343333344444455
34333333333443333433334434344443323434444444444444343334444443444333544444444445552100011111121221111111112211211111111122222222222222222222222222222222222222124444444444333453444444344433333345444444
43344433333444333343334434444434433334444445643344454455445443454334444444444333344332211111211211111111122111211111111122222222222222222222222222222222222222123444444443433444445444443444333334333433
43344433333333333444434433433444433334333432434443454544544444444445454444344444333444321111211211111111111111111111111122222222222222222222222222222222222222123445444344444443333333433355344433444444
33333333333344333334454333334344333333334433433443444444534434444445444444454434322222111111211211133211111111111111111122222222222222222222222222222222222222124455443334444433433433444354344446434445
43334333434343333443444344333344444444343443333444444444444443444444433334454434421111111122111222112211111111111111111122222222222222222222222222222222222222124443444344434334433333444333443456443343
43333333333343334454333333233333334444444333544334344435444443454444344443444434442111111122111111111111111111111111111122222222222222222222222222222222222222135433443333433323333433444333333333443443
43333343333343334443334433343333433344333333454333444544434333453443334444454434344211111111111233122222111111111111111112222222222222222122222222222222222222224334334334443433334753344434444333333653
33333333444333444333333333443343433343334443333443334333333433343343453344344333333321112321113555323333211111111111111112222222222222221111211222222222222222234443343444444433333533334444444444433433
43333333444333333233333333334443335333333333233333334433332333343335444443444454433443233443334445433343311111111111111111222222222222221111111211222222222222234433333444443433344433455443444443333444
43333333333433343334434433433333333433333333232333333343333233333444444433334434444333333333344444444444531111111111111111222222222222221111111111222222223222233334333443444433444445445444444433334434
33333333434433443345444345334443334333333333333333334333333333233343443334333333333343344433444445543334552111111111111111122222222222221111111111122222222222233344345434654344544424434334444333334444
33334333334444433343333344333433233333333333333334344333333333333454443333433333333344434444444445444444553211111111111111122222222222211111111111122222222222233344335434554445545444443333333324246533
44433434533444443333333434333344333333344333343343333332233323334433234443444344343644334433443344444444555421111111111111122222222222211111111112222222222222233343444323443446544445544432323223345543
34433335433435543343333344434334553433345433332334543322233333343234234443443334344543333334434444434333575311111111111111222222222222211111111122222222222222234433444333343344433444433333433333354354
33333344334344433334434334434434443333333343334335454323233344344323434443433434443343333433333333433343685332111111111111222222222222211111111222222332222222234533333443344433334334333334444444454334
33333234333344444334544344433334333333223453334333343223433344333444343333334344344443344444333322333343676322111111111111222222222222211111112222223342222222234633333444334333333324432356444344543334
33434444334444344344444333444444443333334444344332343333433343444433333333444444434444433444333343444333677532211111111111222222222222211111122222333343222222233433334345433333333333332237434443343343
33333444444444444445454334344444443344334333444333344444433344444443333444444433343333334433344443444333666643321112111111222222222222211111222233333344222222233433434355433333332332233336433442454233
43343344433433454344465444343344443333334233333433443334433444433433344544444444433333434444344343433444666653221112111111122222222222221222222333333344222222234333433333333333343333233335334332454342
44434333433433333344345444444443443443333334434443333445454444334433445433444444433334435444443344433444666655221111111111222222222222222222333333443443222222233323433233333332333333332342223323333332
44333433444433344443334534544444433344444434544444444555445433333222334444344444444444434334433444434444666555422111211111222222222222222233333334434432322222233333333233333333332324342333323323323322
44333343344444444444445534454444544434544444444444334445444443223312223344334444344334343455544434443344675445643222222111222222222222233333333333433334421112233332223222333232233333232332323223323232
34333333344433543444555434444446654444445444454333334445454443334333444433344443333433333444333433333434664555663222222211222222222222233333343333343333321111233332233343333232323333322333223332322333
33344433444433444434544445555446653355444344444333334444443443344443344433442344334433333343233333444433566654566322222222222222222222233333334334443332222112233333233333333333323332343333333343332334
34445444444343334544554444455455553555443344444442333343344443433555444443333343344443333343343443444433466665666422232222222222222222233332234443444333222222234334234433333333334433333322343233333234
33444444433433444444455333444554554544332234443444444333243344434444444443334444333333343333433444454434456666656522233322222222222211332222234443345333322222332333333443333333234332324322433233333223
34343334334433434555555434345445564443344334433443454333333344445544432432324444334433333343333334343333335666554432333333222222222211563222233422355434322222323334434433333333332223423223322322333334
44444433333344555555445433444454444433444333333343433343333442343444332222334344334444333443333333333333333565444334544444344322222211685222334333333334322222333433444433333323232212333323322322433333
55444444443344433444334334433455344324443332343344433343333432334433333222323433334454333443333334443343333554333588668888886532222112787422233344343443322222223444444333232233333323333323333223333323
54344445554443434443333323343344355434322343334344443454332444444433343334322233343453343443343334444454444554334898679999976432221114988742223444233344432222223433434333333223323334333322443333333323
44445453445443433344333334344433454333323233224344443433322434433343453344333344344443333444464434444444454455436888778889975432221114998873223444344444332222223433344444444333233334444333333333233235
44343434445454333333343434554434454343333344233344344333334444434433443333332433344433333444443333344344444434655777767569864333222113899995223444433344542222223444343344443333343334334333323333332333
43344354334434443343344333443323454343333343333344344434334454444334444332235543343344444455433344444344544445676545664445643333222223799986322444333333432222223334333343333323333343343333322334333332
34334453243323332334334443333323344343344334433343344443444444343443444443334554443444544554444444453434444446789744444333643333222223799998522444333444343222223333334333333333434433333333232234333343
33334334234433233334434443433444334333444444433433344343334343343454444443333454444444444443444444454444455446899975333333574433322223698899832443343333343221123433434333224433334433333233332223333443
33333334334333333344433443443443444333433433333333334344443333444344334433334345444444455445444343455444434336899974333333387776543224589999842333333334443221123423433234334443333433332333333333333343
34343444343332333444423444444445455434434333334443343445433333334443334433334245444443453433444454444444443336889963332234489999764324588899842333432235554311113434343345433443433443332334333434333333
43333444333233434444444443333333344443344333434433344443333333343334445544444334554443433533444554443433333335889963333344599999764223477776642334443444454411113443344533443323444333433333333333333333
33333344332345444544444433333233344543343333333333443345443332343333444443444434454433434544444444343344334445888975433343489998763223358877763444534444544421113444344443443234544333444333222223333333
33444444344454454445444433344443344444433334334333443444333433344443334443433544445444544455444433443344333344888975433344489998753234359888863443334543553421112444443444433344433333333343221111123323
23334444334555554454545433334323333433333445444333344543433443544334344344444554444454443444333333344444334444789976433444489998753234438888864444444443333421112333332345544334343444334443332111111212
33323444344444444433433432223222333333434434444344454443433443443443344344434444433443344444433433444434434444789986433443389998643233456888753434333343343531112333333334344323344443433434334322222222
33333344333333444233443431222113343343333433343333354444433443434444333443345444433433344433443435444434434544689985443443389997642343444777753433333333443531112233333233344334333333334444333334443344
32332333333444444334443342222223333344333433434344544434433433444345433444344333333333454433443354334334333544678986544334489997532333333777864343333333443521112223343333444443443333233333344343333323
33443343334444344334443332333334333333344333343444543433444533445455565444433333333333345544544554333333333454578876544434589997532333333766753334444434443421111223333333444443434333333334444543332233
23533343443444444344344434334433334433342432443344443334434444444334465333334334334444344434434543333344334344577766643444489986422333233666653344444444443421111233332233334443433433334333334533333331
44534434454444443344334544334543444343334432333445444433454454343344443334443333333433433443433533343433334444667755543433499985322333233666653344543344334321111122322223333344433333333433333323322211
