23338742122222222212221221112323377422112222213787863322233222222123321375322334433233223532122223368888888888888888888888887646888655556567777787534332344432222322355333478888888888888888887777777777
33337742222222221112112111122322267422222222222577443322332223222212222375322333322222323221112232246788888888888888888888878645888754343467778777533332254333312322444344678888888888888888888777777777
32227753222222121211111111112322277422321222222375332333332325222321122475322233322232223531122222236788888888888888888888878646888743333467765445443333343222311222322235788888888888888886777877777777
32227853332222332122212111123344257433322331122265432233333423222211223476322223322223233762111222222467888888888888888888877646886433332367753222333333333322222222222225788888888888888864454577777777
54448854444333444343333344445555457435433442234344422233333422143323444376422223422233224553112332222344677888888888888888877646865433433334444432333332223322222222222225688678888888888754333357777777
44448854454455554445555555555554577335555554555445545444445444455444444266422233322233232222112332212332346778888878888888867645643444433322334544443333222222222222222234575568888888887543333345777777
44448854444444444444444444444444477334444455555444444544454445555555555566333345433344444433112433334433333578888866578876777744554445422222244575443334432222222222233222444557888888887533333344686777
33337853334444444444344444444444577334444444444444444444444444445554555545335555555455555555555555555555555677777754456764577753565435422222254554322422321133222222232333233467888888887643333334675677
33337853333333334333333333344444477434434444444444444444444444444544444565434444554455555555555555555555555655556655665555677644555556544444554444443544432344222244222323333467888888887643333456674587
33338853333333333333333333333333477433333343434444444344444443334444444576434455444555555555454455555555555555555555555555347634555556555556655555555555555555555556544544444566777777777543333455564477
34338854333343344333343334333333476334344433444444444333434443334444344576434444444444444444334444455454555555555555555555327654555555555555555555555554455555555557555555555565555555565555554455555465
44448744433434443444444444444444476434444444444444444444444444444444444575434444444444444442133444444444444444444444445545557644545555555555555555455555555555554456545555555555555554565555555556555545
33448744443333333333344444444444477334444444444444444444444444444444444566434444444444444442266444444444444444444444444444477643444444444545555555555555555555544454444555544444445554454555555555555544
33338844333333333333333443343344477334334444444444444444444444444444444565334444444444444442366444444444444444444443344444477753444444444444444444444544444544444444444555544444444554444554444454455544
33338844333333333334444443433333477334333333343344443433444444443443443676434444444444444443556544444444444444444444444444567753444444444444444444444444444444444444444444454555555554454544445444454554
43347844333343333333334433344334477434433444444334334333343334433434433675444444444444444444646634444444444444444444444444467753444444444444444444444444444444444444444444444444444444444444444444444444
44448853344444443333333333334433477434444434444334434433443334434444433674334444444444444334747634444444443444444444444444467753444444444444444444444444444444444444444444444444444444444444444444444444
44436843444344444443444333443443477424344433444444444334444444443334434665324544434444333335846733444444433344444444444444467753444444444444444444444444444444444444444444444444444444444444444444444444
44435844444444344444444433444443477434344333344344443434444433444443444667633644444444333444845734444444333333344434444444468753444444444444444444444444444444444444444444443444444444434444444444444444
44447844444334444444444444443443477434433343434434443333344433344444444676973654444444444443744734444444434444344444444444468764444444444444444444444444444444444444444444444444444444443444444444444444
44437844444444444444444444444444366334444444433444344334443444344444444676995475443443344442544643444444444344434444444444467764444444444444444444444444444443444443444344344444444444444444444444444444
44447844444444444444443444444444356434444444434444444333333444334444344675798366543344334443564553444444444344344444454444457763444444444444433434444444444434444444433433333334343334434433334444334434
44437843443434344433444444344434477434444444444444444444444444444433434676599546654344334454573454444444444443444443444444468764444444444444444444444444444444334444444444334434444333333333334444434434
44437853333333334443444444333334476424444444444444444444444444444444434676479855455444444344575564444444444444444434444444468753444444444444444434344444444444444444444444444444444444444444444444344443
44435854334444334333333444434444577433444444444444434444344444344444444675459975422343443333575764444444454444444444444444468643444444444444444443344434344434343443444444444444444444434444444444444444
55445854445444444444444444444444466434444444444444444444344444444444444675458986431234343333568954434334444444344444443444467653444344444444444444444444434444434333333333434433434434344444334444444433
55547854555455555555554455444455566434444444444444444444444444444444443475448998434434444445469744434333344434444444343333358754444344443443333443434444443444444443343444444434443444434433333433333433
44447853555454445544455555555554576435455555555555555545555555554444443576447999656775666666578644444444444334444443344343358754334333443444344334334434444444443444333344444444443444444433333333333333
34436853444444444444444444444444576334444444554454444444554554555555444675336999867766666665677545445445444444444434444444457764333343444343333444444434344444444444344444434434444444444444444333444333
33336853323234334444444443444344366334444444444444444444444444445555655776345689876666566554545434445444444444554444444454457764444444444444444444444444443444444443444444444444444444444444444444444444
43336853322334333433343334434334366434334344434344444433444444444445555775446557876665565554433322454444444444445444554444457764455555544444454444444444444444434443444444444444444444544444444444444444
34435743333333333233333334433343476323433344444344444444444444344444444676434556767665556555542221355554444444444444444444446665555555544444556555544444444444444444444444334444344444444444444444444444
33433444554333343333333333333343476423334445444453344445445444344444444676434555677665566654542122225555556655555554445555555555555555555665666655565555555555444444444444444543444443334433334444444444
44434334532333432233333333333343476424334433444444444444444445554444444676335677776665566665432232223444445555565545556666666655666666666666666554565554455555555544445444444554444444444444444434444444
54444444433343433334433333333333466322323333434444344444444444444444444675335567766665655785442223332244444445546657777666556666666778767766666655555554444444444445445544555555555554454444444434444443
33443455444444444433333333333333454322333333333333333444443433433343454675334138776565545532222222232133334456766667676666766788777777667776676655555565444444444444443444444445445555555454444444444444
23444444343444444444333443333432223323333332332333333333333333444443442475334267665654456200012122223333454466666666677776677777877777677777777655555566444444444444443444444444444444434545445555454444
44444443344454444454444444443332222333233222333343333333344444454433443575334676644554445442112112222333366435556667777666666777766667777777776665455555544544444444444444444444443444434344444445444445
44444443434444344443444433333333333333333433443333444334334443444444444676334556544444544342122112222233355633566666776666676666666676777777666554444445544444444444444444444444444444444443443434444444
44444444444444444444443233344444444443334443444444444344444333344445444676424555555444543322122212222223334453467776666666677667666666666676665543344444444444555544444445444444444444444444444444334444
44444345343344434434343344454444554343343444444443444443344343345444344676235557654444432222122111222222333344356665556776666666666665566666665443323343334556666665554444444444444444444444444444444444
54344444333444443433334433443444443333343445434444343443334443334433344564465588985333321233121111222222222234335554466776656666656555555556654443222343233444444444444445556555544444444444444444445445
44445444354444444344445544433445555444544455444444444443444443343443334664565897898422221231111111122222222222246643456676666666655555555566654432222233223334333333334444555544555555544444444444444444
33344444334433433334444344444444555444454455454444544544443334443443434664457999888432221111112111122222222222225533456666666666655555555556655422222222222445443333333333344444444455555555555444444444
44434433223333334334434344433444434444333445444444455555433334443444433544457898766532142111112111122222222222223333456666666666655655555556655322222222222454444444344433344444334344444444444444454444
44444344434444434444433444444454333444344443344444454455445434444433443332423465531342133111222111122222222222223334455566666566555555554467655311221222222444434444344434433444334333344334444444444444
44444445544445444454444444444444444433443433344445444445544554444444444543422333100242133122322211112222222222222234455566666666555555544566553211111222222434434334544444444443443333333333333444444444
44454444544444444544444344444444444444444344433443333334433454444545444544322232001432132122221111112222222222222223455556666666656555554566433211111122222433434444444444444444544444434434433333443333
44444444333334445444344444445444444334444334434343333343444444344455444544433322223322121111112111112222222222222223345555566666655555543664432211111111222444444444345444544434444444444444443444444333
54444444444444454444444555444434544443434434443344444444544454555544545545543222222222212111112111111222222222222222234545566666554454434553222111111111223444444444344444443444434344444344444443444444
54344455545454454444455543344444455444434444444444444444454554445444445544555232211222111101121111111222222222222222223444566665554444444542222111111111223444544443334444544544444443334444444444433433
33443444444444554444345444454445455444443344443444444444554444434444444454445322212111111111111111111222222222222222222344555555444434443432211111111111223334444333423343444443344443444444343443334333
44444334444444445454444445444455454445544444444544444445554444445443444444434433211001111101111111111222222222222222222234555444433344433222111111111112224333343233433333332443443454433444443343334333
45444444454444434554445444334555454444444443433444455445555554445444334444533443210111111111111111111222222222222222111223444444433344332221111111111112223333333333434444433333333434333443443343344333
44445444455445443344445434343444344445444323344334455444455555444444444445433210000111111111111111111122222222222221111222444434333332232221111111111112233544443333433433334343344433344434433344443333
43344444444455555455444444344444445544543334444334544443345555544444433455433310001111212211111111111122222222222221111122333333333322222111222211111112234443444344444433434443444443444433433453333333
44444444445544444545545444444444444444444444433445544443345554432333334543443421111112333421111111111122222222222121111111233333322222211122322211111112234444444343443434434443443334444343433343334443
45433444444444444444444444444444455445444554444455444444444444432233444433344342111124344541111111111112222222222121111111122333332221112210232221111112234444444333334333444443443343344334543344334454
34444444444444444445444454444454443444444454444444444444444545443443444344444444433444455463111111111112222222221122111111112222222221222000132221111112234434344333333444444343434333333344433333334344
33433443344545445445444444444444444444344454444444444544444445453344444444444434444554544565211111111112222222222122111111112222222222220010023222111112233333344433334444443333434334333344443334434343
34333334333334444455444444444444344444444454454444444445444445444444433444443433444555455566411111111112222222222122111111112222221223200111022222111112233333343333333334444443344434333333334334433443
34434334444344444554444445443433444544444334444444554444444445444444444444443334444445444566631111111112222222222122211111222222222231000001112322222222233333333332233333334344334444444433433344433443
33454344444344444344344444444433444334333334454545555455543445665544455455554344555444433566652111111111222222222222222222222222223320000000012222222222233333334332233333333344433444444333444454433433
33444334444434444433334434444444444334444334444445444555444444555544455454454454544443323366554111211111222222222222222222222233333210011111232222222222233344334433323333433333433444343333344444334434
34443333343333343343344334443444334334443333334344334454444344444543443344443333344444434356543112221111222222221223322223333333332221111134444222222222233333444334333334333344443444343344334444434433
44544433333333444443344444444344444343443444443344344444454444333454323444433343444444444445643232222122222222211123333333333333342222222134344322222222243344334333333334333343333443333344434333333444
44444444333333434444444333444444433333433344444445343443444433333344444433444444444443433444533244222222222221111123333333333333332222222234334422222222245443324443343334334434433443333434323333332444
34334434444333334444444434443334333432333344343454443433333433343344554445444444444444434444445579422333222221111233223333343433333222222224444432222223234445444433333444355444433344333434334333333333
33433233444434433333334444343333323443333344333344433433344434444444443444443334444344444443687658643333332222111233344344443443333222222324444343222223223444334433444444333343333334334333334332332233
33444334434443334333333344443344343434434444333333332234344443344443443344454444544444444445898534643333333222221343333433433463344322222223444444222223223443443435443443233344333334334433333333233333
44444344443443344433344444444333334444444444455444443333344344443444444344544444334444434447999732233333333322222333433434444453444322222222444443322222223433443343333323232333333333333332333333333233
33443344433333444333343343333443434544454434445444343344345444334433443334444444444443444448999963223333223322222334433333444334433432222332444434422223222333433442333333233213233333233333323334432333
33433443333333344444443344433334343444443344434444355334443443334444443334444444444444444359999876224433323322222323333433444333333332222232343333322223222233322344233343223211223333333333333334433333
33444343333443344444444444443444434334432344444444356444444334444444443333334344344443344379998764334433433222223333334743344434433442222233232333431222322234234544333342212222233233333333334333333333
33443433333444443334334435444445444445544333344444345443344444434444433344344443444333333489987754334443335422223433334433344444434443333223234344443222322223434543333333323334433343432333333343433333
33332332443343334333323334434444344444543343343434434433334444444444443444344443433333444589997544443433348732224433345433455443444433333223223444343223221124543443334444334443443333344444334444333334
33333334434333333443333344322343334444443443443343433344444444323344344434444344433444344686886444333334359742234434444444445444344343333222226644444322221124444443434443333333333333353443344433334333
23333433334333333333343333333322344444443333444444443343443333333334334444434333334444445775475344434344378632234344544334433343443333333222235534644322221134444444345443333344333433343333333333343333
32222333332233322322232343334434343345544333444443444443443333444335434333444334334434457766353344333344477532234446545444543333323233333222243443555322222234544333334344333344333334333333433333444434
33333443333333333332332334333433343334434443433344444433443433334434333443333344444333467666553444343443586432243445444445443323232223333222222443445422222234544443333343333343333333344333443434333445
23333332233333333333334543323333442344444433333233443233443354334333343333333343333334477766543444434433675443343334334334232324333323322222323545454332222235544444433443343464333333444443445543334444
23332233233343433333333433333333333333433332233333432233453444343343433333333343332223577666644334334533765443344333333334332344443445423222333544454342222234434323322233433344333332333333344544444544
43343223333333433334343333333333322322333343223333453332333333343333234434433322334432566777643235434534765433333333333335322365343444423222343433344332122233312322222233333333644323333333544333355542
33333433333333333343343433333334233333343333323344343333333333332332234433333333333333556665433333233436865442333333222333333266343433322222453343233223122232312212221233333323334233223333334444444443
33434333233333433443333343333443323333334333433333353233332333333343343333332333333354466653344343333436765443233333333332333356333433322223444331233233122222212123211232322323323223332322233333444333
33434433333443333433333333333433344443333333333333343333333333333443344333222444434453466654234444434336665442233333433333333343244233212223443433332223112222111113221222322223213223232322123522334333
34433433344434433334333322434443344243333443333333333434343332334432343332323433335543454543234433343325655432343322423333333432333223212223332332323212112222211112211232221222112411111353121112132133
33333323344333344334333333434334333344433343433333433344344432334433333333333333444434444432233443343325544321333223332233332334322233212222332332222221112221112121111121111112213420323232123110231233
32222212233343333444344333333333433334433443433344334333333333334433433333334333343333334322223343333324543212332231234333233333332222112223223322222121112221111111111222221111211330332325225311332343
32223212223333334343333223343444443433433333443344343333333333334333333334334344333333343322222333333333653223332332323232323333222431112223223221211121112221111111111122331111244211133235654423334433
33233233344333333333333433333433233333333433432233343443444333343333332444333344334334343332222322233333664224333323223332443333433331122232223111110111112221121111111111112121255222233233443323434534
33344433344333332233233433233333233333343333333223343344445333434433333333244344334443444333222222134334665333333333334333233323333321122232222111110111112211000111111111112243433344224424333333445444
33323444334433233343333333333333333433444333444334343344444444334433333333443334434444344334222222212333664233332333233233233223332221112232101111100011111110000014101001222123324432225433333334434444
33333344434333334333333223343333333344344333333343333344433433443343334334333434333432345434322222212434664233333323332234333223213211111221111101100111111110000024100111122233235423542334322333433445
33344444422322223443333433233333323333323223322233334333333333443433333334333443343323333333321122112433665332333223233213233223222111111211111111110111111110000034101121232233333222433234322335532334
32343333321122333333333444233333332333333333222344334433344333443333433323333443443334333343441111111444665343222134323333333222321111111211110010110111111110110111202222232234223322334333323334433334
22334433332222212322234453233333323333444344333454444343434444444434434533344434455444233334433111111435875233333222323334333332211111111111110000011111102201100111101222222223223322334344332335423434
23443332333233321222333343333333344333444344344444333333433544433334434444334434344444344444334421102436765223333233233323333222111111100011001000121111103301110112122233225433333422233453233335432465
33432333343233333333334333333343454434334334444443333333333544443343444333444334443444433343443333213446664223322323333321221111111111100001001111221111111111211112133333325324463543323554323433345564
33333423333233232332333333333434432233244334444433333322233433443354443333345443434444333333433324333346554133332223432221111111111111111111011111111111111221111123344343343343233653333444343323334434
34443333333322234443343333444454433334443333534434333333333333344344344443444443434444333443333234333344345232222213321111112111111011111111111111111100002211221234444344333443333443333444333224433334
33333333333433334544433344444453333444344343334344344344433433344333444443444433334444343333343333343443322211111111111111221112221122222211111111111111012223233333242333233433333322332334232224332334
32333343333333233343333444434433344443454444444334434324444445455444544344445543434333333234443333433465532111111111112222321333333333321111111111111222233322232244323333333344333332322333234323223333
32343333334433333334444443444434334334345444433334434544445454444534543344444444444333432234554334444555542111112223343343433343334333221111111111112223332222222244223333333333323332333332333323232333
33334433334322234234334443343432444444344333333334444443443444444334433333444334343434443344444443344554432211333323554333444444433332221111111111222334332224333343222234432243332322322332222224444323
33333333334443344333444333332433443443343333323433444333444433444334344333333433434544534444444433344444443333433233433323344444433333421111111222322333323233233233233334323334221332232232232234443232
22343233334443343334444333434433434443333334323343443344333334333333444333343333344443433543443333443444333444434344333344333443333333321322222333433332333333322333342333333334232354333222233222222242
23333333333433333444444434534445334333343334333333334343343333343333443443433344434444444444332443343433332345444333444444434433344434333333333333333333333323333433333233342343333344333222123223123232
43443333343343333444433444333344323333333344334443344433343343433444433443444443444433333344343333333333334333343224333333334444333344533444332333334433322323443433333333333333223322232222323333223333
33333333344343333444433433334433433333344333433444344443344443223334444343344233334433333333444233344433333333444434333323334443333353344344332333334333442333443323423434333333334422322332233323322323
33333443233333234434332433343433343334334433433443334444333334444544443443332234344333333333443333334323333333344444444333333334445433333333323332344433443443433334434654333323434333333332222232323312
33334344323443334323322332354322343244333334333453344543443433543543334532332333334333443433443334333333322334344443434333443244445533333433333323332323444343422332335443333433434433322332332233323333
