55444444445554445544444444444444444444444444444447999841355569865555555555555555556689745899853555555555555555555555555555555554444469865555555555555555444676444445675455555666666666666557865555555455
44444444454444444455444444444444444444444455444458999842355569855555555555555555567899657999853555555555554455555554455555444444434469854455555555555554444555444445675445556665556666666668965666665665
44444444444444554444434444334444444444444544444458999852355568864444444444444445567999557899843555555444444444555554444445555555544468643333346765555444456654444444675333445555445555566668965666666666
33323444444344444444444444434433344444445666644458999842354457764444333444443334478998458889843555555555555566566655555455555555555555544444457853333334567754444444675334444555455554455568965666665556
44333333433443444455555555544454344444457999645558999842354456655554455555555555479997358789833545555555655655556554555555555445555555555555555654555555666566655555565555555556555544455458965555545555
55544344444544555556666556555565555555556666555568999841354445666555666655555566479996357789833555555555555555555544444445555555555555555555445555555555555555555555566555555566655555455458975433445445
55555555555555555556665566666555566655555555665568999842354445666665556665555555479996557789733565566665555555444544444455555555555555555555555555655544555555555555555555665676655555555558974333444444
44444555555555555555555555556665665555655556555568999942454434556665568975555564379997647789633555555544455555444555554555555555555556666655565666555555555555555555555555665556555555555556664454444444
55555555544555555555556555556656665555555566666568999952444544556655567644555554379886436889524555555544555555555555555555555555555556655666666666556555666666555555555555544445445555555555555665444444
55555555555555555556665555555555665555666655555568999952444554455555555555555554278865436889435555555555555555555555555666655667666665556666666666666666666665666666555555555555456666555555545654444444
55556665665565555555555555555555556555555555555577999963445554455555566655555664267765346788435655666655555555665556666666666677766666666666666666665556666666666666666555555555555667765655556555555555
55555555555555554445555556555555555556555555556678999975544554445556666666666664268765456788435666666655555555666665666666667766676667666666665555566666666666656666666555555555555689843555556555555555
55555555555555555555555555555555555555655556555578899985444554445566776666666664378666556787445556666666566656655565566665677776666666666656655666666666676666666666665556665555666566644555555555555655
55555555555555555555555555555555555555565666666678799986544545444666666655566665368766556788656666776666666666656655566666666677656666666666656666666666766666665566656676656677666555555555555455555555
55555555555555555555545555555555555555566666665688889997544434444566666666555665468776446788446666677766666666656666556666666766666667666667777766665556667766666667656665555667666666655555555545555555
55555555555555555555555555555554555565566556666679899997644343333466655666556656569985435796256566656666666665666666555566666655666666666666666665544556667766556666667666665566555665565555555555555555
55555555555555555555555555555555555555555565566678999998654332233355555666566656569865335885356666556666666666677666655666666666665665566666666655655565667655556665666666665565555555666555555555555555
55555555555555444555555555565555555555555555566578999998654332222245555566556556678865435884466666566666566666666666555565556656666555556666665566666666566666556655556666555566665555566555555555555555
44555555555555445555566555555555555555655555555579999999654332122224555555556546668887436885565556666665555555655555555555566556666655666666655666566666665566555555556666556555655555555555555565555555
54555555555655555555555555555565555555555556665579999999754332221113555655555446679887757985565566656655555555555555555555665556666655666665556655556666655555555565666665556544456555555555555544444554
44445555555555555556555555555555444444555556655589999999754333211101456655555456678876548975655666555555555655455556655555655556667766655655556655556666666555555555666655555555455555555555544444454444
44445554555555555555555555555544444455555555555579999999754333111100466655555456778876579975555666555555555555665555555555665555666776566655555665556666555555655555565555555555556666555555556665555555
55555555555555555545554444555555555555555545555569999999754332221100255555555557678888799855654555555555556656666666655556666655555655666655555665566666555555556655555555566666665555655556566666566555
45554555555555555554444445555555555555555555555557999999754334432221135555655557678888999866543455554555555655666666666655555655555556555555555555566655555555566666666665666666555566655555556655555555
55555555555555555555445445555444544455545555555556999999854466654432114556565556568999998655533344444455555555555555555555455555555566555665554555555555555566665566666666666666666666766555555555555555
55555555555555555555555566555555555555555555555556999999877888866532125666666665478999996555422334444444444445555555555666555555555555555666554555555555555556655556665666666666666777776555556665555666
55555555555555555555555555554555555555555555556656799999888888877765567766786675589999975454322234454444444445555555555556655666655555555655555555556666665555555665555555566667776677665555566666666666
44555555555555545554445555555455555555544444555555689998877666665787777788866685689999865455321223454445554445555566555555666665565555555555655566656765555555555556666665555677776676655555555555555666
44454444445544454555555555555555555555444444455565579877666666676777666678765686689999754444211223455555555446555555556666665666655555555566666677666766655555554566665555555676656666666666555666665556
55554455545455455445555555555455555554445555556656788777666666767777776676665588789999643344111222344555555456654455656665555555544555555555565555555666655555655677655555567665565555566655655667655555
44444444555555444444454454555455655555555445555557876766776666666677766665456569889988632353111222344455555346655555555555555555555555555455554555545555555555555665455566555666666666655555556666666666
43223345556665544554455554444555555556555555555688765667776666666666665555556558877887522342111122244445565246665545555555555455555555555555555555555555566554555655555555556666666555555555665556666666
43344454556555544555545555444555555555555555678877767766666666666666655444455544776675322331111122244445554235665555555555555555555445555555555555555555555555555566555555555666665566765655555556665666
44445555555554445555433455545545554455555677887678777666666666666655555444445532365454322211111122344434443234565554555555555555555455555445545555555555554555555545555555555665566656655555555556655555
55455655545544554445544455555555555555568888877788787666666666666556555544445422266443221111111111233334442224556555555555655555545555555555554445555555556655555555555555555555555554445555665555666655
55545555555556544455555555555444556556776777788887776666666666766566655544334431244442221111111111233234431123455555555555555555555555455554445555554445555555555555555555555555555555555555445445555666
55444444555555544455554555555555555556767777888887666666667667776666666665443331233332221111111111222123421123445555555555555555555554555544555555444455455555555555455555555555556676545666555544455666
44444555555555555555554445545555555556778888888776667666766677777776777655444332222332221111111111112123311113345555555666555555555555555555555555555555555555555555455555555555676544467777665555555555
44344444555544555555543345544444555457988888877666666666777777766555555655333332222222222222211111111112211112345655555555555555555555555555555555555555555555555555555555556677764345666666655666555555
44444444444444444555443445444445555459988888877667666767777677755555554444433322222222222222211111111111101112245555555555545555555555555555555555555566655555555555555666666655555566666665555456655555
44444455544445555554444444454445555457888888877677766667776777766555554443333322222222223332222211111111101111234555555555555555555556665555555555666655555666555555566666555544556666666666654444555555
44444444554444455545555545544555544434798888766777666777766777777655554443222322222212222333223222222211111111235566555555555555455555555555555555556555555555666555556665555555666666666666665544445555
44433344444444445445555555555555554314888887667776667766566788888745554332222332211112222233333332233211111111234455555555555544444445555555544444555555555555555555555555666555556666656666666554433445
55444443333334334555555555555444554426988877667666666666437888998745544332222322111112222223333333333222211111133345556655566555554455555554444555555555555455666666555665566556656655555566666655433334
55555443343334345555555555555555544458888776777766666666667877766434443333222232211112122223333333333323221111223335556566655555544444454445555555545555555446666556666655555666666665555666666665443333
54444322344444234555544455555555444588877666776666655666798544332111122233222233211121122222333333333333222112223224555555555555444444444444455555544444665556544566656666555566666666666666666666544333
44443212233332233334445444445554445787666667766554445567886321110000011123322223222112122222233333333333332123232223566655555455445555555544555665555556776667766666556666666666666666666667776766654433
44455333233322222222334444444444445776555566655544456535875111001111001123222222222113212222233333333333332233332113455544445544555544555455555555556777777777766665556666777667777666666666777777665433
44554444455432112223455544444445557655555555555434566655774221211100000112212222222113222222223233333333333333332112343444454444555544555666666655766788877666655566666666667778887666666666677777776433
55545555555443334445555545555555566545544455554434555566665434310100000112212222221012222222222223233333333333332112333444555655555555567776654456787898766666555666666666666778887666665556667777766543
55554444455555555444455655566677776655443345434435666655565544321010000011112222221012222222222223223333333333332122222334666555666666766654675677897777556665555667666666667777777766555555667777766543
55444444454444555555555665555666667655433343222445566543443344332101000011222222221012122222223332222333333333332122212235654333333434556855799778888776655666676666788887777887766666655555566777766654
55444444554444555555555666567665556654443333223445554433332344332211112222222222221012122222233322222333333333343222212124333223323335778865777667776666655666676666778888887788776665555555566777766544
44344445544455444444455566689865555555443334334445443333333333322222233322222222221112112222223332222333333333333333222222222223344455667666666666666666656666666666777788898776667776555555567777766543
44445544444455444444456788999976554544443344444444333332332222222212222222222222211112111222222232322322333333333333333332322223334566556665555555666677877788667777777888887766666778776665667777666533
44444555444444344445688999999998756644433334443443333322322122222111122222222222211212211222222222222322333233333333333333333322223455555555555555555677887887666777778888887655666777777776677767666543
45444455433444444446899998888788755533333333433333332222321122222111122212222222201211221222222222222222233333333333334433344322222344455555555655566676676676666666677877777666666666677776677667765433
34434554444444444458999986789876544433333332233332332222321222222211122211122222102111111222222222222222233333333333344433344332122233345555555556667888766556566666666766666666667776666666677777765433
33345555555555544799999987898986666533332232223332222222222222222222122221222222112211111222222222222222233233333333334443333333211122334445555566677889866766676677766666666666666666665556667777665433
33345544555555457999999998899997665433322223322222111212221122222221222222222222122111111122222222222222223233233333333333333333321112233445555666656777766676666667776666666666666666555545556777665433
44432234555444577889999999999997653333332222322211111221121222222111222222222221122111221112222222222222222223223333333333333333332111233344455666655677555666666666776666666666666665555544445677555432
43322333334446555569888999878887533333322222222111111121111222221111222222222221121111121112222222222222222223223333333333333333332111223334456666665566545666776766766666666666566655544454445666654433
33332344322367344478687766544577433333322222222111111111111222111111222222222122221111111112222222222222222223223333333333333333333111223334445665555456656777767666665556666666556555544444445567654442
44444444443384134366566543222257633333332222212111111111112211111222222222221221122111111112222222222222222223223333333333333333333211123334444555545445667777766666666556666655555555444444444566654432
33455444442562124354454211111113753333332222211111111111111111111111122222221221112111111112222222222222222223223333333333333333333321123333444444444445666777776666556666665555555555444444444456665432
44334444333641123353442100000000474233333112211211111111111111111111111222112221112111111112222222222222222223323333333333333333333321112333333344433355566666776666555666665555555555444444444445565532
44445444335532123242431000000000175322333212211221111111111111111111111111222322111111111111222222222222222223323333333333333333333332112233333334433345556666777665655555555555555555544445444445665432
34444444345432122232421000000000165322333211211143111111111111111111111122222322112111111111222222122222222222323333333333333333333332111233333334333334555556666655555555555555544455555555444445676543
45444455565432222232320000000000165223333211122254211111111111111111111122222322112111111111221222122222222222223333333333333333333333211233333333333333445555665555555555555545555555555544444445666443
45444556664432232332320000000000364223333311122234211111111111111112222222222322112111112111221222122222222222222332333333323333333333211233333333333333334455566555555444555545555455544444433345776533
44444555664433332322321000000001553233333321112223222111111111111222222333222211111111112211222222122222222222222232333333323333333333211233333333333333333345555555445555554544555445544444433334787533
55545555565434333323322211000124553233333321112222221111111122222223332332222112221111111111122222122222222222222232333222223333333333221223333333333333333334555555444455555555555544454444433333555433
45555655666543333323333332112344432233333321111222111221122222222233322332211113311111111111122222222222222222222232333222222333333323221123333333333333333334445555554455555555555553344444433333455433
55545555565543333333333333333443222233333321111222222111121222233332222332211112211111111111112122112222222222222222332222222323333323221123333333333333333333344444554455555555544555444443333334555543
55555554455444333333333334444332222233333321111222222112221222233322221232111112111111111111112111112222222222222222322222222222222223221122333333333333333333334443445555555555555445434444333333555433
55655544456555444333322333332222222233333222111221101113321222222222111232111123211111111111112111112222222222222222222222222222222222221122333223333333333333334433344555555444455554443344333333554432
45655544566666444333322221112222222222232222111221100012321222222211111122111122111111111111112111111122222222222222222222222222222222222122222223333333333332333334434444455444555455444334433333444332
55555554555656444333322211112222222222222222111222210112211111111111111111210121011111111111112111111222222222222222222222222222222222222112222222223333332333233333333344444445555445544334443333444332
66555544444556443333223212212222222222222233211111211111211111111111111111121211011111111111111111112222222222222222222222222222222222222112223222223322222333223333333344444444455444443333333333344332
55544434444456433333333212222222222222223333211111111211111001111111111111111211111111111111111111112222222222222222222222222222222222222212222222223322222232222333333333333344444444333343333333333332
55643234555557544433332222222222222221222333211111111211110001111111111111111321111111111111111211111222222222222222222222222222222222222212233222223222222222222333333333333333333333333333222333333322
55665555555557777554431111221112222222222233212111111111100001111111111111221311111111111111121211111222222222222222222222222222222232222211223322223232222222222333333333333333333333333333222233333322
55555555555556789886532122221111111111112233211211111111110001111111111111222311111111111111121221111222222222222222222222222222222222222221223332223333222222222233233333333333333322222222222222233321
45444445554444568998642222211111000000001233311112211111110001111111111111222211111111111111112211111222222222222222222222222222223222222221223332223222222222222233323333333332233322222222222222233321
54444444444333345666542222233100000000001133321111111111110011111111111111332211111111111111112211111222222222222222222222222222222232222221223332233333222222222223323333333333223332222222222222223222
44565444444443444444443344553110000000001133321111111111101111111111111112322221111111111111122211111122222222222222222222222222222232222221223333333333222222222222322233222233322232222222222222222221
44555555444444445555554554553100000000001133321111111111111111111111111123211221111111111111112221111122222222222222222222222222222222222221223333333222222222222222222223222223322222222222222222222221
44455555444344444455554555532100000000001133321222111111111111111111111223211211111111111111112222121122222222222222222222222222222222222222223333333222222222222222222222222222322222222222222222222221
45555554443454444445554444443211110000011233321222111111111111111111123322222211111111111111111122211122222222222222222222222222222222222222223333332222222222222222222222222222222222222222222222222222
55555554434555555555545444553111110000111233311222111111111111111112334311222111111111111111111112211122222222222222222222222222222222222222222233322222222222222222222222222222222222222222222222222222
55555554445555555555554354321122011000111243211222111111111111111234443111211111111111111111111111121122222222222222222222222222222222222222222223322222222222222222222222222222222222222222222222222222
44445555555555445555554422111133011111101233211222111111111233223444321111221111111111111111111111111222222222222222222222222222222222222222222223222222222222222222222222222222222222222222222222222222
44555455455555555555654311212232111111101233211222111111222244344432111112442111111111111111111121112222222222222222222222222222222222222222222232222222222222222222222222222222222222222222222222222222
44433444445555545554563112232222111111001223211222111112221101123211111235554211111111111111111121111222222222222222222222222222222222222222222222222222222222222222222222222222222222222222222223322222
54443444555554334444455322434455311110011223112222111222211111111111123455545421111111111111111121111222222222222222222222222222222222222222222222222222222222222222222222222222222222222222222223322222
55544455555443334444444455667543211111111232112222122222111111111122345544455642111111111111111112111222221222222222222222222222222222222222222222222222222222222222222222222222222222222222222223322222
55555555444444445544443455554332111111111232112221222211243123212225654445555564211111111111111122111122211122222222222222222222222222222222222222222222222222222222222222222222222222222222222233322222
55544444444455555544333444433221111111112222112221222234554234445425664444554466421111111111111112111112221122222222222222222222222222222222222222222222222222222222222222222222222222222222222233322222
44444444444445654444323333322111111112222222112212224445444335544435543455444456653211111111111112111111121122222222222222222222222222222222222222212222222222222222222222222222222222222222222223332222
44555554444544344344332222211111111112222221111123555444554335544455554545555554565311111111111112211111121112122222222222222222222222222222222222211222222222222222222222222222222222222222222223332222
45444554455444444444434321111111112111233211111145554444555345445555555555555555577522111111111112211111121122222222222222222222222222222222222222111122222222222222222222222222222222222222222223332222
44444455444444444455544442111111111112344522233465554444555445444555555554445555557633221111111111211111121112222222222222222222222222222222222222111112221111112222222222222222222222222222222222333222
44444455444444444455544444311111111123444444455555555445555554444555555544555544555654211111221111221111121111222222222222222222222222222222222221111111111111112222222222222222222222222222322222233222
33334344444433444555443334432111111234444444445545555555545555445555555555455544555565421111222222221111121111222222222222222222222222222222222221111111111111112222222222222222222222222223222222222222
33444334554444444443343344333221123333333345555555445665555554445566655555444455444545542111122222222111121111222222222222222222222222222222222221111111111111111222222222222222222222222233322222222222
44444445554554433334443332333333334433444445445554444565555444444566554454455665555555554211112222222111121112222222222222222222222222222221222221111111111111111222222222222222222222222333332222222222
44455555444444444334443334543444444444444444334444444555544444555555555555555555455555556531111122222221111112222222222222222222222222222211222221111111111111111122222222222222222222223333333222233222
43455554444445544332333344434444344455544554444445555554444555555555665555444554445676556753111112222221111112222222222222222222222222222211222221111111111111111122222222222222222222233333333222233322
44566555433444434433344444334434344555545554445555565554444555544455555554455555556677666886321111222212121112222222222222222222222222222211222211111111111111111122222222222222222223233332222322223322
44554444333455555544444444445444444444444544445555555566655565444555544555555555555555655788742111222222221112222222222222222222222222222211222211111111111111111222222222222222222333222222222232223332
44444443334565444444333335555445555444455555455555555566655555555555554444455544555455555678875221222222221112222222222222222222222222222222222211111111111111122222222222222222233332222222222222223333
44444443455555444444444445554444444444555544555444455555555555555555434444455655555555555568887532212222221112222222222222222222222222222212222221111111111111122222222222222223333332222222222222333333
