32337632111222221378786432222321122212322127632233443222322353222222235878888888888888888888888864588874555655777778753333234443222232345533357888888888888888888888888888888888888888888877777777777777
22237632222221221267754322223222322121222237632223333222222332111223224578888888888888888888887874488886444335777878754333225433331232344434467888888888888888888888888888888888888888888887777777777777
22127632332122222237533233333222422222112237632322332222322254111222212577888888888888888888887864588885333335776645544333334322331122232224578888888888888888677788888888888888888888888887777777777777
34327632332222211226433222333232322221122337632222332222222267311122222236788888888888888888887864588743333335775333233333333332222222232222588888888888888886445568888888888888888888888888777777777777
55536733443343212324442222333342213322243437742222342222322356311123222224467788888888888888887874587543333334444443233333322332222223332222668767888888888874433336888888888777777888888888777788777777
54457624554554445544454444444443335543444415742223342222323323221233211233234577888887888888886775464334353332233464444332322222222222222223467557888888888754333335688888888777654788888888777888888888
44357633444444555544444454445544555555545446642334443334444434321133232343333347888887766888677775445444452222224457644333443222222222223222244456788888888754333344487688888887764788888888877788888888
44457633444444444444444444444434444445445554543545545545555555544455555555555457777776444667446775346543442222225455432343232112322222223333323346788888888764333334576588888777753788888888865576788887
44447633444444444444444444444444444444444455543444445445555555555555555555555556555666556556557875456555554444445444444444443334422224422222342346788888888764333446766488888777654888888778644344567865
33347643333334333344444444444444334444444456642444544445455555545444555555555555555555555555544764355555655555666555555565555555555555755544554456677777777644333355655368777777754887788766433333335643
33347633333333343343333333333344333344434446642444444444444444444444444545555555555555555555542665455555555555555555555555445555555555755555555556555555556555555555655455556677744666666655444433345433
33347633444444444444444444444444444444434357643444444444444444444344444444444444444444544455455775454455555555555555555555555555555545655555555555555555556555555555655555555577754555555555555555555555
44457633444444444444444444444444444444444446643444444444433434444444444444444444444444444444446775344444444454555555555555555555555445555555555454444555445455555555555554555567754555544444544444455555
34457633433444444444444444444444444444444446643444444444444444444444444444444444444444434444446776344444444444444444444555544455554444445455555555444455445555454555455555555567753445454444444444444444
33357633433333333333333333334434444344334357643444344444444444444434444444444444444444444444446776444444444444444444444444444444444544445444455555555555455454444544445555554567653445445544444444444444
33347633433333343433433333334333433343344347643444444444444444333344444444444444444444444444445776444444444444444444444444444444444444444444444444444544544444444444444444554578753445444444444444444444
33347633434443444333433333334333433333343357643434444444444433444444444444422344444444444444445776444444444444444444444444444444444444444444444444444444444444444444444444454337653444444444444444444444
43347632433443344444444433344433444333343457533333443343333421344333443344213434444444444444445776444444444444444444444444444444444444444444444444444444444444444444444444444316653444444444444444444444
33347643433333334434444343444444344443333457432344443444334620344444444444225643333443444444435776444444444444444444444444444444444444444444444444444444444444444444444444444447653444444444444444444444
43357743433333333333343333333443333444444457543443444444334740244444444444335544444444444444445776444444444444444444444444444444444444444444444444444444444444444444444444444467654444444444444444444444
44347633443334443333334433334344433444444457643433444444333773144344444444354553443444444444445676444444444444444444444444444444344444334434444444444444444444444444444444444467655544444344443444444444
44425633444444333343433433333344333444434457643433434334433587244344444444464653433444444444444776444444444444444343444444444444444444444443433343444333444433334444433444444467754444444444443344344344
43346633444444444444444443344434444443343457643443434434443478424444444444573653444444344444445776434444444444444444444444444444443444444444444444444443443433344444443434444466654444444444443344444444
33347642444444444444444444444434333434343357643434433344444369613444444444474552444443344444444776434444444444444444443444444444444444444444444444444444444444444444444444443465554433434434434434434444
44457632334433444444443343434433333444334457643434433333334458622454444444351553444443444444444775334444444444444444434443443443434444344444444444444444444444444444444444443477654433333334344334334433
33447633444444444334443444434344444443334357643444443443333457842344443444352453444444444434345776434434444444444444444444443444444434333333344443443443444444434444434444443478754433443343333333333333
44446633444444444444444444444444444444444337643444444443344356873223443344464354544444444433344776534444434334434344443444444444444444434344444443444444444443333333333333333488764443443443333333333333
55557633444445555544545544445555444444444336643444444444444456785321144443564353355544444444344786533443334434433443343444444444444444443334444444444444444444333343333333333477754433333333334434433333
44457633444444555445544444455555455555444357643444444445444457897321024543575563234444545544444776534334434433433444444444433444444444434444443444444444444444444444444433333477643333333333333334444433
34446633433433344444444444444444444455555567643554455555455547898423325534567852123444434555544776534444444444444444444444444344444444444555445555444444444444444444444444444577554444333333433344444434
33425633433434443344444433333444444444555567643565555555555556789656666555669632212344423344555777534555444444444444444454444544444455555544554555554444454444444444444444444577664444444444343344433434
33347632333333343434444433444334444444443457643444334444444455568877666764677523323222223333454777545445555555555555455445554455555556656556666667776554344444444444444444444587674444444444444444433334
44347632334443544344334444544444433444433357653444333333444444446766666565575323245443222233345677534444444444455545666666666666677667777777777777766666544443444444444444434587763444444444444444434334
34347632333433444444343443444544445444444457643444433343333444336666666555445323335674433333344576534544444555555677777777777777777777777777777777666667776544444443444444333587653434444344444443334333
33247632332333343444444444343444454443344457643444444444434434457666666545433211235676543543222367644444456667778888777777778877777776667777677777667777777765444444444444434577653333333333344344333333
33345532222322333334333344444443343333334457642554444444444445566666666544432111222356666553232234543345677777777788887777777777777766666666666676667777776666555444544444444477763333433333333333333333
32223332232332334233333343333333234434334337643444444454444445666666666554421121222223456653332323434467666777777777777777777776677766666776656666667777777666655555555554554577764444443433334333333333
33222322323322233334333333334344344443344336643444345444444456667666666565431112222222224554545657764456667777777777777776676666667666666676655655566777777777766544444445555678764554454444443334434444
33322233323333333333334333333344435444444457643334344544444566676666665444332111222222222234567767775346677777777777777766666666666666666666656655566677777777776543434444444687764555444555454444444444
33333344333443334333444333433333333344444457753344334444444467776666655554222111122222222222346667677346788877777777666676666666666766666666666655556677777777876554444444544574654555554445545555555454
43455444333344434444434433333433334444444457642343334544444437776666667533322112122222222222223444344446887767877777766776666666667666666666666654556667776677765455444444444565553454444445555554445555
43444333333333443344334334333443333343333346632233333444445436666556664101122112212222222222222222232334677678777777777766676666667666777666666654455667776677764355444444544676653444443344444445445544
44544444444445544444433444333444333334333356542122333434434456665565641001121111211122222222222222222236776578777777777776667666666667777676665554445666677667864234444444554677754544444444444444444444
44555544445445445444444444334333434334433356542121223334433356655544654421111111111111222222222222222236765578778877777776677666666677777776655544445666666767864423344444444687553444444444444444444444
34443544434333554444444455443333444334443345443232233333333356555544544422211111111111122222222222222235666677788877777777777667667777766666655544445566666667764553234444444676653444444444444544444444
45333344433434333444444445543443444443334333233333333333233366444455443222111111111111122222222222222335666677788877777777777766676777766666556544445566666566753332233344434577643443343334444444444444
44443333334433333444544444554444444444444344333323333433443466544455433331112111111111112222222222222555666677777887887787777777776787665666456544445555555555642221133234443247653444444444444444444444
43444444434333333344443333443344443454444445433432233323444456664554333311112111111111112222222222224654666777777788877777776776667776655665466544455455555444533333113233333137754445544454454455444434
44434334444434343434333333344444433444543444344344443333465455556643223211132111111111112222222222246654666777777778877877766666667776555654566544455555554434324444433343333457743444444544555545544544
43444443334443344333443444444445444455454455454444433343466775444442112112351111111111111222233334466664666666667777777777666666666665555543676555555555544332234444434444433577743333333434444444554444
33444444433344344444444444445445544554344455445443433454458998544432111123431111111111111122235555576664566565666777767666656667666555554444676555555555543322344444443433343566643433333334333333343334
44445544444333444434444444445444444444444444445544445544359888854323421343211111111111111112245566666664566555556777666775655666666555444445776655555555433223444344333433333577654443333333333333343333
34444444444334444444433444455444344443343444434445444434589888853324422311111111111111111112245666666554455554455666666665565555555544444436777655555544322224444444334433334677643433343433333433333333
55444444444444444445444443555544444454433444444334433334357776553322311210111111111111111112136666666554455433455566666565566565555433434347887655444433222234443344444333334777633433333334344433434333
44434444434433333433345554445555544544344444544344444435224441033223311111111111111111111111125666665554455423455556666555555555554333334368887555433322222233443345434333344777533444333333344443444433
44434444444333434433454444334555544445454345544444444444322210033233311011231142111111111111113666665444445423554556655555555555443333333489987554433221222233443345333333345777543454333533433343334333
44444444444334433343454444333555443333333345444444434443321111232222211233541145211111111111122466665444445422444455554544555555443333333599986544322222222234443334333544435776544443333443334433333333
43444444443444444444544444444445443212234443334444444444432222322211112444411234541111111111121366665443345422444454555555555555344433332499976544322222222334543334334445444776644334344453345433343333
44344444444445444444444444444444443234444433444444444344432222111111124444311455445211111111222256665333245532343554555555555554344433333399976653222222222344443333344434334777643333444433333333444544
44444344434444444343444444443444544334444444444444344444443222111110134444213545545531111111122146665333245542334555555456666544444333332169877653333333222344444433443344443477643333433333333333334435
44434444434444444444444454544444454434433334444443343455544321111111344443114445444442211111122225665343345543244565555566666555553333332228998654455443322343343434443344232167644444454333343333344344
43333444444433444444445444434454544344443444444433344444554432112334444343125444334433222221112223664333345433345666567777666555443333322104987654555444422443344344543344334356643444455534433343454444
33343344433333444444455444444444455554444545455433345444453434444444443443233333434334432222222222553333345433236776667777665544333333222201687655545544553333344445434443444766533334344444433444444443
33344433433333444454554455554344455554444544445445555443433323333333334434443333333434433222222222443443444433225677777775565443333333333300376555556554555434333444443444444776534344343334444434444443
44443433444333333433444445443433444455344433434433334444433343333333344334444443444344333323333222233432344322223556766765444433333333343321333466565565566655443444333444434777633444344434433433444333
44333433344333333334333344444443444344432334443324433444444344433334344334344444544443343332333322222221233221223345555543333333333343334433433455565554565566543434333244434676632453344334343334443333
44433434343334444343533444444444333444434443333334444444444334443234334443444444444543334333333332222111222211222233444332222233333444334334444543555456566556543333333344444676532333343334333333344433
43443333333334334444434334333333333323445444444444444444433344443334344444444444433344343433333333222211121111234333333322333333544444334444434434334466776556533433333333344676431233332334343433334433
33332343233333433334434343333443334434444334444433433433444444334443334334444444433344443443333222222223432222244444434544443444433334455445433334433356777655432333222333334666521233222333333433444333
33333333433334333333333223334444334444334334444544344444344444444443335434454443434444333444332233322224544322244444434544544444345333454333323344333347887754533333333333334665521232223333333333443433
43333333443434444443333323334433334434444433545444443344443344444343445444544433443443244444433344334333554333344444434444443343334444433332323322333358887743433333433233434655421333234233333333343333
33333443344443444544434333333544433344343443444344433344334344434433344434434434433443344444443344343433554323344444344334444433343344333234323321223358887642223334333333344543332323323333333333333333
33333344344443443444434443443445433344444333444444434444443333454343443554334434344333333344443344333333554322333343343334443344322343533434321222223235876532222333333333334443333333332333335433332233
33433333433233443343434643444333333344444333343443433444433443443333443343343433344343333234433444343444454422234334333434343335423464433334332222333335986433222333334333333333333333334333333334333343
33443333443333333444433643434443343444443334333444334443333334333343343344333334444444332213313544444444344432223434433334444333344344433333333344444346876542222234443333433333333433333333333333333343
44444444554333333333433544333344344434434434434434344343334444444434444434333334444444332223313544344444333322224444434443444434454345433343333444333336776532222233334333333333334433333332233333333434
44333434444334334333333334443444443334443443444433443334433444443333333333333334344443443233324544433443423432223565454454444434454444443433433343333356777521223333344333445544454443333233333333333334
33223344444334344334443333444333332333433444444333333334344434443434443333433443456444453223334333334332322444323454354445443454354444433543433334444366666422222333334433345643454332333343433334443333
33234444444333334444334434334433343432443344344333333344344444444334443333443453454445564223344333333222322455543434345554434444344433343433333334543466665522223343334343445544333333333343333334333332
43334333443333344344334443344333333343443334434333443333335544344334344434334343344334563223343432233322333255554444344344434433444433343334324435444666654432223354333343355433334433435545333344343333
43333233433344343333334433334434333343333333333333333333334433354334443443334432334433462222342323343333334245543444344333333333433433233234324335345666554332223664333344444523443333433475344344333343
33343334343433233332344322334434533433444333333333333321333322233433343354333344433433464222343334544344454235543234343333222222223332122223333333346655553332225875334432345433233234244454345443432433
33332333343333322334345233234333333333333343333332233333233323333432453354334343443333466222343224643344343224542224333332112222212221122212223222356666753434237875234423213223233233335323333332332433
43322222223333322233335333232333333323222343333332223333234434333332332233333444543343467422333223644444234213432224322321221221111211221113212222366666642232237875233323212222212232222223232222222354
33422333333333333333333323333223333323323433333333333334433333443433332334233334443233467632223233633333345432211223222332221111111123111216422221365665431221248875222211121122121122111112111132111464
43333333333333233333324423333233333334334443332223334435433333442344443343334333333333367644333344323432333343211222322320111111111112011114321111155555211224348876122111121111121121011244221154233434
43333444333334333343333333433333233344333433222234433355334334442444334433333323433433377555323243333332322232232222232210111111111021011112111111046544321224357886212111121211532134015445241165255433
44334323333334333333333333443443223443233333333333334443344434324534433333343223333332466445324233343312333323232222222310111111100121111112123111156655431222257887321112122113664232014343443253455224
33333234443334343333343333333344333343344333333333334433333333334423333332323322223223377554323233322322243233232244332210111153111122111135246321056654323323257787443112122245545520222433333454654324
33343333343333344434433433333333332343333333343433333333323333333333333333322334333324477554223233332234332122111124442210111253421262222223224333246642234424156677534212332544234323333433544433344333
34443343333333343323433333333333333333333333443334433333333422322333233333333333243333576564224333334333321111121113322210001212312231332342333345334312332322243356543212553445343433234345554345354423
43322333333343333222334324334433343343333233422333443343334433323323333433332344333334776764333342233322221111111111345432011122202222352332444444333323432532323355554223532454443442345335443345463333
33323333334333333332334434344443333443333333334433343344433443333344433323332333343326666654332332322211211111111232455432111122012333642222344433333552353323433334432345533454333443333454423333443323
33333333334433334433333334344333443333333333343333343334323554333343334333343353333456654353333423221111111111112244343322223233133323743224334433333442355333432334532332434344343443334445333255432312
23333324433432322323333333334234344334333333343334333433233433333332333444343343334445666342233322321111111111223233224323332345333233553332334323422332233434332333542333323333333442465444233343422223
33322332332332332223333333223333344333333232333334334333343333434333333454344343433333565222343221122210111112345323223344323333335343342233333222432432234444333333533343434443333332335445432353553235
33333223333333322234433444333343334433444343324333344544442333344344323343334343334532232122332322233311112223433323323434333454233343333223333433332342223345433333633256445434422344354444433333555334
33332333344434443345433333333345443343443354433443344554443334443344333343334434444432221223333443332322333233322223236333343443233333323334332552455343233455432343435456434543333443455334444333445334
33334433343434434434443333334345443333344434333443344344443344434343334344443433433332333433434333332333333333322333346443333334333333333333334334434365333344443333434543443332343433344434342332332133
33344443333433444444333333233344344334444433334444444344433332334333343333333333433332244344334333322323432334334343334433223333333333344435534334433354333445534332433333433222453443333333343333333333
33433223333433344343333333232333334434533444333545434344433334333322443333333343323344344443333323333222333343344333343342222332323333333323433343333333333243423322443334432123445644343344523435534323
35433333334434243343433333443334333433333444344443333444433433433433333443234332332344333344333333333333333444344433343443323332323323433333333334433333233233423332422334322222225435534445533335633333
44333344433434333443434433344344444433344433434344333333333333334333334344344322443344334344433234433343433333333333432334334333222224432343333333333333233333233433323223333422234334444323332333323343
43334434334444334333343344344444554555455334444444444443333322354443344344433434454344344443434334433444433334333333442433333322333234422333343323333333233233232222444432443533333443232222342332233435
33433433333443443333444344434444444543344333334443343343344323444444443445533344334342345433344444444344444334343433333333333322333323322323443333432223223223222123454323343544324533443333343332334545
43244344434333333333344433334344334533443333233343343344345344444444333444444444434332334333344434444343445343443333233234333333333223333333333333322235323322223333322234222234323333364342234333344543
43334334333333332333334433344343433433333443333333334444434345435433334434443334444343443334443434333333333334333333333333323332333334334333333334433335533322212322223323223222255332265333333223333334
43333333333333433233334334443333333433334434433333433444434334433234334433333223454442334444443343333444344334343333333344333232344444333333334333322332323222222333323333323233243333335433323332333233
34533333333433443333333343333334334333433334444343444444333343433333333333333333334432343343333344443334454334433323333343343333344443343343343333333443232233333332332332322334332323233323222332444233
33432233333333333344433443334434333333343333334533333334333333344432333444333333334443343333333344334444433333433333333343335333344442453355443333343433333333232223232331222333433213233223232343333333
43343333333433343344433434333334433344443434433322333343333333334433333433233333333444444433333333444454333233342333333433234444343233333455333343343443333233233223332333333333333335433333232333433332
43334333442333333244333444443333344346443344323222333433333333334433343333333223433444334443334423434464333343333333333323343434433233334443333443343343333222133334433343444333333553433232232224334232
