55555555555544444544555554445555558999999656887765432332268778767899998653344223344555555666677655566665555666666555566556656555555445655555555566555555556666667656665656666665555566566666555566555666
55555555555555555555555555555555557999999878898876556666678778767999998643344223334555545666677766666666545555556666666566666555655555655555555555445555555556556665666666555565565556655555555556655666
44554555555665555555555555556655557999999888888888888999887678768999987532343123223455445555677766667666555554556555566666565555655556655555554444444455455555555555555555555565556555655565555555555666
45555555556665455555555555556555556899887777767887778888876579878999986432243222223445434444666666666666665555556555566555565555555555544555454334444444444444555555556566665555555556655566665545555555
55666656667655545555555554456555678887777777777877777887775568888999975322232222122444335543555666666666655555556655565555565555555554444555334345554445555554566556665566665666665555565666665455555556
66666666776655555555544454555556888777777777778888777766666558988998864322222111112334234542544566656666666555555555555555566555565544555545456455554445555444555566665665666666656655655555655555656667
66666666666555555555555555555568877777777777778887766666667657998788754222221111112334234432444455555555666665555555655655566555565445555544445455554555545655555555556666666666666555555555666556665577
66666666666665555555555555667866778887777777777777666666666644887667743222211111111223224432333455454555566655555555556655556655555555566554444444454556555555555555666666555556665555555556666667776677
56666656665554445555555555678776777777777777777776655555666542477655642222111111111223223432333444444545565555566666555655556655555555555555554444555555565555555555655555555555655555555555556555555666
44555556655555455555555567887777777777787777666666655555666433367655532222111111111112112331222344444444555666666666655655556665556555655555555555555566565555555555555555555555566555565555555555555555
44444455555555555555565568887777777778887776676666655545565422366655422222111111111111111221222333544334556767666666655566566655665556665565555555556665555555555555555555655555555555555555655555555556
44444345555455555556778778888777777777887777777666555544544422345444332222222222211111111111111333443334555567666666666565555555555566666565555555565555655555555555555655555555545555555555555555555556
45544344555454445788988888888777777778887777777766665544444422345433322222222222222111111111111223432235666666656655555555554555555566566566666555555555566555556655555556665555555555555555555555556666
55444444554444457888888898877777778888888777777777766545544422233333322222223333223221222111111223322235566666655555555555555555555566555565555655555555566666555555655556555555555555555555665555666666
54334444543454567888888888778888888888888877778887765444444332222233222222223333333322333211111123321135555566655555555566555555555666566555556655555555666666555555555555555555555555656666665667654444
43333334434555578888888877788877888888877665566677765433343322222222222222222333333333333222211122211235544566555555566665556666656875675555566555556555455555555655556666555555556556666666665555544566
33332223345555688999987777778888888888766555554445665533333322222222222222222333333333333223322112211245434555555555565556665555566655555555565555555554445545655655555655555555565567765555554445566666
44443444455446888999887778888888888887766666655544443333333322222222222222222333333333343333322212222244334445545555665555545655556554455655555555555554555445555566555555555666656666665665555566676666
56555655555447988898877888887888888877776666566555443233333322222222222211222233333333344334333222222343233344555555554555555556556555555666655556665555555555555556555556666676665445655666555566667777
66556555555558988888888887788888888877887666666545432222333332211121122211222233333333334334333222322333232334555455554555455555566555556666655555665555555566656566555456677666566666666666555566666676
55555555544556898887788877788777778888888666666543322222233322211111112211122222333333333334433323323333322223566566555565445555655555565565555555555555555566555567756556444455666666566556666666776666
44444455544556898877888777778874688999998666666544332222223322221111122111122222233333333334444333433333321123455665555555545555665555554455565555555555555567655678765557545667766676665555676677776666
33345566434568988778887777778886688888987555555544432222222332222111145311122222233333333333344444444433321123444666655555554455555655555555555555555555555557876666766778866666666676666666677778777677
44466655445688887778877777777789877666655444444444332222222332222221244422122223333333333333333344444443221122335545555555665555556655555555555556666665566667788877777777666666556666777776778888877877
55677655567888777887777767777889864433321222222233332222222332222221253332222222333333333333333334444443221122234434555556666555655555555556566777777666678667899877777776656666666666677788889987777787
55665565577887778877666556667889742211100011122223332222222233222221232234222222233333333333333333444444332222234233455555665566666556655566778876765546689878998667766666567776677666667778889988767777
55555555677777788776665566654788631112100001111222332222222233222221232223322222223333333333333333343444443222233223346666666666666656666767677446886678899878876666666565567777777776667778888888877777
55555556666666776666555567776787632333100000111112232212222233222210221222222222223333333333333333333344444333232222235665554444554434444566787458998888888877777666666677677777888888777888888877777777
55455566665566655655555667777777654454310010011111222122222223222210221222222222222333333333333333333333444443332332223443333444444434545788987788887677777766776656776777766678889988888889988776677777
44445666665555555555446776666667665555421111000101112222222222222211221122222222222333333333333333333333344444433344322333334334455568877888887877666667777666666566666677666777888998899888888777777767
55556665555445554444456677765556545555433210110111122222222222222211122111232222222223233333333333333333334344444444433344445323334457888777776667666666666677887677787777767777888898998887777677777788
77777666554444443345556666654454334554433221222222222222222222222111123211232222222223333323333333333333333333444444443444445433233345566666666666666656666678888888887666787777788888888767666667788888
77777666654344433334556665444444344444333222222332222222222222221112113311222222222223332222333333333333333333444444444444444444332233445566666666666666666677788878876666777778888888888655666777788887
66677755664444444445555554444443444443322222222222222222222222221122112331222222222222322222233333333333333333344444444444444444432222334455556666666666677788777766766666766777888777776656677777777777
65566665466544444455555444433443333333222221222222222222222222221122112222222222222222222222233333333333333333334344444434444444432211233344455655566666788899866765665677776777777666666666777777667766
65555555446655444445544433333333322233222222112222212222222222221222111122222222222222222222223333333333333333333334444433344443333211123334444445566666567888876776666777777766666666767777776677666665
55544555544665544444444443333333222222222222222222222222222222211221111122222222222222222222223223333333333333333333443333334444444311123334444444566666546777665677666666677776667777777777777666555555
76654444543455544444444433333333222222222222222222222222222222212221221112222222222222222222222223333333333333333333443343333444444311112334444445566666645676555567666666677777778777777666655666555555
87654334443334444444433333333332222332222222222222222222222222112222222111222222222222222222222223333333333333333333443333333344444321112334455555676565654566545556777777777777777777776666666665555555
76543334443333455544333332222332233334322222222222222222222222122211222111222222222222222222222222333333333333333333343333333443333332112345566765666555554466555667777778777777667766666666566655544444
65653333333333345543322222222222334433322221122222222222222222232211222111222222222222222222222222233333333333333333333333333344443332212334556655566555544346667888877777766666666666666666666555544445
66665433333333333433222222222223344333222221122222222222222232222221122111222222222222222222222222233333333333333333333333333333444433211223445554456544433346678888887777666666666766666655565554444444
76555543322333333332222212222233343322221122222222222222222321112221121111222221222222222222222222233333333333333333333333333333344433211123344444455543333345677778887766655556666666666655555554444334
65445543322223333222222222222333433222222222222222222222222222111221121112211211122222222222222222233333333333333333333333333333334433321123334444444443333456677777788766655556666666566655555544444434
65445653322222333222222222222344332221112222222222222222222222211121111112211111122222222222222222222233233333333333333333333333333333321123334444444433333455667777777665555555666666665555555554444444
54334554332222222222222122212344321111112222212222222222233222221111111112211111122222222222222222222233233333333333333333333333333333321123334444444433333455556666676555455555565555665555555555444455
43334554432222222222222222112233211111112222211221122222223322222221111112211111112222222222222222222223223333333333333333333333333333321123334444443333333455656666566554455555565555565555445555555555
43334444433222222222222211111122111111111112211211112222223322222221211112211111112222222222222222222223223333333333333333333333333333322123334444333333333344556666556554455554456555456655555555555555
33333344432222222222222211111111111111111122111111222222223322222221221112211111111222222222222222222222222333333333333333333333333333321123333333333333333334555566555545545555555555555556555555444554
33333333333222222234221111111111111111111112211122222222223322222221221111111111111122222222222222222222222333333332333333333333333333321123333333333333333334455566655555554555555555555555555555554444
33333333333222222356421111111111111111111112222222333332222211222221221112111111111122222222222222222222222333333223333333333333333333332122333333333333333333445555655656555555555556556555555555545544
33333333333322223676522111111111111111112222222223333333222211222211121122111111111112222222222222222222223333333223333333333333333333332123333333333333333333445555555554565555555566665555555444444443
43333333333322224566422211111111111111222222223333433322211112432111111122211111111112222222222222222222222333333223333333333333333333332123333333333333333333345555555444455655555556555555555444444444
42223333333332123345422232111111111232222223333333433322111112332111111122211111111111122222222222222222322233333223333333333333333333332123333333333333333333334444565444455566555556655565555554554444
32223333333332212345422222222212222432223333333223433222111112232111111122211111111111122222222222222223322233333223333333333333333333333212333333333333333333333434455555655555556655555556654444444444
22233333333333211245421111222212222222333333322223332221111112332101111122211111111111122222222222222223322333333223333333333333333333333212333333333333333333333334444544565555555655556655566444434444
22233333333333211245422222212211222233333333222222332111221112332111111112111111111111112222222222222223322222223223333333333333333333333212333333333333333333333333444444455556655555666665556654444444
22233333333333222234322222211222222233223332222111233112211112222111111112111111111111112222222222222222322332223323333333333333333333333322333333333333333333333333334544545556655555666666545554444443
22233333333333222234321111111233222222222221111111113211111112222111111122111111111111112222222222222222222333223222333333333333333333333321333333333333333333333333333444455565555555666655554444444433
22233333333333322223321111111233222222111111111111111221111111221111111121111111111111111222222222222222222333223222233233333333333333333321233333333333333333333333333334445566555555556554444443344433
22333333333333322222222111011232211111111111111111111222111111221111111111111111111111111222222222222222222332223222232233333333333333333321233333333333333333333333333333345556544455555544433333334433
33333333333333322222222211011222211111111111111111111111111112221111111111111111111111111222222222222222222322223333223333333333333333333321233333333333333333333333333333334455544445555433433333333333
23333333333333332222222211121121111100111111111111111111111222221111111122111111111111111222222222222222222333233333333333333333333333333332233333333333333333333333333333333444554545444443333322232322
23333333333333332222222211122111111000111111111111111111112222221111111122111111111111111222222222222222222223333333333333333333333333333332233333333333333333333333233333333333345555543344433222222222
23333333333333333222112221111111111001111111111111111111112222221111111221111111111111111222222222222222222222333333323332233333333333333332233333333333333333333333233333333333333454444333333222222222
22222222233333333222212222111111111101111111111111111111122222211111222211111111111111111222222222222222222222323333323332233333333333333332233333333333333333323322233233333333333344444433333222222223
22222222223333333222222222111111111111111111111111111111224433221111222211111111111111111112222222222222222222333333332222233333333333333332233333333333323333222222222223333333333333344433333222222333
22222222222233333321122222111111111111111111111111111111234322221111112111111111111111111112222222222222222222233333332222233333333333333332233333333332222222222222222222233333333333333333333322333333
22211111111223333321122222111111111111111111111111111111233444221111112111111111111111111112222222222222222222222332332222333333333333333332233333333322222222222222222222333333333332233333322223333333
11100000000123333321122221111111111111111111111111111112223344321111222111111111111111111112222222222222222222223333332222333333333333333332233333333222222222222222222223333333333222222222322222333322
10000000000112333332112221111111111111111111111111111123212222231112222111121111111111111122222222222222222222223333332223333333333333333332233333332222222222222222222222333223222322222222222222223322
10000000000112333332122221111111111111111111111111112233212222243111222111122111111111111112222222222222222222223333222222333333333333333332233333322222222222222222222222332222222222222222222222222222
00000000000112333332122222111111111111111111111112234432122222345421222111122211111111111112222222222222222222223333322222333333333333333332223333322222222222222222222222222222222222222222222222222222
00000000001112344332222222111111111111111111111234455322111123445542112111122211111111111112222222222222222222222333322223333333333333233322222223222222222222222222222222222222222222222222222222222222
11000000011112344432122222111111111111122222223445542122212344555552111211111111111111111111222222222222222222222332332222233333333333233322222222222222222222222222222222222222222222222222222222222222
00111000011123344332122222111111111122222223344444321122124555665552111211111111111111111111222222222222222222232332232222233333333333233322222222222222222222222222222222222222222222222222222222222222
00001101111123344332122222111111111222221111222232112111245555655542111111111111111111111111122222222222222222223222232223333333333322223322222232222222222222222222222222222222222222222222222222222222
00001111111112334332122222111111122222211111111111111123555556555442111111111111111111111111111111222222222222223222222223333333333322222222222232222222222222222222222222222222222222222222222222222222
00111111111112333332122222111112222222111122321111223455554555444432111121111111111221111111112221222222222222222222222223333333333322222222222222222222222222222222222222222222222222222222222222222222
11111111111112333332122222111222222221111332221112245555554443454431112122211111222211111111112221222222222222222222222223333333333322222222222222222222222222222222222222222222222222222222222222222222
11111111111122333321122222212222222111232554233355345554555544444421122134321111221221111111111111222222222222222222222223333333333332222222222222221222222222222222222222222222222222222222222222222222
11111111111122233332122222212222211234443354444665344445555444334421133234432211111221121111111221222222222222222222222233333333333332222222222222222222222222222222222222222222222222222222222222222233
11110000111112233332122222222222223555543345555544454345555455444422123234653222111111221112111222222222222222222222222233333333333332222222222322222222222222222222222222222222222222222222222222222232
11000001111122233322122222222223445555444345555544444456665565555322223224466322111111122222112222112222222222222222223323333333333332222222223322222222222222222222222222222222222222222222222222222332
21000111111222233321122222223445544554444445555555445566553554444322224224566532211111112222222222222222222222222222223323333333333332222122223222222222222222222222222222222222222222222222222222223444
11111111222223222221122222334455334455545434455555555556555554554223324224555654222211111222222212222222222222222222223333333333333332222122223222222222222222222222222222222222222222222222222222234555
11111122222233332211111224546665454455455445445555554455666766654223322134555466422221111112222222222222222222222222222333333333323322222122233222222222222222222222222222222222222222222222222223345555
11112222222344445432333456666556655655565566556655555555656766654233421255555556643221111111222222222222222222222222222233333333323322222122232222222222222111112222222222222222222222222222222333445444
11122222222455545555554466665566555555554567765555455544344444444233321465555446665422211111122211112222222222222222222233333332333222222122232222222222221111111122222222222222222222222222333334554454
11111222223455445544466555554455444444555666654454334334444455554234422556665445556653221111122211112222222222222222222233333332223222222222232222222222222111111122222222222222222222222333333334654555
21111112334555555444555455554345556545556655554444444456555555664233423555555545555554222221122211112222222222222222222223332223222222222222222222222222222221111222222222222222222222233333334435555554
32111124554566654554556655444444345555555445444444455555566545554223324545666554445455322222222211112222222222222222222222333322222222222222222222222222222121111222222222222222222233333333443334555543
43343344456644444445555655544454444544455456655445555554555655554224335555555555567655543222222211111222222222222222222222333322222222222222222222222222222221222222222222222222222333333334433334544444
33443444565434344433455455565555544554455467445555444444455555554234434555544566656555654322222221111222222222222222222222233222222222222222222222222222222222222222222222233333333333333444433334554444
44334544443444445533456565565556534565554576455444334444444454444234345566556544555545446643222222222222222222222222222222233222222222222222222222222222222222222222233322333333333344444444333334334444
43334544323555455544555555555554344555556676666544555555555565553223455665576345555433445665322222222222222222222333223323333333332222222222222222222222222222232223333333333333333444444443333334335554
44445444545675455555555555555654454465455555544555565455554555543223455666445555666544555567543322222222222222222332233332222222222222222222222223322222222333333333333333333444444444444333333336666555
54544555556665556655555445555555544444444445443444544454454454444322234455455665654444554457864333322222222222223332233332232222222222222222222223333333333333333333333333444444444444443333333336766555
44545665455555555554455555554444433444444444444566666554555444555422233365334565444346654567997433332222222222223333333333322222222222222222222333333333333333333333333444444444444444333333333336765555
34544555544444555555566434445344333444565565556666665545566666655532233344544455554477655556899754333222222233223322333333222222222222222222233333333334333333433344444444444444544433333333333334533344
23444455555566665444565224553454444445555667776656556555667766555664455434455655664555555545789975443322222333333232223332232222222222222222333333344444444444434444444444444445763333333333333333442224
54333554444444554444443345445555544455554456766655555666666765555666555445555555655555555555679987654433323333333333323333333222222222222222333344444444444444444444444444444444783333333333333333433333
43334533455445443344444454344345445555544566655555555667656666555665554445555565555556555445668988876544433333333333323333333223222222222222333344444444444444444444444444444445696333333333333333333333
33445534555554333344554433454344444554445666655445555666667644566665555435554555555565566445557887777655553333333333322222222322222222222222334444444444444444334444444444445555698433333333333333445644
44556555556554334455544334454454335555454555565555655545776654455665666555544445554555656556665787767776566333333333322222222332222222222223344444444444444443333444444445555345699733333333333333455545
44556554555544445555444455665554556666555555555555566544556655445556666555555445555566656557865577665788889633333333222222223222222222222223344444444444443333344444444455555444489953333333333333444444
44455444344444455554443576665556667776555655554544466545644456556666565544566554445666555567754566655899999953333333332222222222222222222223444444444444444444456544444455555444579974333333333333334444
44345444334344443443433455544566556765554566565455555555556566666666654455555554455565445765443455655899999984333333332222222222222222222223444444444444444444556655644555655555568995333333333333354445
43455544332233333332333554443455444555554566665566655555566555655544654544555555455665466543444554555799999996333333333222222222222222222223444444444445665444555765555555455554557998433333333333344444
54555643223322222333433554444565555655555655533564455665665455555545444443344554445765443333445554455699999998433333333222222222222222222233444444444445775544555765556554445544446999743333333333334554
55666632233333312244335555555655656555546755533444445565565456555554454443334454555665545543466444444589999999633333333322222222222222222233344444444445555555666665566545545544446999964333333333345554
57866533433333223444455665556655555455544555545554565555555566566665555444444454455566566654465445544469999999843333333332222222222222222233444455544544565656766666566455445544445899985433333333334454
