33333233232354323332463322233332233322333325863323222222211111111111333267423422232222485332333332325232212123575323233332232223741112222235688888888888888888888878655888743333357865434443333334322221
33433333232763323333563323344433333334443324974422222342222222111124344257533432332122366532233333423232212333586322223322223334862111222222467888888888888888888878655887433333346663332333333233332222
54545444544774545555663455555554455555455445974444333454433444344555555457535444443234344433333334422254324344486422223422233224553112332222444567888888888888888877755865443333333444442233333222322222
44444444444774555444563444444444455555445556974455455555445555555555554578435555555555555555444545444455444453276423234322233342322112431112432345688888878888888877754643343533322233555444322322222222
33333333333685444444563344444444444444444445974444444444444444555555444477435444445555444445555555455555555555565333345443355444543222433334433333578888866568876677753454443522222235466433333442122222
33333333333595333333474233333344333333333335964433444444444434444444444477434444444455544444545444444555554555545345555555555555555555555555555555667777765456664467763465444522222244454322342232113322
33333333333584333333474333333333333333333335964333333344333343344444444477534444444444453334444454444445544444565445544554555555545555555555555555555555555565555677754555556545555555444444454544334433
33333333333595333333474333333333333333333335964333333333333343333333334477534344444433562124444444443344444444565334554444554555554555455555555555555555555555555436643555556555555565555555655555555555
33333333333486333333465333333333343333333435974443344344444444344444434477434444443444672124444444443334444444564224444444444444444444445444454555445555555544555426654555555555555555555444554445555555
33333344443486333333465343333334333444444445964444444444444444444444444477434444444444783124444444444444444444663245444444444444444443444444444444444444444444544557753444555555555544555555555554455555
33433444333476444333465343433333333333343335854444444444443444444444444477424444444444795114444444444444444444542375444444444444444444444444444444444444444444444467753444444444444445455555555554554444
33344344333387433333365344333343333344433335964444334334444334444444444477424444444444897314444444444444444444544565444444444444444444444444444444444444443344444467763444444444444444444444444444444444
44444444444477433333466244333344333334443335964333334433344444444434444477434433333344799515544444444444443444545665544444444444444443444444444444443444444444444467764444444444444444444444444444444444
44444444444347444434456233444344443334434445974333344433443434434444444477534444444444799724544444444444444444446756544444444444433444444444444444444444444444444457764444444444444444444444444444443444
44444444444455444444456344444344444344444445974444444444343444333444433477534444444444799724544444344444444444458857534444444444334444444444444443444444444444444457764444444444444444444444444444443444
44444444443467444444466344444444444444444443874444444444444444443444444477534444443444699724544444444444444445369866534434444333334443344444444433344444444444444457764444444444444444444444444444444444
44444444444368544443457344444444444444444444864444444444444444443444444477534444333444699824544444444444444445378866434444444333444444444444444433333344434444444357764444444444444444444444444444344444
44444444444468544444465243344434444444444445974444434444444444444444443477534443444444599823554444444444444456268756434444443444444344444444444444444444444444444457764444444444444444444444444444444444
44444444444468444444466344344444444444334445974444444444444444444444444357434444444444689943554444444444444466267666344443443344444444444444444443334334444444444456764344444444444444444444444434434344
34333444444458544444457334344444444444444445974444444444444444444444444457434444444445789964455444444445444465266665344443344334444444444444444444344334444454444457764344444444444443333444444444443433
33333344333344444444446344344444444433444445974444434434443445444344444477534444544445779964444544444444444654376665344444444434444444444444444444443444433444444457765344444344444444434444434444434433
44444444444346433344446333444444444444444444974333434334444444444333344477534444444445778974433444444444445534477455344333444444444444444444444444444444434344444457764344344444444434443433444444443443
44443444433347533333356333444445555554555443774444444444434444444444444477534444444445789985422234444444445334586464444334443444334444544444444444444444444444444457753344344444444444444334433433443333
44344443333234433323357322444554444555555544774555545455444444444444444467434444444444789995332124443333543234686664444444434444334444444434433344444344444443333457764344444444444444444344444443444444
54433332334554333333356322233444433444445555874455546555555555555555555567534444444555799996332113444223432344775775444444434444444433444434433344434444444444333447765344434333344333344433444444344444
63222222335664333333356322333344434444344444874555555445544455555555554577535555555555799996333323553334422334778974445444554444444344444444444444334444443444343447765343433344344334333434443434444443
43334444445444444444345444444444544443334444874444444444544544444444444477434444444444589997566654544433443334799854445555554445444444444555445444444544444444444447765343344344334334344444443334434444
44344344443344444444444444444445554444444434884332334434444445444445444357435444444444469998776656666545654445899655555555555555555554454544444444444554444444454447765344443444444444444444444444344444
44444433333444444444433444454446444444444444874332334333443443334534334367434343444444447998666666666556654556999535554555555555555555555555444444444444444444444457765345554444444444444444444444444443
44444444444444434444434434455434544444443444564343433343323333334433444477423444444544445877666555555554454577876434444444444445555555555555554455444444444444444446775344454455555555554554444444444444
54444544444445444444434444443323433444444444444554333343333333333344344476523334445444567767766555555555444466654434444443434444444454444445555556655555555444444446775344444444444444445555555555555544
44455544555555445455545434444444434545544444434543333443334344333333343367523434333445556677765555556555554245543334444444433334443344433344444445555555555555554445765344444444444444444444444444455544
44444444555555454545545544444444444455665454445544444444434443333333333466432323334456766776665555656544444223432334544444444444455444444444433333343444445555455432675444444444444444444444444444444444
43345444555555444554555444444444445447962354445544444444444333333333433334432333333456777777655555556665443222311234444544544444555655456655444443443333444444444454776545554444444444444444444444444444
44455544555555555555555444554444455445543444544444455454455444454433432323333333332342387776555555457875443222111234454444544445556545565555555555555444444443344456887544455544444444444444444444444444
44555544555554444444444555544456555544444444444344444444454445444444443332333333332311476766565544575321222212101224444555445456555455565554544544554544444444457777887543334454455555554444444444444444
55554443555655555555544554444445544555454444444444444444444444423333343333444334443323766555555444472110012212111124444445545665555555555554444445543444555556788887665543333333334445556655545544444444
44432344545655444545555654555445544555444444445444444444544444334445444555444334444447655544454445563210001222211124444445545555555555555565544444444445666777898866554433222222222344444455555554444455
44453444444543444554444544554345444444455434434434434443444434444444444454333343444565565554433355444431101223221123433456755655556666766666664455556677777889888777765544322222222234344533444444555556
44554555444554544444444445444445554444455444544444445444444444543443445444444444445565787545444454332331112212321223334445666655555667766666665456788877888887777654555433333344444433445534443443444444
44444545444344543444444445444444554444444444544445444444334455544444445555544555466558878864333333322221222211222222465446776555666667766666565544578877676665555555543333344444445644444444444434433433
44444544444344444445455554444433345444444444443423333444434444434444444545544444565589878864332332222121122211223234885557875556567777766666666553246776555555555554555544554444444454455544334344444544
44334544544443444444454444443434334444444444434333343334444444434443455334444334566899987874322222111222121211222235555676666566566777656676665543335777654445555554466545443454445444545444444445444544
44444454444444453444444444444444444545444454445554545444454444444454445444444444467889977675332211111222122211222333347665556677666766555666555543344445554444554453366534444444444445443444434444445443
54444544444444444444444444444454454444544455445554445444554444444444444555544444445567665456332211111211122111112333346655555776555655556655555542244434444444444444576533433434444444344445444453453433
44444544444434445544444444445555444444544444445543444445544444444444544444344444513344432114422212111111122111112233333455556775566655665554444552224344444454334434677543443334444444434444454454443333
43334444444445444444554555545554555555655544444444444444444444555555544444444444422333310002522125211111111211112223332245555665555666655554444553223444333443434444677543443444434443333434444555444444
43344444434444454344444446444554555555655444445544445455544445554444444455544434323233200003422124311111112211112222333223555554556655555544334444212444444444344444577643434343443333443435444444544444
44444454444433444454443445444555655566554444455445554554444445544444444555544444333332221134322113311111122211111222333311456544566555555444334344312333444444344444577643434444444333333434344333444444
45444564444434444444555544444456565455544444444444454455445445454554445555545544433322222332222112221122223211111222333321245533566554555444444345321343334343344443577642333445434433433333443343333444
55544454544434443345544333444455444555544544544455454444555555545444555555445544443232222212222112112223223111111222333332123433556544445544444346421333334443444433577642234444433433343332344443432334
44444444544444444456544334445544444444454544545456544443444545644443454444445444465332222222222111112222222121111222233333213332344544444444444335421244343333434444567542323343343333333232233342333333
34333443444444444455434445444455455544554344445455546555445544544444444445545544365332321222222111111111111121111222233222213332234443444444334334421234443334334444566432323332233233322233234343355444
44334444444433444454334444444554455444444344454445554455545554545545555445554544455333321122223111111111111111111222222222212332223443344444444334421245545445456444554433333323322234433343343334444444
44444344444434444445433334444455454454644544444444554444454445544544444445445544445555421111113111110111111111111222222222221332222333344444443333321254444455455534443333333433333334333344443344444443
43344333443444444434444344444454454453534444544445544444445544445544454454444444445566421000002111110111111211111222222222221222222333344454443333321355555554465333433343343333332333344343433333444444
33434434434444444444444444434444345443333444454444555545545444454454455444444344434422100000012111111111112111111222222222221222222223344444333322321365543444444333322355444345433333444343444444443444
33333333434443344434444434444444444444433444334433444544445544444444444444444445453332000000012121101111112111111222222222222122222223344333322222221355333333333344233355444555433333444333344333433333
33333333334433334334334443443333443454344443434443444455455444445444444344554455443541100111111121111111121111111222222222222122222222344333322222222445444433333444444445445644333333344333333333333333
34443344344444433334344444443434444444444445434444444444444444444444443444444444443344432111111111111112112111111222222222222222222222233333322222222344344444443443444445534544223434433333333333333334
33444444444344443433443344434434433434344444434444444444444334444444443444434434433323332111111211111121111111111222222222222222222222222333322222222343344444444433444444433333222233333333333333333343
33443444443344344444443344444444334434444444433444433344444334434444444444434444433312111111111222111111111111111222222222222222222222222222222222222333344433444444454443433333322333333433334333334443
34544444434445444444443444444344444434454454443333344444444344444444444444433454343421111111111211111111111111111222222222222222222222222222222222223443533433444445354444443343223434433333333333333444
43445443344444454334333444444444444444454455544444433444444444443344444444444443344542211111111111111111111111111222222222222222222222222222222222224445433444433444354344444454333434443333344333334433
33434434343334445433333444444423433443444433444444433344445444434443444433333344344443211121112222211111111111111222222222222222222122222222222222224455443343445344343333344444454433444443443434544432
33333343443323433434444444443333333344443443433454433443444444444433344333443343334433322333333333321111111111111122222222222222222122222222222222234333443444444344443333344444444444455444454544444533
34434344434433334434434643344444444445443444434444444443333323345443334333444444444433344333333434542111111111111122222222222222221222122222222222234433444444444443444333334333433444335434444443344543
33433333333333333333332333433344543444444444434544444344444334444444443444445444444444444333234345744211111111111122222222222222211122111222222222234444443333333433464344434444444444444445544443444333
43333333334333333333433333333344443534433444444444344354433334344343443444544455544455545443343347855321111111111122222222222222211111111112222222234434432433433445454344435544445444444434445444444345
44333333344344434333343333433344434534433344444443333444444444344434334443454454445545544344444447865322111111111122222222222222211111111222122222244334433433333444333443445543343444444444344443443334
33333233333334443344333443333344334443443344444333344344444455444444334434434342344544544456444447775542111111111111222222222222111111111222222222343443323333333444433333333443443444443333334444333343
33433334333333344333333454433344444433433354444334444444344444444444444444434543334444445346434447777532111111111111222222222222111111112222222222334443433333663334433443333334643333343333334443333422
33333333343333333333443333343333433433333343343354334334333333444444545445545554333344444345443347777532111111111111222222222222111111112222222222344444433333543334444444444434433433334343433333334434
33333334443335333333333223333333433232333334334444443344444433344433444334444544344444443434444457777642111111111111222222222222111111222223222222344444443344443345443444443434443444334434334433333344
33333433333333333333332223233333333333233333343434433333433444333333333334444454343444444443344457777653321111111112222222222222111111222232222222344444433444444445543444433334434444554444443444433454
44345334443333333343332233333334333333223333343333334333333333333334433344445544333444544444444367777664321111111111122222222222111112223332222222434554444553433443333344333334444444664464454444434454
33344333433233333333333333334334333333333333344343333333332333344433444444434544443444444444444457777655211111111211222222222222111222233332222222434554455644544443333333324246534444443354444444454444
33333333334333332334322344243332333233332334443333433334333333454433433343334444444434334345433456776656521111111111222222222222222223333332222223433443355544444544432333223345543343334455544434343344
33344434334453433334433333233443322233332333223323444343333334543333334443443444332334333443333356666655642211111111122222222222222233333322222223334334334433444423332433333344454342343445544434433455
34333334434453333233343333324444322233334334322333443443333444343333433333333433333233343463333344566554552221122111122222222222223333333222222223443334433333334433334444444444334443454555434454656554
44334433333333323223343334333344322333334333443333333333334334343334444333332233333323434453333333466554355212222111122222222222333332233232222223444334333333324432346434344543334333343345433443335454
33333443434343333333444344332343322333343343433333333343444433444443344433333344333343344343233333356764335412222222222222222222332222223332222223434433443333233333236533443343343335433333332333324455
43333344333443334334433344333333344433334344443333443343443333333333443333434444333333333354333332346765433422222222222222222222344222222232222223445433333332333233336533442454244346524434322642333443
55444333344343333334223333343343334443334443443334544444334433333333444344443333444343433343334333334666677863222222222222222212347432222232222223333333334343333333334434332354343344333333323643232322
45444444443343443333223433443333344444443433443344433444344433333443544343234443344434333433434444432478888996433332222222222112446655222242222233334333332332333333333223323333322334333333321432232322
34533543444443333444333543444444555534443233222333444334444444443433433433334433344433333433444444443478888998534333322222222112444754432232222233233333333332323343333323323323332343333332321333233323
44533444444444333444444443444433445443443222322223334334444334323333344543333444333444344434433333333468887788545533332222222113334676532232222233222232332233434333333333213323232333354333322333333333
55533443445654444444444344333333445444443323333334433334444333333233443433443333333443344334343333333368776656535543332222222123333465432232222333343343242322323332333222332322332343444333323323453232
44444455535653345444434444333333444453443334443344433343234333443333333323333343443342223443344444433468854433333333333333222223333255432333223323332333332323333243333333333333334433333323323434555455
54444445454553455443244344443233343333443343454444444333244334443333334334343344443344333444344445443468985333333333333333222224333256642233333323443333333333333333422343323333334543333323222234323334
45433444554463444333233443444344333233334333444444434333443433333344333333444445433344434433344444444457997433233333333333222224433356642333333323443333233323332323432333222333323333322223222445432232
55433444445555443333333443444455333233334444454443343223444333333333333333334434333333243333344443343457899753222333333333222223543356542333323323433333333333223423223322322333333232332322322355333332
44433334445454432343433333333333333333343234444432222233334433444333333323333333333333333434333333343446799875332343333333322223333355432233333323443333322333212334322322322342333333343332333332232223
33433433355333423443333243334433333333342233443333222232343324455434344333233443343332354444444434533445789876533343443236743223344355432333332234433323233333322333322333322333323344243234233433244222
33323334344345433322243333334333444433343344443333333322233233344333344333333444445433455434334433544444788886554344444359986423343455432333222234433333222322333433322343333333333344223323243334233234
33333334333355333222333223434443343332343443243344334433334334443333344445433544444445445433334443454433689986665434433379987533444455332332222234343444333233334434333333333233235333222224333332453233
33433454434445333233234323244344333233343333442343333333343334443343343444333334334444443333333333443443478987765444434489987533444465422333222234333343343334334333333323333332234322233245333343443223
44333444333344333333343334344335333334344444433434333223454333333343445443334434343454434333332333343444368888765445444489987433433465322233222243343333333333334343333322323333333322333356443243333332
34343233322345333334333433334334443344444333333344443333555444334454455444444444343443434434334433343335466888865445443389997433444465322232222333433333333443433343333322224333333343343344333223333332
33443333343324333344434432333334444333333333345443433333354434344444444334444445444345444344434544444444456777875444443369997433433565333342222433323323443334433333233332223333443343333333331223322221
33343333343343332343343333333334333333333344334433443333334544444444545444444345444443334444433444445555557675675344543369986433333565432462123443224433443333444333333333333333433343333433431122211111
33344444334455433433433333333333344544333334443333433333424444444344443433444444444443334444544445445445556676545444444469986443334554311482123333344543443443444342234333434333333332323422211111110000
33443333334343443433433333433334343333323334333333544334433454443343353344454444343333333444443444444345346677764544433369876543344453111484223334443344433444434343344333333333233331222211111111111000
44433333223344454334333333333443334444333234333344444344433454433343453444444434334333444444344444434444446777676533443367765433444464111576324444443343323453433444344442443333223221111111111111100111
43433333334333444443333333333343334433333334444333443333353444433544445534443334334432334344344433334444335766566543343368765444454355332665434443344343334433333333334333332112211111111111011111111111
44433334333333434333334434333334443333344354433434434344455444444444345433333334444433344344434344343444335665555543334469765454444243332765433332234544434343343333333222221101111111111111111111111111
43432223322222333343444443334444443333343343334344434343344443354334444443343344343433444344443344344333344666655555434378765443444333322766433333333344323344331111111111111111111111111100111111111111
33342212212233333333333334333344443433343333344433343334444433343334443443343434443443454334443344444333444677666665333378765443333344324755433333222233323311111101111111111121111110111111111111111111
43342112112233334433332333333444433433333333434532444334433332333345442343335433433432453344454443333444564666666654334487765444333344335655433332222323332222221112111111111111111111011111111111111111
43322232233333334334433344443543343343443344435555444433233333333334544443455333333333455344454444643453444656666543333587654443333344336655332332223324443343332332111111121111001110111111111011111111
34333333333333433343243344234444333443444444444446533333333333334335443443454333334433434434445435644443344566666533333587654433334443347655332221123334443333332221101111111111111111111011111111111111
33444333543334443333343234334434333344445443334344333334333333443443343333353333343333434434445433544433334566666533333676544332234333366555422111112233334433321111111111111111111111111111111111111111
