23336852222222222211222221112323257522112222212687874332233222222112321276322333432223223432122223357788888888888888888888878645888755556557777787533332344432221322345433468888888888888888887777777777
33326852222222221112112111111322157522222222221368433322233223222222223376422233332222323321112232235788888888888888888888878644888864333357778777543332244333321322444344578888888888888888888777777777
33225853223222122211111111112323257522322232222276332323332324322221122376323223322222222552112222224678888888888888888888878645888743333357765445443333343222321222222225788888888888888886677777777777
43325853333222342122212111224344337533433232112255431223333423222221234377422223332223233673111222222356888888888888888888878645887433333356653222333333333322222222222223788888888888888874354567777777
54447964444344454444444344555555557535544543334334433334333422234323434267422223422223233453111332222344567888888888888888877655865443433333444532333333223322222222222225678668888888888754334347777777
44447954444455554445555555555554477425554555555545555544545544455544444257423233422223232232112332212332345678888878888887877754643343533322334555443323222222222222222233565467888888888643333335777777
44446854434444444444444444444444467434444445554444444544454445555555555566434445444345444543222333434443333478888876468886677753454444522222244576433334432222222222233222343557888888888644333343686677
33336854333333444433334444444444467434444444444444444444444444444554455545435555555455555555555555555555555567777764456674467753465434422222254554322332321124222222232333233357888888888753333334575677
33336854333333333333333333333334467534333444444444444444444444444544444566434444454455555555555555555555555555555655665555677754555556544454555444444544443345332235322323432467888888887653333456665477
33336954333333333333333333333333367533333333333443443334444443334444444566434445444444555555455555555555555555555555555555437643555556555555665555555655555555555557555555444566666776767544333355555377
33436964333343344334443344433333367423444443444444444434443444334444344476424444444444444444444454444444454445555555555555426654555555555555555555455554455555555556655555555565555555556555555455555455
33437854443433444344444444444444467534444444444444444444444444444444444576434444444444444444422344444444444444444444444544557753544555555555555555555555555555555455545555555555555555456555555555555545
33336854443333334333334444444444477424444444444444444444444444444444444566434444444444444444313544444444444444444444444444467753444444444445555555555555555555444444444455544444444554444455555555555544
33336854333333333333333333343344477424333443344444444444444444444444444566434444444444444444315654444444444444444443344444467753444444444444444444444444444444444444444455544444444454454554444444455554
33336854333333333334444443333333477424433333334344443433344344443443343576434444444444444444326564444444444444444444444444467764444444444444444444444444444444444444444444444455555554454444445444454554
44336854333343433333333433334434467424443444443334334333343334433434433576434444444444444433355474444444444444444444444444467764444444444444444444444444444444444444444444444444444444444444444444444444
44446953344443444333433333433433467524444444444334444433443334443344433576434344444444443333465673444444443444444444444444457764444444444444444444444444444444444444444444444444444444444444444444444444
44434853444344344444444433443444467523444443444444444334444444443333434575333344434444333334485563444444433344444444444444467764444444444444444444444444444444444444444444444444444444444444444444444444
44435854444444444444444443344443467524344333344344443333444443344443444575334444434444333444485573444444433334344444444444468764444444444444444444444444444444444444444444343444444444434444444444444444
44436953444434444444444444444443477424433343443344443333344443334444444576434444444443444444385473444444434444444444444444468764444444444444444444444444444444444444444444444444444444444444444444444444
44436954444444444444444444444444357434444443443444334334343444334444444576434444443343334444364464444444443334434444444444457764444444444444444444444444444444344443344344344344444444444444444444444444
44436953443444444433444344444444357434444444433444434333443444434444334576433454343344334445365565444444444344344444454444457764444444444444443434444444444434444444443433333434343334434433334444334434
44436953443334334443444444344433467524444444444444444444444444444443434576444365444444434445466354444444444443444443444444458764344444444444444444444444444444434444444444434434444333334333334444434434
44436953333333334343444444333334477423444444444444444444444443434444444676448467643444444433466455444444444444444434444444458754444444444444444444434444444444444444444444444444444444434444444444344443
44434854444444334433444444434344477424444444444344433444344444444443444676438647765433444333467575444444444444444445444444457753444444444444444444344434334433343443444444444444444444434444444444444444
55445854555444444444444444444444467424444444444444444444444444444444444576438967645544444333457785434433344444444444443343457764344344444444444444444444434444444343333333444433433434434444334444344443
55546954455455555555555555555555566424444444444444444444444444444444443376435987532334444434448964434433344434444444344333458764344444443443333344434444444444444444343344444434443444434433333433333333
33446853554554445544445555555544577435455455555555555545555555554444444576434798544655456556558855444444444334444443344343447764334333444444344333334434444444443444333334444444443444444433333333333343
34336853434343444444544444444444477424344444444444444444444444555555544676434589756776666666577644545445544444444444444444457764344343334333334444444434334444444444344444434434444444444444444343444333
43336963322234334444444344444444257434344444444443444443444444444555665676445689977666666655556533444444444444454444444454457765354444444444444444444444443434444443444444444444444444444444444444444444
44435953322333333433333334433334366424333343444344444433444444444444445676435589976566556554443422455444444444444444554444457765455555555444444555444444444444434444444444444444444444444445444444444444
33444653333333333223333334333344476423343444444344444445444444343444434676434457866665556555443321355555455444444444444444455555455455555455555666555444444444444444444444334444344443344444444444444444
33433344554333343333333333333343476423334445444453334445445444444444443576434456667666556655553222235555556665555555445555556555566655566666666666555665555555444444444444444543444443334433434444444444
44434334532333432233333333333333376423334333444444444444444445554444444676434655677666566654443123323444445555555555566766666666666676676666666666555556654555544544445544444554445444444444444434444444
54444444434443444334443333333333466422323333433444344444444444434343444676434677776665566676542222332234444444665776777766666677776677877777777666555555654444444444544544555555555554454444444434444443
22443345444444444443333333333332444322333323333333333444443433443343444576435557766665555775433222233223444457766666667767777677877777776777777766555556665444444444443444444444445555545455554445444444
33444434333444444454444444333432223323333222332343333333343333444443443376434216766565555411112222223333455544656666777777767777777777776777777766555556666544444444444444444444444444434445444555455544
44444443334444434454444444443433222333233322333333333334334544454433444576434367665555346421012112222233344552466667787776667677676667777777777666645555556544444444444444444444443444434444444444444445
44444444434444344443444323333333333343333433343333444334334443343444444686434576654454444444112112222223333443357777666677667766766777777777766655544554555544444444444444444444444444444443443334444444
44444444344444444444443333445444544443334443344444444344344333344445444676423555554443554333122211222222333345346677656677777767766666666666766655433444544544555554544445444444444444444444444444434444
44344335343344434434334444444444454333343344433443444443344443344444344676223545555544443322122111222222222234434666456777766666666665555556666544433344443545666655554444445444444444444454444444444444
54344444343444443433334433433444444333443445434444344443344443333433344565324557765444432223222111122222222234424665456667766666666655555555666554433233332344444444444445566555544444444444444444445444
44445444344444444344445444433445555544555465454444444443444343343444333664356479897433321133112111122222222223323553456666666666666555555555666554332223333344333333333434455544555555554444444444444444
33344444323333433334444334444444445444454445454444444554433334443444433565465698798632221121111211122222222222222443456666666666666566666555666553222222333233543333333333344444444455555555555444444444
44434333223333334434434344433454334444333444444444455555433334444434433443346999888632222111111211122222222222222434456666666666666665555555676553123222333223444444344433334444334344444444444444454444
44444444444444444444443444444444333444444443344445454455445444444433443432356788875632134111122211111222222222222333456666666666666655555556766543122212332223434444444434433344334333344434444444444444
44444445544445444454444444444444445444443433343445444445444554444544444543352455541152124212223211111222222222222233445666666676666655555556655433112111232223434334544444444443443333433333333444344444
44444444434444445544444444444444444444444344434343333334433454444545444543442333200143123222221111111222222222222223445655666766766665555457654332111111222223344444444444443444544444434434433333443333
44444444333334444444344445445444444333444334433344334343444454444555444544532222101343222121111111111222222222222222344555566666655555554456443332111111112223344444345444443434444444444444443444444333
54444445444444455444444554444434544444334444444444444444554455555544545545543322223322222111111211111122222222222222234555556666655445444455432321111111112222344444344444443434434344434354444443444444
44344454545444454444355543344444455444443434444444444444454554445444445544554322222222211111112111111122222222222222223444556655555444444444322211111111111223444443334444544544444443334444444444433433
33343344334454554454344444454445454444443344443444434444554444434444444454445422221222211111111111111122222222222222222344456555544444454433222111111111112223333333423343444443444443444444343443334333
44444434444444445554444445444454454445544444444544444445554454445443434444434432222110111111111111111122222222222222222234455554544444544332211111111111112223343233433333332443443444433454443443334333
45444444455444434544445444434455454445444443333344455445555554445444334444543433321100111111111111111122222222222222111234444444543444333322211111111111112222333333334444433333333433333443443343334333
34344444455445444344445433343444344445444324344334455444455555444444544455443344310011111111111111111112222222222222111123444444443443222221111111111111112233443333433433334344344433345434433344443333
43344444444454555455544444444444445544543344444335544443345555443444433554443221000111111121111111111112222222222222111112334444433332222211122222211111112233444344444433444443444443444333433453333333
44444444445544444544545444444444444444444444433445544443345554432222344443344321000111123342111111111111222222222122111111233334333322222112222322211111112233444343443434434443443333344343433343334443
44434444444444444445444445444444455445444454444444444444444444432233444434444331111111334455211111111111222222222122111111123333333222211222100332221111112243344333434333444443443443334334543343334454
34444444445444444444444444444454443444444454444444444444444545443444443444444333211223445445511111111111222222222122111111122333322222122220000233221111122344344333333444443343434333333344433333344344
33333433334445445445444444444444444444344454444444444544444445454344444444444333434554444445631111111111222222222122111111112333222222223200100133222111122333343433334444433433334334333334443334434343
34333334333344553455444444444444344444444444454444454445445445444444433444444433445555455434652111111111222222222122221111122222222222331000011023222111122333343333333333444443344434333433334334433443
34444334444344444444344445444433444544444334554444554444444445544444444444443323444445444435665211111111222222222222222211222222222233310000000012222222222333433332233333334344334444444433433344433443
33444344444444444344343443444433444334333334444545555455543445665544455454554444555434433335665421111111222222222222222222222222223333210001111232222222222333334332233333333344433444444333444454434433
34444333443434444433344434444444444334444334444445444555344444555544455444454454444443323234665521122111222222221222332222233333333332111111333332222222222344434433323333433343433444343333344444334434
34443333333333343343344334443444334334443333334343334454444344444543433344443333344444434333565421222211222222211112333333333333333322222222344332222222222344443334333334333344443444343344334443434433
44544433333333444443444444444344444343433444443445344444554444334454334444433443444444434443455433322222222222111112333333333332333322222222344443222222222344333433333334333443333443333344434343333444
44444444333333434444444333444444433333433344444444343443443333333344444433444444444443433444444346732233222222111123332223333333333322222222344444322222222443324443343334334434433343333444323333332444
34334334444333334444444444443334333432333344343354443443333433443344544445444444444444434444344368973333332222211123323333334433333422222222344454422222232345444433344444355444433344333433334333333333
33443233434434433333334443443333333444333344333343333433344434444443443444444334444344444443445677774333333322222234444444443443343432222222344343342222232244334434454454333343333333344333334322322233
33444334434343334333333344443443343444434444334433332233344433444343443344554444544444444444446885444333333322222233333433433463444332222222244444353222232233443335443443233344333334334433333333233333
44443344443443444433344443443333434444444444455444443333344344443444444344444444334444434444448997333333333332222233433434444443444453222222234443343222222223443343333232232323333333333332333333333223
33443344433333444333343343333443434544444444445444343444345444334433443334444444444444443444458999632233323332222234433333444334333444222223234334443222232223443442333333243223233333233333323334432334
33433443333333344444443344433334333444442344434443465344443443334444443334444443444444344345469999753233333322222333333433444333333333322223223333332222232222332343333342223211223333333333333334333333
33444343333443444334444444443444434334433344444444356344444334444444433333334343344443344344379998653333436742222333334643344434433433333322223333433322223222233544333342212222333233333333343333333333
33433433343444443333334435444445444445544333344444345443344444434444433444344444444333333433489997543443337973223433334443344444444434333322322344333332233222234543333333323334433443423333333343333334
33333333433343334343323344434443344444543343343433334433334444444444443443344434433333444444589987543433348863223433455433455433444434333322222444343332232211233443334443334443433333344444334444333334
33333344434333433433333343322333334444443443443343433344444444223344344444444343433444344444599986434344349853224434444444444444344344333322224644444443222211243543434443333333333333353443344433344333
23333433334233333333343333333322344444443333444444443343433333333344334444434333344434444344689985444344358643224444544334433333443233333322225534644443222211244444344443333344333433344333333333443333
32232333332333322322222343334434343345444333444444444443443333344344444334444334344434554444776974343344367543224346445444433333323233432222233444545443222222344433334343333444433333333333333333443435
33333443333333333333332434334433343334434434433343444333443433334434333443333344444333454435775563443443476443243445444445443323232223442332223533444443222222444433333343343444333333344333444433333445
23333332233333333333334533323333433444443323333233443233443454343334343333333343333334343337767454434433576543343334334344232334333323442322224544454334322222444334333443343464333333444433445443334444
33332233333343433333333433333333333333433332233333532333443443343343433333333333332223342257667644335533675443344333333344332344344445432222333554354344422222434323322243433343334433333333345544344544
43342223333333323334343333333333332322333333223333543323333333343333234434434222344323333477766645335533765443343333333234322375343444322222343433343323322222323323222233333334644433333333544343355542
33334333333333333343333433333334233333333333333344343333333333332332234433333333333333443477766533233435865543333333223333332265444433312222453342243224311222322212211233333323444333223433433443344444
33434333233333433343333333333443333333344333333333352233332333333343343333332333333454333467676543333436765543233333333332333355343334212223443331233234311222222123221232222223223233332322433333343333
33434433334443333333333333333433344443333333333333333333333333333443344333222444434553333456655344434335665443233333433333333343243233112223443432332222211222211113121222322122223222222222233522243223
44333333344334433344333323434443343343333443333333333434343332334432333323333433335543433456643233443325655442243323323333323432333232112223433332333112211222211113111222221122124311112362121111232123
33333323444323343334333334434334333344433334333334333444344432334433333333333333444334434455653233343325644321333333323233423334332232112223333332322121111222111121111221111122114311313232132111231123
22232212233443333444344333333334433334433443433344334333333333334433433333333333343333433344442223333333654322322322224332333323232221122223323322322121111222111111111222211112113211423234234211323332
32223222223333334343333233343444443433333333443343343333333333334333333334334444333333343233322222323322564223332422223232323333223321122233223222211111111222111111111122221111244211233245654423325433
33233233343333433333333433323433233333333433422233343443444333343333333443333343334334343232321222232211575324333323223322433333433221112342223111110111111222101111111111222121265322232233443323434434
33344433344333332333334333233333333333343333333223443344444334434433333333244344334443443332332122222221675333333333334433233323333211111332222111100101111222101111301111123243433443234334333234455345
33324444344433233333333333333333333433443333444334333444444444344333333333443334334443344333334212222222764333332323233333233223332111111332111111100001111211000112101011113223335423235433332334434444
33333443434333333433332223343333333344343333333333333344433434443443334334333434333422355433333321222212765333333323332234343223222111111321111111110111111111000032100112112233335424532334322333433455
33444434422322223343333432333333223334233223322333343333333433443333333334333443343323333333333332111112775333333223232113333233221111111211111111110111111210000122111212232233323223443234323335433334
32333433321122333333333443233333332333333333222444334433344333443333433233333443443334343343443433321114775343224224233333333222311111111111110010110111111111111112303223232234233222334333323335333333
22334333332222213322344453233343333334443344333454444343334444444344334433444434454444233334434433333326875233333223323333333332211111110111110000111111113201101211111223232233233322343344323335333434
33433332333233211222333343333343343334444443344454333333433544433334334444344334344444344444334433334347764233333232332322232221111111100110011010111111114201111222222333235333333322233453332335332564
34332333442334233333344432333344454334344334444433333333333544333344443333444334443444433343534334433446654223222323231221211132233111000100001111221111111111211233233333335334553533323554224433454654
33333423333233232432333333333434332233343334444433333322234433443454443333344444444443333333432334333356554122111222111111222222122111011111111111111111122221122333444443443343233643333443343323334334
34443233333322235443333333434454333344443333534344333333333333343444344443444443434444333443343244333443344111111121112212221112110121121111111111111100132222232334343343333443233433333454343234323334
33333333433432334544433444444443333444343433344343344344434433344334444443444433344443343333333333344443322111112112222111211122221222211111111111111111123223233233332333233433333322323334232224323333
32333443333333333443333444434443444443454443444334434324444445455444543344445543444333333234443333433565532123222221223222322343333332211111111111111333333222222243323333333344333322323333234223233342
23443343334333333344444444454344334343345444433334434544454454445434543444444444444333432235554334444555532111112223343343433442333331111111111111123333332232222343223333333333323332333332333333232333
32344333334332333244344433343433434444444333333334444443444443453344433333444334344334443444444443344554432211333324554334444444433321111111111222233333332234333343222335332343232322322332322234344233
33433343335443344334543333333433443444343333223333443333444443444333344333334433434544534444444433344444443333433233433334443444434333421211112322333333323333232233232334323333221321222321221334443333
23332233344443343334444333434434334433333333323343443344333343343333444343332333344443433543443334443444333444434344333344343443333333322333233333433332333333323333332333333333233453333222233222222332
23333433333433333434444335434455333333343344333333334343343333443333443443433344344444444443323433343333322345444233444444344433344434333334333333333433333233343433333333433343333344333222133222222232
34433333343343434444433443333344323333333444334443344333443443433444333443444443443433333343343333333333333333443234334333334344333345533444323333334433323324443433323333333332233222232222223333233333
33333333343343333444433433334434433433343333433443344433344443233334443343453233334433333333443333344433333333444334333333334433333443344343332333334333432334443234324434333333334322322322333323323323
33334443233332344434333433343433433334334333323533334444333333444544443433332244344333333333443333344323333333344444443333333334445433333334333333343323543434333334434644333323433333333332322222323213
33344353324443344323322332444322432354333333333443444544434333544543334432322333343334433434443334333333222344344433433333432344446433334433333323332323444443422422345433334333334333323322332233323332
