22222222222223333333222344554322333333443332233333333322333333333333333333333333322246999999999999999999999999999889998776799999864234444433333322211123333332111223344445555555554333222233444444455566
22222222222222233333222233444322233334443333333333333333344443333333333332333333323479999999999999999999999999997789987775699999865234444443333222211123333322111233444445554444444332222233455544455556
23333333322222233333332233333222222223333333333333333333333332222233333333333333335899999999999999999999999998977799998665579999975323444443333222211133333321112233444444455444333332222223344443345556
34444222222222332333333333332232222223333333333334444322333322332233334444555544359999999999999999999999999998878899986556469998776423444443333222111133333321122334444444444443333222222222334433344555
34443332222222222333332222222222222222333344444344555433233333322233444444444445799999999999999999999999999987678999975456569988776522444433333221111233332322223334444334444332122222222122333433334445
33333233333333332222222222222233222122233344333344443333333333233333333333333469999999999999999999999999888876679878864334469977777522444433333221111233332333333333332223332221112111111112333332333445
33222233444443332222233332222333332122233344333333333333333333333333333334446799999999999999999999999998887766679778764224468966777422344433332222111233333333443333322222221111111111111112233322333344
44333223333433222222222222222233322112223344432344443333333333333333333344579999999999998999999999999999999888888778754235568865566422344333332222112333333233444333211112221111111111111112233322233334
43333222333332222222223333322223222222344443333334444333333333333333333457899999999999987777789999999998888889998767543235667764466322344333332222122333332223444433211112111111111111121111223222233334
43322222233222222322223333332222223334444433333346676543333444443223456899999999999999876776678999999887777668887766543334557665555323344433332222223333322222344333222221111111111111122221222222233333
33333323222222222222223333332222222333333334443345566543333444444457889999998999999998876555667899999875566656766655443334445555554323444333332222223333322222233333222222111112221111222221122222233344
33334333222222222222233443333322222333223344433234555543333334434689999999989999999998888665456799987765445555665555443333444444454323333333332222233333322222223333333222111112222212222221122221233445
33333332222222222233333333233332222223344444333323456665433344567999999999999999999988888776555699877764444455554444443333444443443223333333332222333322222222223333333322111112222222222221122211223455
34443333332222222223333332233333333334555543332223344444333346899999999998999899999988889866645667556665434444444444333333444333333222333333332223333222222222222333333322111122222222222211122211223344
33333444443332222223333333333333334555544433332233344443332358999999999999999989999889999987745654345544434444444443333333444333333223333333322233332222222222222333333333222222332233322211122211122333
33333334444332222222223333333333344555434444433233334443333479999999999999999999999899999977745643334443443444444444333333333333333223333333322233332222222222223333333333333333332333322211222111122333
43333333344332222222333444544333345555433444443333333334457899999999999999999999999999999987765533333333343344445554333333333333332222333333222233322222222222222333333433334333323333322222222111112223
33333222233332222222233344443333445665554556655443333467899999999999999999999999888899999987664433333333333344456654433333333333332223333322222233222222222222222333333433344344333433322222221111112222
33333222222222222222222233333334444444555556666654446899999999889999999999999998777889999887754333333333333344455544433333332223322222333322222222222222222222222323334333344444344433333333221111111222
44433333222233322222222223456655444334455567678888889999999988889999999999998778644567788878865333333333333444455444433333322222322222333322222222222222222222223333334333344444444433333333322221111111
44344333322333222222222234455555543334557888888799999988888888998889999999997566322344466667765432333333334444444444433333332222322222233222222222222222222222223333334333444444444444443344332222211111
33334444323333222222222233344555554334579999998899998888888888887799999999984332122234434447654433223333333344444444333333333222222222333222222222222222222222333333334433344444444444444444333322221211
34434444444333222222222233334445554346789999998999988888876787776899999999964542121122333335664443323333333334433444333333333223222222232222222222222222222222333333333443444444444445544444433333222222
44444445543223322222222233333445555568999999987999887888755677777999999999989986211122223334665443333333333344443444333333333333322223222222222222222222222222333333333443444444444455444544444433333333
44444455443333332222323233334455555799999999986899888887655567778999999999999985211122222333555443333333343334444444443333333333322222221111222222222222222223333333334433344433444444444544444444333333
44444433223334443333333333344444458999999999975699877886665678889999999999999986322212221223455433333333333334444444443333333333332222222112345543222222222233333333334433343343344444444554544444444444
55554333334444444555433334444345799999998889975689987887777788889999998999999987422232222122345443333333333333444444443333333333333332222135667765322222222333333333333333333343444444444555555544444444
55554433334444333333333444444479999999987788974589988888888999999999888999899877642232122211234443333333333333444444444333333333333322221367545765432222222344333333333333333334444444444445554555554444
55555443344554433333334454446899999999987777874579999889989999999898888877899876654222212211123333322223333333444444444333333333333222213677533455433322222343333333333333334444444444444444455555554454
45545444334444332233444444479999999999986677775469999999999999999998888778888776655432222111112222222333333334444444444333333333333222125765433344444433333333333333333333333334444444444444444555555554
44445444434433332234444335999999999999866566786458999999999999999988887788887666665543331111212222333333333333333333344333333333332221146643333334675533333333333333333343333333444444444444444455555554
65445555434444433455554469999999999999875556676446899999999999999877888888776655555554433344433444433333333333333333333333333333332221366533333333577542223333333333333333333333444444444444444455555554
55445554334455555666654699999999999999995456666545689999999998888877887776665544445545544555555554433344444433333333333333333333333222455333334333347753233333333333333333333333344444444444444445554544
44333333334556666665446999999999999999996445555544578889999899877866885554555444334444444444555544443344444443333333333333333333333222553233334333335863233333333333333333333333334444444444444444554444
33333444444455565554459999999999999999987544555554568888887788666666765433444444444433344434445444444444444444444444333333333333333223543233333333335773333333333333333333333333334334444444444444554444
44444445554445677655589999999999999998888644455554457888776665556656654443445444444443333334444444444555444444444444433333333333333223433223333333345543333333333333333333333333334333444444444444554444
44433444554455555455899999999999999877899854444455456787666544445446644443444444443344333444444333445664444433344444433333333333333224433322233333344333333333333333333333333333334333444434444444544444
44443334444455454556999999999999997666899854444455445676554433333344443444433444433333333343443322344444434333444444433333333233333333433322223333444323333333333333333333333333333344333334444444444444
43333344444555555568999999999999975666789754444445444555443333333334433344444444433333333333333322333333333333344443333333332222323333433332222333555323333333333333333333333333333444333334444444444444
44433344455555544568999999999999755566799865434345544444443333333334334565554444333333333333333333333233333333343333333333332222333332453332222234665323333333333333333333333333333443333334444444444444
55554344455444333468888999999997555566788765433334543434443333333334445666666533333333333333333334332233333333333333333333332222343332354333222234553233333333333333333333333333333333333334444444444444
66664334444455444466555566799986555556777765433333553333333333333334446765665543333333333333333344433333333333333333333322222223443333234444223333332333333333333333333333333333333333333334444444444444
55433233345555544443222222599864455556777765443333443333333333333334456654443333333332223333333344433334433333333333333222222233433333322464323332223333333333333333333333333333333333333334444444444444
43333334454444555521112222399744455556666666443333343333333333333335556544333333333222223333333444433333433333333333332222222333333333332244322322333333333333333333333333333333333333333334444333444444
33322333344445555421111111289644455566666666543333333233333333333335655433333332322223333333333333333344433333333333333222234443332233322222222223333333333333333333333333333334433333333334443333444444
33322222233344434311111111179644445566666666643333333333333333332234543333222222222333333333333333333333333333333333333223333343333223222222222223333333333333333333333333333333433333333333444333444444
33322222233333334421111111189634444555556666654333334333333333222224433222222222222333333333333333333333333333333333332223433333333223332222222223333333333333333333333333333333333333333333344433344444
33322112233333345421111111399533444555566666665333346533333322222223322222222222223333333333333333333333333333333323222224433333333322333222222223333333333333333333333333333333333333333333344433344444
33332211223345556654321111798433334454555666665433468743222222222222222222222222223333333333333333333333333333322333333334332333333322332223222223333333333333333333333333333333333333333333344433444444
33332221134456556677742225995333334455555566666533589743222222222222222222222222222333333333333333333333333333234444334444333233333322332223222222333333333333333333333333333333333333333333334433444344
23332222224444435667766679974333344455555555666544699743322222222222222222222222222223333223333333333333333333454432224443333223333323333222222222222333333333333333333333333333333333333333334344443333
33322222235555435666678999743322445455555555555554688743332222222222222222222222222233333233333333333333332234653222223333333323333323333222222222223333333333333333333333333333333333333333344444443333
22222222234555445666778777533223444445555555555555687643322222223222222222222222222233333233333333333333332235532232222223333323333223333222122222223333333333333333333333333333333333333333334444343333
22222222234444456667777664323334444445555555555555687643322443222222222222222222222233332333333333333333322234322333332222333323333223333221222222223333333333333333333333333333333333333333333443344333
22222211223334456556665432233344444444555555555555686654322333322222222222222222222233332222322222333333332344222223333222333323333233332222222222223333233333333333333333333333333333333333333343444333
22222211223334456542332223344444444455555555555555686554332112443432222222222222222222222222222223344444444444422222333222233323333233332222222222233333233333333333333333333333333333333333333333444333
22222111233344456632332233344444444455555555555555686444333222233454222212222233222233333333333333333343333455322222233332223333333233332222222222233332233333333333333333333333333333333333333333444333
32222111233444456532232233333444444455555555555555665444433333332234323334543444444444444444334434443333334554322222223332223333333333332222222222223332233333333333333333333333333333333333333333343333
32222211223343357532222333333344444445555555555555555444432222233333323455543333444334433334455544444333334554322222222332233333333233332222222222223332233333333333333333333333333333333333333333343333
32222222233333357643323333333344444444555555555555554433332221223333333433333433333344554455566543444333333444322222222232233333333333332222222222223222233333333333333333333333333333333333333333343333
32222222233333358753333333333334444444555555555555554433322222222234444433344455445555555545665543344334443344321222222222343333333333322222222222222222233333333333333333333333333333333333333444333334
22222222233333349963333333443333344444444445555555554444333322222224445433345455555555554445665433333333333333321122222222333333333233322222222222222222233333333333333333333333333333333333333444333334
21112222233333347963332334653333333444444444555555554444333332222223444433334545555554443335654433344433333332332233322223333333333223332222222222222222223333333333333333333333333333333333333444333333
22111222223333446974443223543333333333333334445555554444433332222123444433334444455543333335654434333333333222233464222334333333332222332222222222222222223333333333333333333333333333333333333344333333
43323456544433457885444333432333333333333333444455554444333332222123333333333333344443333335654333332222222222113664333433333333332222322222222222222222223333333333333333333333333333333333333344333333
22246777766654566676444323333333333333333333344444555544333322222223333332223333333332333335654322222222222222223653333222333333332222322222222222222222222333333333333333333333333333333333333343333333
44565556666554444234444433343332233332222333333344555554433332222233333222222222222222222334653222222222222222222532222223333333333223221222222222222222222333333333333333333333333333333333333334333333
76532344554444332212344433333323333332223333345444455555443333332232221112211112222222222224553222222222222222222332332223333333333223211122222222222222222333323333333333333333333333333333333334433333
43323344555444332212233433333334444333333444455433445555544333333222211111111111122222222223453222222222222222234332332233333333333323311122222222222222222233323333333333333333333333333333333334433333
21122334455544332211224444444444333223344445776632345555554433333222321111111111122222222222353222222222222221246432222233333333333323321112222222222222222233333333333333333333333333333333333334443333
21112233344444433221234444443333332234444468988831344555554433333322321111111111222222222222244222222222222222234332222333333322223223322112222222222222222333333333333333333333333333333333333333343333
22222233344444444321123455543344444455556899867621344555555443333332311111111111111222222222234322222222222222233343222333333322222223322211222222222222222333333333333333333333333333333333333333333333
33332233333344444322222333333345555555589997433211234555555543333333211111111111111112222222223322222222222222223343223333433332222223322211112222222222222233333333333333333323333333333333333333333333
33333332233344555544434443332333445556899888543212334555555554333333221111111221111112222222222332222222222222222343223333444332222223322221111122222222222222233333333333333333333333333333333433333333
33444434444444555654434444432345566568988898852122344555555554333333321121221221111112222222222222222222222222222343234434444333222223322222111122222222222233333333333333333333333333333333334433333333
33333445554434566664334444444456665588899998532223344555555554333333321112222212212222222222222222222222112222222333355444444333222223322222211222222222222223333332333333333333333333333333333433333333
32223445554444456654334444333444444785899973222222344555555554333333322112222222222222222222222222222222222222223333564444444433322233332222222222222222222222333333333223333333333333333333333433333333
33333334444444444433233343333445567885899632222222244555555555433333332112222222222222222222222222222222222222223333454444445433332223333222222222222222222222333333333223333333333333333333333333333333
43322333444334444444333333234667777885543222222211123434555555433333332212222222222222222222222222222222222222333333444444455433322222333222222222222222222222233323333322333233333333333333333333333333
33221223344444444444433333334566888753222222221111123334555555433333333212222222222222222222222222222222222223333333344444555432222222233222222222222222222222233323333232333233333333333333333333333333
43333344444444443333333334444455788532221111111111223445555445543333333221222222222222222222222222222222222233334443344455555422222222233322222222222222222222222222333233333323333333333333333333333333
33333333444444455555544444433344577522111111111111222344554345543333333322122222222222222222333233222223322355533343334555555432222222344332222222222222222222222222233232323333333333333333333333333333
22234444433333346665443334444455676421111111111112233333443455543333333322122222222222232223333333333333333465554443344555566433221222333432222222222222222222222222233222223333332333333333333333333333
22223444443333344443333334434445665421111111111122233223433555554333333332212222222222332233333333445433333443333444344455655433322222345543222222222222222222222222333322223333333333333333333333333333
32222334333444554333333334433444565321111111222222333333344555555433333332212222222233333333333333455554433333333344444356655433332222345443222222222222222222222222333322223333333333333333333333333333
33344444433344444333334444333334566421111122222333333333454345555433333332222222333333333333333321122333322332223334554356665433322222345444322222222222222222222222333323223333333333333333333333333333
33333333333333444433334433223334566653222222223333333334454334554433333333222223333344443333332211111222222333332333454356666543223333355565542222222222222222222222333333223333333333333333333333333333
32233344444433344433344444223455566654332222223333333344555445554443333333322233333444433222222111112222222344333333333355555543223333355555553222222222222222222222333333233333333333333333333333333333
32223333455544343333345554323445555554432333233333334444555666655544333333333333333333222222222222222222222344433333333355555543223333355555455322222222222222222223333333333333333333333333333333333333
44444332344566665333334444333445555555666664322333333334445665554444333333332233333333333344433333332234443333333333333455555543332333344444444432222232222222222223333333333333333333333333333333333333
55554432222456655444444443334667766566776543222222233333455666665544333333332333444444444455543334433433343333333333334566665543333333345555433443222233222222222223333333332333333333333333333333333333
55444443345555544433334443332334444445554433233333333333456678776443333333333333444555555554332234334443445443333333334556787743333333346677655444322322222222222223333333333333333333333333333333333333
55544445566544443333333333332233333344554444333333333332344566665544444333222333455655566666443344444444444444333333344455666753333333334566655546533332222222222223333333333333333333333333333333333333
55555444445544443333333344443222333333444555443333444433444555554444333322222233455433356666554444444443333333333333333345556643333332333466655557742232232222222223333333333333333333333333333333333333
34566653344444332334444455543333333333333344444434555555566655444444432223222234555433345666644444455553333333444334333334444443333322233466766555553332222222222223223333333333333333333333333333333333
45555554444554333333334555543333333333434455554444444444444554433333322233333345665433334555544433445443223333333334445555544443233222222356677666664323222222222222223333333333333333333333333333333333
66655444455555554544445555543333333344567776544445545544456776533333333445677787543333334455544444444443223333333344445555666554233222222256667666666433332222222222333333333333333333333333333333333333
66665544444444445566555455443333333344566655555444444443345565433223345556556777643222334455543333444443333332222334555544456786333322222235666555555533332222222222333333333333333333333333333333333333
55554444444444444455566666654444444445565554433333333333333444433443445555433445555322234566542222344443323322222233445667788876323222222224555555555543332222222222222333333333333333333333333333333334
33444433444444444578887766655444434444444444444433333332333344444444443444443333344443345666654433334333333333222223567777765544323212222222455566655544332222222222222333333333333333333333333333333334
33444333334555666788765555555544444444443333444333333222233333344444554444444344444444444445555443333333333223334556776655554444332221222222455556666555543222222222222333333333333333333333333333333344
33333333334556666666666666666555444555555555443333332222334544433333434443334556655555444555554443333332222222234566544444454455332221222222455555566777753222222222222223333333333333333333333333333334
23333333334444445567766555555555445566667666654332222222223333333333445544444555555555555544444443444322223333333333334455555554333221122222466655556888764322222222222223333333333333333333333333333333
22233333334443334455555544455544444444444444443333332222222333333334444444555555555554445444445555444443456665443334455555554444333211122223456665567888865432222222222222333333333333333333333333333333
22222233443332234556554333444444555554445666665543333333333333333333333445555444333344445567777665555434555443344445566655544445333211122223455555567888765532222222222233332333333333333333333333333333
22111122334444333455432233333444555555557778753322222222222222233332222333344555443334445567888765544456655433334556667777765555332211122224455444467777555543322222222232332332333333333333333333333333
22222233456665443344444444433222223334567776543333333333344443444433322334456676544343444556666555544566654333335566556677765444433211122224444444566776666764332222222222232333333333333333333333333333
22123345544555543234455543323334443334556666555443222223444444444333332333344444444444444444555554445555543444444444444555555555532211122223444434555566677775432222222222332333333333333333333333333333
22224455433344443223455544333344455555444444444322222222333333322334444334566554433333444444555544455554444455555444455555555555532221122223443333444556788876532222222223322333333333333333333333333333
54324443334444444333455554322333345566555444443333333333333333333344444433322233443334555544444444444444444444433333444444555555532221122223454444444445777755543322222223332333333333333333333333333333
43333333234445555544344555443323344444444444443333333333333333333333221111222333333334444444444444444554443333334444433344555655542221122223455444333334455555554332222222222333333333333333333333333333
55434333222334555443344555444322333444433333333333332222333333322222211112222233332334454443333333344444443333345555443334455555543221112223455443333334445555555433222222222333333333333333333333333333
