22222222111221221112232324753212232222148876432223322222111222226742223333222223333211222324678888888888888888888887875488886554545787778864333224543232133234543446788888888888888888888888777777777777
22222222221111111111123314753233222222225743333323322342222112326743223333222332333111223212578888888888888888888887875488886433335677866764333324433332132334433457888888888888888888888888777777777777
32322223211111111111232324753232223221225634232333233342222122336742222333222322247311122222356888888888888888888887875488875333335786543444333334432232122223222468888888888888888657778888777777777777
43332334323333322233444543763343334211323543122433343221322133436753222243222323357411112222225577888888888888888887876488753333334566433223333333333222222322222378888888888888887544446877777777777878
44444445444445555555555556752554455434544454443434343323543343524753222243222332334321124222224345688788888888888887776486544344333334454333333322233222222222222467866788888888876433333677777777777777
44444444444454455555554446752455445555554454454555554445555444534753333353223333324221124221234333457888888778888787776454334353332223455544432332222222222222223346545788888888864433333468777777777766
33444444444444444444444445753444444445444444444444444445555555555543444554445555555433334444444444346888887544788656776445544352222223557653334344222222222223322233345688888888874433434358668777777776
33333333333333444444444445753444444444444444444544444444444444455543444545545555555555555655555555556666776555656546776445554452222224444432234233112422222323223333335788888888875333334457657777777776
33333333333333333333333335763333334444444444444444444444444444446653444545444555555555545555555555555555556556555556775355555665555556555554555555444533333633333343346788888888775333345666547888777765
33333333333333333333333335753333333333343333333333344433344444446653444444442344455545545443455555555555555555555542575355555665555566555555565555555555555665555555556666666666764443335565536766777775
33333334434434434444434335753444444444444444444444344433444433446653344444451134444444444312344444444455555554555553576455555555555555555555555445555555555675555555556555555555655555555565555555567775
44334333434443444444444446753444444444444444444444444444444444446653344444462134444444444215544444444444444444444445775444455555555555555555555555555555555555555555555555555545655555555565555555557775
33333333333333334444434446852344444444444444444444444444444444445653444444474134444444444236644444444444444434344445776444444444444455555555555555555555545445555555545445455544555555555555555455556775
33333333333333333333333436752343333333334434444434444444444434446653444444477234444444444345554444444444444434444445776444444444444444444444445444445554555445555555555545555545555545555455555555556775
33333333333343444333433346752343333333433443433334433444344334346653444444478435444444344464653444444444444444444445776444444444444444444444444444444444454444444444555555555445445444555445555555456766
33334334333333333333443335753343444344333343343333433443344443347653444444468524443334444564753444444444444444444445776445444444444444444444444444444444444444444444444444444544444444444445444555557875
44444444433334433344334335753343444344443444444344433444333444447653333444468624433344433674652444334444444444444445776444444444444444444444444444444444444444444444444444444444444444444444444445433775
44444434444444444333444336763333443334444444443344444444433343447632334443358724433444443674652443333434444444444445776544444444444444444444444444444444444444444444444444444444444444444444444444431665
44443444444444444434334336763343333334443444333333444334444444447643344444468723444444443552553443343444444444444445786544444444444444444444444444444444444444444444444444444444444444444444444444444765
44443444444444444444444335752344344444333444443334444443444444447643443444468843444443444452553444444444344444444445786544444444444444444444444444444444444444444444444444444444444444444444444444456765
44444444444444434444444433753444444344344443443333334443444444447753433444467963334444344464453444433443444444444444676535444444444444444444444444444444444434443443443444444444444444444444444444446765
44343444443344444444444345753344444444444444443344434443444333447653443444468973222344444564354444444444444444544444786534444444444444444444444444443443444444444333344444343343443333444444444444446775
33333333444344444433333336753344444444444444444444444443444334347753444444468973211244434575454444444444444444444444777534444444444444444444444444444444444444444444444444444343444334444444444444447665
33343433433333344443333446753334444444444444444444444334444444357753434433469984321134434576854444444444443344444444786434444444444444444443444444444444444444444444444444444444444444444444444444346555
44444433443444444444444446753344444444434443344433444444344334457653344443458984443235444579743445544444444444444444776434444444444444444444444443444444444344444444444444444444444444444444444444347765
55554555554544544444444445653344444444444444444444444444444444447753344444446896676666565579532344554444444444434344776534444444444444444444444444444444444433333344444344344444444443444444444444357875
45554555555555555555555556763444444545544444444444544444444444425653444444445787766666665776422243344444444443443344786534444444444434444443444444444444444434434444444444434444444343343333333333347875
45445444454444444444554446752444444555555555554455555555555444447653444444444577666666655565311232234444444444444444676533334434444433443343444444444444444443333444444444444444444333334343344333347775
33333344444454444444444445752443444444444444444444444444555555557753544444555676666666545444211111224445444444444444677534434444443434444444444443444444444444444444444444444444444444444444443343347764
32233443444344433444443433753444443444344344444334444444444556567753565555556666666665544433221111123455554554445544687644544444444444444444444444444444444444454444454444444444444444444444444444458766
23233333333333333353333335752334333444433444443444434444444444457653455444567666656665555422232211113444445445444444687644555555554445544444444444444454444444444444445444444455444544444444444444457765
44443334332333333343334446752334443454444444444545444443344443457753444434656676665666555421223322122454445444444444687544444455555555555555554445555444444444444443344434444434444444444444444444458767
55433333333333333333334436752333344444445444444454544444444444447753444435777776666665444321222232221455555554444444577534455555555555555555555566666555444444444444445344444444343444444444444444458776
54333333333433333333334335752333333334444444444433444455444444447653444443477766666667655321122233321344555555555555555566566665566666666666666677765555665555555445555555555444444444444344444433358765
44444444443344333333333335643122333343334433444444444343334344457653454443177666666577422321122222332124444444565565677776666666666777777777777777766555666555455445555555555555544544443444444343457765
44444444444433333333343233333232333333423334344333334334434334447653454444376666555562000121112222233222222346776676777766667677877777787777777777766566666665444444444454555555555555444544444444457765
33344444445544444443334222233333332223334333333334344334444334426753445445766656544642101121112222223333332224556656677877777777878777776777776777765556666665544444444444444444344554555555555454457775
33344433434444544333333332223333333234333334433433354444544444447753344345665455444554422221112222222333334424566666787777777777777777777777777666654555666666554444444444444444444444444454444555567876
34344444444444432233334343334433444334333444443443344334444444457753344345565444455433321111111222222233333433566666777777777777777677777777777666654555666666654454445444444444444444444344444544468876
44444444344444433444544445544433434444444444433443444434444454457753344335555554454333221221111222222222223333677766676777777777777677776677676666544455556667642454445544544444444444444443444444467465
43333444343333334444444344433333433444344334434334443333344433446742343344555556543323321211111112222222223332466665667777777677766666666666776666544445566557642223444444445454445554444444444444456555
44444444434434454344344454444444444544444444444434444433334334446543224665875444443223311112111111222222222332466645667777766776666666666666676666444334556656631123455555555454444444445454544454467665
44444444333444444444344455554445545544544444444444444434434434346543124658999633332123111122111111222222222232466446667777766666666665655666676765443334555554321113444445555555545444444444444454467775
32333334333344443444344444454434434455544444455544333444334444345543233579789753321111111221111111222222222343455356667776776666676666666666777654334334444443111122344555444555555555545444444444468755
33333333344444343444334533344433444433444444545554343444443344334334333599989843223211112321111111222222222343444456667677776666666666666566777653244333444432211122233444433444444444444444544444467665
54444544444444444444444444443444444333444554544554454444444344344334334688887642225311332211111111222222222223344445666666676677666666655556776653243323444433332122223333433343444444444444544444467665
55444544455444444344444444444434433433344444443454445544445454445433433355542143213312222111111111222222222222234335666666677666666666655557766543243223444433343433312234434343334444343444444444445765
43343444454434444444444444433444434444343433333344445443454544445344443333310143213212111111111111222222222222123235666666677533367655665567655442233222344333233445432344454444444444333344343334313765
43433444443434444554544344444334443344333443444444445544545554455454443322101332322111111111111111122222222222122235565556665322235666655576654442233222333332223444444343444444445444444444443333335764
54444545554444455444444444444443344345444444444455545555555344455455443322123322321111011111111111122222222222222224444445543222223565555665544431133222333322224444334344434443444544444444444443367874
44445445444444554434444445554444433444444444444544544444444444455445544322222222221111111111111111222222222222222222222222222222222354555665433321223222233222224344455444444333444444444444343334457664
43444444544544444445444454444444433444444443444455444444344444444544444322221111011112111111111111222222222222222222222222222222222245555554332211233233232222134333344444435434444444344333343333367664
45444444455544454444455544544454444444445444444455544444454443344444334422221110011111111111111111211222222222222222222222222222222235545443321111233333233322234333233344334444434444344433443333467765
45553443344444554343334444444444443333433344554455555544454443444544344433211100111223321111111111111222222222221112222222222222222234444432221111233333233321244443343333344333444444334443433333477764
44544544544444453433444444444454433344443355444434555554444445445554444342111001112334441111111111112222222222211111222222222222222223444332111122223333223222343333344444444334454444334444333334477753
34545445544555454444455444444444434444333455444433555554334343345444444433000011113344443111111111122222222211211111122222222222222222333222111222222332222122444344444444444344443343335433333335577754
44444444445444454444444444544554444444444554444444555443222224444334444434310111234444544311111111122222222211211111111222222222222222232111122322222332122223443344344444433344443444334433444444577654
44444444444554444544444444444444444444444444454444444444323434443444444444431113444554544311111111222222222212211111111111222222222212221111222332222332111223343344444334434333443454333433445444577654
33455554454444444444445444434434444444344444444444454554434444444444444444444344444454455211111111222222222212211111111111122122222211111122210332222221111223344444334443443343334443333333444433477763
33334444444554444344444444444444444544444444455544444454534444344444444344455544544444544113211111222222222122211111111111112111111122222222101333222211112233344444334433443443334444443343444343467763
33333444445444444444344434444444544444544445544544554454344443444444443444445554454334443114421111222222222222221111111111112222211122222320001333221111122233333344444433444444444333443443344333127763
44443444434444434444444334344443333444544445544444444455554544555445433344544454444444444233542111222222222222222211111112222222222222232100000233222221222322333333333444444444444344333453344333326664
44444444443333334334444344443443433444445454455554344456555444545445445555544343333444444344454222222222221122222222222222222222222233321000000233222222222322333333434444344444433334444543344343456653
44433334434333443344444444443444433343443444445543443445556445534434534444444433233333333344445532222222111112223322222222222222333333333211110122222222222332333344334444344444433434454443343444576753
33333334434433444444434443443334433333434433444444443444445433233444333333444444444433334344334553322222111111233333333333333333333333444321111122222222223343333333334444344443333433454434344433577653
33333334444343444334444443444434334444444453444445444434444533444443334444444444344444334444444465332222221111233333333333333333333343444442211122222222223333333433334433344433333443443333334443577753
33433333444544433344344443333334334444444534334334334333333445444344444444444434344444333334444456333322222111233333333333333222334444445444432122222222222233333434444444434433344433333333234433577653
44443344344444444433333333244333333443334444334333443344434444444454443444444444454444444344444446322332222222333322222332333433344345444534443212222222222223343434544433333433334333443343333343577543
33343333333332334544333333334444334433333333333334444334445334334444544344444344444444443334434444422333222222233333334333443434333444444534544422222223322222344433333333333434443333343223223343577642
44444433443333444444444333333444444444444333323334443334434444433445444444444444444454444445434554432332222222234344446434443444444544444444544543222223322222234422334333333433443333333333333333566542
34434334443333434433333334354444454444554444333333544443344444444444444443344434444444443444444544454332222233333344444344445644444444444444444444322222222322232323323333333333433333333333323333566542
43333334443434334433333344345434443444454433543443544433344444333444444444445444433444443344544334446332222243333334444443334444334344443344334345322223222223233323331232333323333333334443333344555443
33333334444434444444333443333433323444343434653444333334344444433344444443444443443453333444454344446532222333364344443434334333464343333333333444332223222223333321222122333333334333334333333334444333
33344344433444444444434444433444333434444433653444443344444444333343444434444333443433443343343333436632222333365333444443444433454333333334333443332223332223334322122233333333334333433333433333433333
34333433433333334444444444444455433333434433544334444444444444434444444344443334444344344444444333447442222234454334544444444333343443434443433443333222332223333333333344334434233333334444333344333334
44333334334433333443334433444454434434434333334444444444444444444434443444333343444444433444434333356343222234544344554344444433443444444343444444433223322223344333344434333334434443444333333343333334
33443333343333333333233323344445434344443444333444433332233444444444444344334444444443433444333433476423233344343454444434443433434554565354454445534322221223433433343333343334444333443333433343444434
33332333333333333333333334444454433334454444434434433343432443344344433343444344444444434443434443576532244345443344334334332324643455554355444444444322222223443433333444333334333333333334433334554456
33333333333223223433344434433454344344344444444444434333443444334444433443443335544444334443433434565553355444554454443332222324654344343345554434444322222224333433334444333433333343333334434444564444
33333333333333334343343334323443444343333434443334434333343333334433334433433334543354334444433435755554455444444443332232333325445344234344554434433332222233334424434543333334443334444333344456443443
22333333333333444332233344334344333233332344322334534543433444333333334433332343422344444443344336766543565333443342323343333335434343345355543454433322222243234424435543334345444334454333344445452344
33333334333344333333333333333233333322334336333334434333333434334333333333332233423333432453355347766553555333332353223644334454323334344335533343333232222223223333334444443334433334455334443445553334
33333332333333433333443332333223333332233334433333333333323322344343342223333233334333332343344267665553553223332343223653344344334333334333433233223222222222222223333345433433343345443334633334433324
22333333333433334433333332333333333333333433423333323333333322433333333333333333433444433322334367665542342223233233232644344245324432234422322232222222222232112212332333333333233333434334433322323444
33334333344333333333344333333334433333333334532333233333433434443333223333434533333442344533343367655432432223343323333533334345433344334222332222222222222221212222322232222222222222343333423322333332
33344443433333333333334333444433334433343333333433333333344333443323234443355433334443344444433366554323642224333333334323422333333234323322321122111222222211112122111121222221122212353123642223232123
33443333333443333234343433323433334343333333333343444323454323333333334334444343334433444334333356654213553233333333233232322332232233223322221111111122221111111111111231111111124511111112541123242232
33443333444343433343333343333443334343333343334433444333344344433333433334443343344334534433432337643223554223332324233242312333323233323222121111111122211111111111111141111111132211411113121214232364
22333433334433432333333344333344333344434443433333333333343334333343443343333334333343332333333337742233454223343322233322222242233232233222111111122122211111112221111022321341132552452113121213233574
32333323443323333323334443334333333344333433434333333333343333333443344433333333432332334333333237753333454333332223233332333333332322221211111111111122211111115352211123541231332454443233252233445653
34433334223322344333333322233333344334222234324434443334344333334433333443343344433322333233343347643343555554343234332334333333312222221111100011111222211111122132222224542321233334432343453355553433
33444323323423443332333333333334433334333344434444444343443333333333443343354434433333334433433347643333556653444332342233323233112111111111001011111222100133131122333433234221453344333433454454346444
44443333333333333333333333334434433334443343333444444443443333333344333343344333453333444434333358753333654322322342322332332222211111111110100001211222100441111234333333353233343433323343345443446444
44343232344333333323323333333343432332323333333334334344434333343343334443333223544333332333434367753335665322322233432232221111111111111011101111111222101652214323433333353245332442133343334553445333
33222222333443334333333332333333332333223343343323333344433333333333334433433343333333333343544367643345456543321233331221211111111111111111101211114111001543233233332323332133333332233464233333334334
32222223234322344432333433323333333333224443444443343334443344343323334344434443434344433333454477642344434543332343222122211222111111100101112111112123123233233333322432332233444333233343333332433334
33322331122223334433333332333344444443344543333334345443344443354434444344554442334344344333343477543344432222122333323233312332211111101001212111152122232333223333333332343123433433333453334433443333
34333432223323333333333444543344443434444443333334345443333344444443443343444443444444344343344466532234433322333433443332233221111110111114322232342123343332333332463343343223335432333453326634554442
34333332333233443323334344433333433344444333333233344334434444433334444444444444333335333344334565531233332233333433323322221111111100111116433233333333333333333333353445446333335442244334556533453333
33332322234323333333334443323333433344344343333232333334434543434433555434344433333333323343333545632333333344343332221211111111111111123113333323333333333344444534433532346433344533433333443343233234
33333222355444333444444533434444434334344443333443334333444333444444544333444433334433432343434433332322334343332122111111111111111221212233342223332322323343433433344333344343344533422344333432322355
33333333334443334444434433344434444433443433443344444344443344443444344333434433433333333333445544322332343222221123222333322221133233333343453222232323333433323332334343333333233442322343233432222333
33443333334344444444444444443434544444333344344344444454555455434444454444443333322354443334345665312332222222233334224433343432333333333432334334333222213432233333333443333233233332442332333422332222
33343323332444444334434333343444443444333444445544544544443345333344443344443334323455544444445544322111223233433334334433344434334333333442333333322323233432233343333333233223333323332333323333431224
23343323332334444334334334444434433333333334443334444334533443333334443343344344334444444433455444332123332345433344444444344444334343433333333333322343333422223353323433323223223323212344442333342333
33454444443345433333334334334433333332233334433344343433443333443333334334445444344445443334444444434434333333233343434434343445344443333233334333333332322333323342333332223313223223223344323333354432
33334333334344443344344443344333433343233334444443333333433334433434333433444434335434334344434343334544443444334443444333334333334333333343333323333333333334323333333433335633332222332222223322223322
33334333345444443443334543333333433443333433343333434334433433334444343444444444444433334333333333333444442334444434343333443444334343333333344333333334434333333334333433333333332222322322332323222235
34433433334444334433334443233333433343344434444334434433334444334434543434434333333344432334434333432334433343333333344443333454344533323333344343233244433334243343333333343222322233233332333333223334
33333333344443333332344344334343444334335433444333444433344344433433432333343333333334433333444333334334444444433333344334444433433433333333344334333344442353345443333333343223233323333333233222333433
32234323443343233334443234333442343343235333445444333344446444335323223433433333333334433333443233333333444444443333333444454333233343333333433235444444333343456443333344443333333323222223232132333344
34344433332232233333444334334533333333334433444444464335334333344323333334433344344344433343333332323334444334433334433333454333344333333333323243434433223223444323344334343333223223322343233333333333
