22221211133337852222222221112112111122322267422332222221377433322332223222222232475323233322223323321112221246888888888888888888888878645888854333357778667543333344333321322343235578888888888888888788
32232212333226853223222122211111111112323267422322232223375332333332325332321122476322233322232223642112222235678888888888888888888878646888643333368755334443333344222321222222224788888888888888886466
33243344443325853322222342122212111124344257533332332112265532233333423222212334486322223322223333762111222222366888888888888888888878645886433333356653322333333333332222223222223788877888888888875444
54455454454447964444333454344344344555555567435444543234334433334333422244324444377422223422234324443112332333344567888888888888888877645854443433333444533333333223322222222222224678657887778888754333
44444444444447964444455554445555555555554577435555555555545545444545544455444454266423234422233332332112332223432335688888878888888877744543343533322334555453223322222222222223333465457777778888643333
44444444444447964444444444444444444444444467434444445555444444544454445555555565566334345444354444543222433124444333578888865468875677754454444522222244576433343432222222222233222333456878777888744333
33333333333336954333444444444334444444444467434444444444544444444444444444554455545335555555455555555555553156555555666677765456664467753465435422222254444322332321124221223232233333357788888888753333
33333333333336964333333334333333333344444477534434444444444444444444444444554444566434444454455555555555552366555555555555655565555677754555556555555555545444555554445333336333333433467888888878753333
33333333333336964333333333333333333333333367533333343434444444334444443334444444576434455444444555555455544656555555555555555555555327643555556555555665555555655555555555556655555555566666666667644433
33333333333436964333333344343343334433333467424444443444444444434444444334444344576434444444444444444444446647544455455555555555555436654555555555555555555454554455555555556655555555565555555556555555
33333333444436854443443444344444444444444477534444444444444444444444444444444444576434444444444444444444458557444444444444444444444557754444555555555555555555555555555555455545555555555555555456555555
33333333433336854444443334333444444444444477524444444444444444444444444444444444566434444444444444444444368467444444444444444444444467753444444444444555455555555555545544444444455554444444455444455555
33333333433336964443333333333334444343344477424434444444444444444444444444444444566434444444444444444444378467344444444444443344444467763444444444444444444444444444444444444444455555455455554455454454
33333334433336964333333333344444444333333477524433333344334444433344444443443343576434444444444444444444365366344444443444444444444467764444444444444444444444444344444444444444444444445455554444444444
44433334434335964333334433433434433334434467534433444444334334333343334434434433576434444444444444444444365465344444444444444444444457764444444444444444444444444444444444444444444444444444444444444444
44444344444446964344444444333333333433433467524444444444334444433344334444344443576434444444444443334444476465444443444444444444444457764444444444444444444444444444444444444444444444444444444444444444
44444444444443864444344444444344433444444467533444443444444444434444444444333444575334444434444333334444674364444433344444444444444457764444444444444444444444444444444444444444444444444444444444444444
44444444444434864444444444444444443444443467634444333344444443443444443344444444575334444444444333433334675564444433334344444444444457764444444444444444444444444444444444444444434344344444443444444444
33444444444435963444434444444444444444443467534433344444444444333344443334444444576434444444444444433335775764444444444444444444444457764444444444444444444444444444444444444444444444444444444444344444
44444443334445974444444444444444444444444347434444444444444344433343444334444444576434444444444334443444788844444443334434444444444456764444444444444444444444444444443344444344334434334434444444444444
44444444444445963444444444434444344444444447534444444443444444433443444434444334576434434444455456666655898544444444344344444454444457864444444444444443334444444444434434444443433333333333333433433333
43434433434445964443434434443444444444433467533444444444444444444444444444443444576434444456766666666557885444444444443444433444444457765344444444444444434444444444444434444444444444444444443333433333
44443433444335964333333334444444444333334467533444444444444444444444443434444444576434444477666555554456664444544444444444434444444457764344444444344444443334444444444444444444444444444444444444444444
44444444444443764444434334433444444434444467533444444444444443444344444444443344576434456766665555554443542443544444444444444444444457753344344444444444444344443434443333333344444444443444444444444444
54445555555444774455544444444444444444444467534444444444444444444444444444444444576434555667765555655553332332444344444444444444333457765344344444444444444344444443444444444333333443443443443434444433
43433444455555874455555565555555555555555567533444444444444444444444444444444443266535676776655556654453221312444344434444444444333447865344434344444333344434444444344444444333344444443444344444443333
43334334344444873455555445544445555555544467534545455555555555545555555554444444476536467776665555676543221111444444334444443444443447765343333344344334433434443444444444444333334444444444444444443333
44434443344434873444444444544544444444444467524444444454444444444454444455555544576433138776555554675443222112445544444444444444444446765344344344334334444444444434444444444444444444434444444444444444
45544444334334874322334434444445444444444347534444444444444444444444444444555665686534267666565455421112232111444444444555444444454446765345444444444444444444444444444443444344444444444444444444444444
45443443344434874222333333443333333533334347533343444444444444433444444444444445676434766644554346410001223212344444444444444444444456765454454555544445444444444444444443444444444444444434444454444444
45444344443444663333333333323333333433344467523343434444444444445444444443444434576535655544444454442111122322355455544444444445545455554454455655555555555555544444444444344444444433444334444344444444
23433444443444344554333343333333333334444466523333544444454334445545444444444443577535555555433543343122112232355556655544555555455555555555555554554444445555555555555554444444444444454444444343433343
34334445444444433543233332334333333333343367523434433444444444444445445555444444576555568754444433222112112232244445765445666555555666666666555654455544444444444444455544554545554444455545544444444444
44444455555444444444443444433443333333333356532323333433454344444444444444343454576664797885333322222122112223134445546577765555666666778667666654444554444444444444444444444544444455455555555445445444
34444457952343345444444444443333333333433344431333333334233343444443343443343344476657998897422221122122111223222334756666665666677777777666666665444555444444444444444444444443344444444545545554455555
44454445643344444433444454454444344433342323332423322333343333333343343344443343266669999887432211121121111222333235655556677766667777666666676666545555444444444444444444444444444444444444444443444544
55555434444444444334444444445445444444343222233333322333333333334333544454433444476545787656422121111111111222333323455556776666667676666677777765544555455444444444444444444444444444444444444444434444
55544545444444444343444344444445432333333333334333443344333444334333443344444444577413444211431242111112211122233321234566876666666666666666666655543444456655555544444444444444444544444444444444443344
45444455344444445444444444444444333344443445444334443344444444434444443344444544576322332000431132111122111122233332123455655666666666666655666655433334334445555554445555555454444544444444444444444444
44444444444444434434334443444434344444443454333334344443443344443334433344544444575323321013432132112232111222222232212343456766655665555555556664433223334433444444555566665555444444444444444444444444
44554444455434444444444444343344443443444444443444345544444444444344444333343344465433222233222121222221111122222223212333345555555655555445555654332222325434444543443444444444444556655554444544444444
44554444444444544445444444334445544443445555544455456445444444444444444343344333565443222222222111111111111122222222221333233345555555555444555654422222224443444434434433333333333445544455555555444444
33345444444334444433333443334444434444444545544444444545444454554443334443344443565463322212222111101111111122222222221232222234555555555555545654322222223543344444445544434433433334434344445555555545
33334443444444433322333333443443434443345433444333344444444445555443434454443433344353222122122111011111111112222222221232222234555555555555445655311222222444444454445444444434443334444433334444444444
44344445444444444544444444444443344444445433444444444334445545445544544454443343433345542111011111111111111112222222221222222233455455555554445754311222222445434443444443444444443443434444333334433444
44454444444444444554445544444444444444444444544344343334445544445544455444454544454333432111011111111111111122222222222222222222333334555554445643211122222345444453543443434554444444444344333343333343
54443344544444445443444444544444444444444444445444334444434333334443455434545444554432200001111111111111111122222222222122222222222333455445446643211112222444444554443444444444454444444454444443444443
54554454554444444433433444444444444545544444444444433443334334444444454444455545554443210011111111111111111122222222222122222222222233445444336432211122222434444555444444444435544444343444444444444444
54554555565434444544445445544444455444443454444433444454434444444554455554554445654444321111111111111111111112222222222122222222222223333443335322211111123445344444444444444334444444343443344443435444
55545555544444445554544454444445554344444455544444343454444444445455454544554444554345321111112111111111111112222222222222222222222222222333334322111111123444443333434554444334444454454444444333444444
55665455544344434434444455445445444455444545444444334444444434444555444444444444444444421121133332111111111111222222222222222222222222222223333221111112223333433443433444333342343344443444344344444434
55554555544444444454454444555444444544455445444554444444554444444555454444544434444443344333344644211111111122222222222222222222222222222223222211121222233432343433333334233342343332344344344444344444
54444444444544444456544443454445644443454545444444443333344445544555555544544434444443344434345755311111111112222222222222222222222222222222222111122222232132234442344433333343444443433333443333344444
45454444554434444455545544434444544434444434444544333444433544544455555544444454445444444444446765431111111111222222222222221122222222222222222112222222322233234343454444333443343333434444443334543443
54455444444334444344545455545554444444554444554444334444433554444335555544444443454444444344447776421111111111222222222222211121222222222222221122222212433443344334444444443444443444444344444444433343
54444444544444444444554444454544544544444444444544445443445544444345555442222234444344444344457776432111111111222222222222211112222222222222211222222223333344433344444444444344433443444344333334434343
54454454644443444444544444444544445444444445444544455444445444544544444443233344433444445444467776422111111111222222222222211111122222222211122332222124344343333333444444333343443343444344344334433454
43344443333444454344554544444444454444455444344444445444444444444444545444344444444444444444467776543111111112222222222222111111112222222111012333222133444333344444433434433333343443334343433433334443
44444343433344343333444544545544444444444444444434445444444444555444444545344444444444443444467766642111111112222222222212111111111221121220012333221233444333344333333334343333444444344344443433333444
43433444334443333433334445355444444444444434444445444455444455445444544543444433444444434444566665562111111111222222222112211111112222112210012333222334444333333333333333333333333344444434444443343333
33444454343444433444434444444444444544443344444444434545444455444444444554444445554454333445456665464221111111112222222112211111112222222100012333222333333333333333333333333223333333434444444444443344
34434434333344434444444444534434344444443444433433334444554545555554444565544445555555444555446765445321121111222222222112211111222222221000012333222333333333333333333433433223333334334443344444433344
34433333334444433344443344444334443444444444434444433444444544455434444455564455444445345444445786545522222111222222222112211122222223310001122232223333333433334333334444443332333343344343444434333334
44334434443444333333333334444334444444444434433344333333434334455444434544454333334444333334444677777532222222222222222112222222223332211111222222222444433333343333334444333433333433334444444433334433
44444444444455543334333344444444544334444444444343344444344534444454444344445333444443344444544578988863222222222222222112222233333332211111222222222434444433344334334423343334434433344333344333334443
33333444444444444434433334444444433344443443333344344444445433344344443333334454443444444444444379998876433222222212222112222333333343221112222222223444454444443444555433444334333434443443334333343433
23333333443433433454443344444444444433334432343333334434345444343333443344334454444544444444444469987776443332222212211112222334444333222222222222223344445444444444444544443334444435544443334433333433
44344344344344323343443443333333335444333333344433344433344333333344443444454343344445333444444479876655335433222211111123333444434443322222222222223334434335444433444433443445445433334333333434433333
44444444444344433544444334433333444444343334334444444433443333223344433344444344334455444444443489975444445333222221111134443333343443322222222222223234444435445444444344333444344323334433333433443333
44443444433444334444344344443334434344333343444444544445544444333334444434344444435444444433444489998643444333322221111244433443343444432222222221223324354444444443443344334333433323232333333333333233
43344434433344344443333344433334334333334444455444444444544334444435544333443444334444444444454489999975333333222222111243433443333344442221122222223334443444344444433343344233233323321323333323333333
34334443443344344333333334444445344444333433334343234443444446534444343343444444333444444444444489999997322222222322212343333333543444433222222222223333333433334443343322334423334322322122333333333333
44344433333344434333444344343444443444344443433443334444445435534444433444444443333433434344443489999996333332222322222343433333653334444322222222223333334333433343345333553433334221222233323333333333
33333433333343343244334434333333344544444544444554333334444435544334444444444444344444443444433479999996344444443222222344443333443334544432222222222333444434333433333343543433333332333343344343233333
23433232333333333344334333334332334433344334444544334344343333344444444444444444344344434443334479999985334444343222222443443345443345543442222222222344343433433344434544345333444333444343333334444433
33333332223333334444433333433333333332333233444444343444434443334444433422334444444444434343344468789874334333334222222444443444434444444443222222222344465454454445434544344344444333333333333335444433
23333333223323343333323333333333333333333334444554333344544444344344333334324433443444433444444468747864344443334322222565445444433443334343222222222445453464445444444454444434544333334433343334333433
34333433333323333343333333232222234333443434334544443344444444444344343334434544344444433434443368764754344434334322222444345644544544333333322222223454343345544434444444443333334433334543333433333343
33233323332334444333333333333333343433343333334444443443334344433344343333443333344333334433433367666643344444343221122434334533444543332323322221223442333345534335433455434333334334335443333334433344
33322223322333333323434333333333453332333443344443432333323344323345345434334444333333344333323467666643344433443211123334333433434423233433322221223442443455434445544554444443244234346443333344444334
43322232333333222333343343333444333333333333333343333223343354333344344333334343343333333333322477666644433433543211223434433433323533335444332211233343344354334444455443332333233333334443454333433334
44322233234333333333333333333434333333443333232233233322333354332333333333333223443443432234442377676644323443542111224433334333333433336533332211233343333334333333234354242233323233333464444333433354
33222333343333443333333333334333344333334423333333333333344434233333233333233324433333333333333476777644333323342111123432333322233333336543432211234463334324322533233352322332223223232344433433444443
33333333334343433333343343343333333333343333334334433333333335323333233334334345443333233334345566777633434333452111122433333333333233335534332212233455333333323633232222222332222232322332333323343454
33344433333443343333444433333333233333343334444333344333443333334333333333443334433232344443455676776533444444442111122333333343333333334224322112232344333333322432322221111222222232211222332333333433
33334443334433343334543344333443332343444334324333344333333333343434443233553233333333343344544676776434444344342111113333332332333433343323322112232343233332321332121222212221223222111213321112234532
43444444443333332333443334444434333433433433334443344443333443344334443333443444334334333344433665665345344334343111113233333333323333333433212112223342333233222222112212212222324221112223212133233322
43445443443222221222334433344434433333333443333443333344334433433333333333443343333434434334332566664333333333334111123233233222333323333332321111232342333232222222211111211111223222111122123124132533
33444443443322332333333333444333333334344443343333333443334334343333333333433333334433444433333466763333343333334311133333242222332232333323321111233332333222212112211211111111112212111124421113334565
33444444343334433334433344233323343333343322333333343342222344244344433344443333344333334433433466653233333333335621233333333332343244323343321111234222321111111111111111111111110112212125521223333353
33443343343333444433443333234334443323333333333344433334333334344444533444443333333334433443444366664333334334335642243333333323443323432343222112233221211111111111111100001111111112314333224332453434
33333234333333344444433333334333333334333333344445433344433433334444434443433333333344333433443367764333444443336642233333232323323423322333321111233211111111100121111110011210110211212322443232343433
44323233334333444443343232443333333333334333334434332323233333334343343344344333433433343433342257664333323344346642243333332333223434332322621111232111111110111110010011101210011111223323443355333442
44323233333334444433222222434433344333333322332332332332233333433233333344333333333333344334333466664433333434547653243333322333321333323325531111221111111111111100011001001210111223323222222233323432
33333333343233333333222233343223444423334333233333333332244444444433443344433443333333344344344467664444343334557643223322223433333433322256431001211111001011111111011111011110111212222222332222333332
33333333242234443333332321222234345333333333333344434433345443433343354444444432453344443445544567654443443333446543234333322233333434333355442101111111000001111111210111010010111212221222332133434433
43344332243444333234323432223333333333334435433444434444444443333343354443333443444433433434444466654443443333345542134434333334433433333334333101101000101012111111110011111100111111541343342223345433
43333332333333333344333333333334443333333344433334433444443333333333453344334344433344443444344477665454333343356542134343332333334333333332333110010000111122111111111111111100111212443446345333345432
34333323443344433333332223344333333333344443223334434354443433332333333344335434444334544343445477777553333433356654334333333343433343323222222211111101111111111111111111111111114325324423356333344433
34333333334444333344343223555444334444445443434444333343444433434443333334443434444344443344444577665434323434465565423223333334332333223221111110111111111111110000110001111111024433344323344333344533
34443343433333334333333323345433344444344333344434444334534334433444443445433344434444444333444566543343333334455542123322443333333222121111111111111111111111111000000001111111122323343333333233242432
34333333333233334433443333334443444444444444434345544444333443443444444545554454334444554344433466653244433343355542124432333222111111111111222111222111111111111111000000013311232333334433333233233332
33333433333334433333443333423544444335443333434444444443333444455445445444443454334344443444433555665245444444455553122222221111111111123233334333333321111100111111110111114422233433333333333233233233
34344433333333343333433333433444444333244244445434333333333344434344443345434443333334443433344533565344444334455443221123211111111124334443344344333331111111111111101212224322223443323433323233224323
33333333323234333433544444443445443343353344444333333432344344433444434433433334433333343344455433443354433344444433223232211111111234444443433343333431111111111111113323323323333432333332123223223223
43334433332224333333334333343444443353444443443334433432333344434433333434333344334343334334444433321244343344343332112111211112233443444333343333333211111110111111122333233334333333333433335533322222
33443333334344334333434343354444444443334533333334334433334333444334334344344333344443434444444555422333243333333321111112311234444343443334443443333321111111122222232334344333323334333333334433322212
44443332344343333334434333344443344333344443233334333333344434443334444333334443333345433344444665432333323333333222311123432433333333444433334453344423222222343342332344343333333343333322332323222232
44333333333333344333333333444443343323443344344343443343344334444334344333343444434344323333434565321244333333343133222234444344333333443344444333333433333333443344233344432343343433333333442232233223
34443433333333434432344323543333233335443234333533433433344334454443333344465443354333223434434565322343232332232333333334444444433333334444553333333332333234443345444343333443465433332343433333333323
43333333343343434544344433332323333334543344345433333323345434454444563354344433343333333344435554322221222222333323223334444343333344324334553333443333333333333344435343233233443333343343343333233223
43333343443344444546533333323333334334443443454333333433334433444433653444334344343323323334344452222122223223333223222333344433333333443333332333433343233333334332344333333334432333343342343433322133
