32223222222223212232222222223322322222222332323333333333354443334423333343333234333322233322234455799999999999999999999998544544444433332111111343333323211111123332344333223322233333334444444444544677
22222332223324422322322222112321232222222332222333333322355344434423333333333334333332233332223578999999999999989999999998544444444433332111111443333333111111122233443333323332333332333334444444457887
22222433223333532322322222223432145321123333223333333322334333334323333333333433322332333332235899999999999999989998889998534544444433332111111443333332111111122344333333222333322222333344434444568876
22232433322333532322343323334532236422123333222334343222343322234333323333432343332333333333369999999999999999789998779999743554444433332111111343333332111111234433333333233233322222322333333444556677
22223433332223443322454323322332236422122353222223333223343222223333332222333333333344333335799999999999999998899987779999753455444433332111112343333321111112333333333322233223221122222233333444445676
22222433332222343322233222212332223432222356322222343222222332223333333332233433333333444579999999999999999977999955668999863355444433332111112333333321111223333333333212223322211222222222233333334566
43222333322322243323323222322432223443222234322222233222222333223333332223222333333223456799999999999999998768989744558998863255444433221111123333333311222333323332333211123222111222222222233333334465
43222333322332233324433323333332224542222233332222332222112333223433332122323333333333689999999999999999998769889743458987863245444333221111123333333212333332222322222111122211111221122222233322334555
43222233222322223323454343333222223443222223222222333222112233223433332123323333333466999999889999999999999989888533569966862245444333222111233333332222333321112222221111111111112211111222232222334456
33222232233332223323356444333322223333432123222222333222222333333333333223433333356899999988767999999998989999876433568865852345444333222212234333322222333321221121111111111111122111111222322222333455
33122333233322223332245445423332223334343212333333333323323322333333334454443445799999999976666899999767867877765433457766743344443333222222334333222222233322321111111211111111221111111123222222333455
34212233323332223333223335632333233334433332344443343323333321234333443565444579999999999976566888998555666766555433445656643444433333322222333333222222223323332111112321111112211111111123212223333344
34211233223333223323333334542244334443443333455454344323332321124433343444456999999979999976654867787444555655554433444555533444333333333333333333222222223333332111112322211122211111111222112223333333
34311133222443333322333346432233334334443443354455565333322332245544443444458999999979999988556545666544455554444343444444433344333333333333333222222222223333333211223212211222211211111211122222332233
34311134223443343321233336522333233323444343344444455434443332345444554555789999999999999998556434454444445554444333444434433333333333333333333222222222233333333333333233212322112211111111122222322233
34421235435533465332233335532333333322454453335664444554444333335666556799999999999999999988755333444343445444444333344334433333333333333333322222222222333333333333333332224322122111111111222222222333
44421135543543564333233333433543333333345654334556444445444333368887789999999999999999999998754333343344444444444334334333322333333333323333322222222222333333443334443432344322222111111111212222212334
55422345322464354323333333222553332334345765444445544444555445897799999999999999999976899998753333333333444444444334333333322333333222222333222222222222333334443444444433543222322211111111111121112333
55423554322354234333344433222453334334335665544444443444457889967999999999988999998743567878653333333334445444444334433233322333332222222332222222222222333334444444444445543333323211111111111111122333
33555435522245223335543344321243444434334666665544443344589999889999998899878999984423444558443333333334444444444334433333322333332222222322222222222223333344444444444455543334334322221111111111122233
33544225664344433445554323555444444433444566776444443345899998799999986788889999987732233347644333333334444444444334443333322333322222222222222222222233333334444444444455544544444323321111111101112233
65543324666544456655434333455775434434553456776444443358999997599999876689899999999732222336644333333334444444443334443333322333322222222222222222223333333334444443444455555555554333322212211101111222
66444444555655556665544555655676533434554456776544554699999996589999877799999999999853322235544433333444444444444434443333332332222222122222222222223333443434444443444445555555554444333233221111111222
56533345555555555445555678644555544334443456666555579999989995589999999999999999999963342223554433333344444444444444443333333332221112343222222222233344444444333444444444555555554445443443332111111111
56643455554444566545555687545544555544544445555556799999978984589999999999999999999864343212354433333334444444444444443333333332221357897532222222343344434333333434344444454555555555444544432112211111
44444565555444566666666566655544444444444444444568999999977884489999999999999998998765432211134433333334444444444444443334333332224754777743232233343444343333334333344444445555555555555444431122111111
64434565344554566655665556566444554444445456654699999999767785479999999999999888987766542311112333333344444444444444444443333222267744455534333333343444343333334444444444444555555555555555431232122111
87444554334445456655545566667655444445445555676999999999956787368999999888989888876666654322322333334344444444444444344443333222586433334556633333443444433333334444444444444555555555555555422333332111
65445554445556555654444566666765434566555666679999999999965777457888998877768777765545555456544444444444444333344444444443333225753343334588743343433444443333433433444444444555455545555555423444432111
65434556677766566665544566555665443455665655699999999999974666546888887766667644655444445455555554444444444433333444433343333237533444333468843333333434444343333434444444444555444455555555434445432211
55556655589876666555544556444555444555566565899999999999985466645897666556555444564454434444455544444444444444444444433333333255333444433336943333334444443344333344334444444454444455555555445555333222
45556655679976566444443456434555554555555546999999998889985455644787555445455444555554444334444444444444444444444444433333333364233444433335733334344444434344334444333444444444445455555554555554443322
34566546644565545544443466434455554455555558999999976789985445644575443344444444445545444434444334444444444444444444333333333443333344333435533343344444434444333344334433444433444455555545555544443334
34334666532234444556556566544545554565545689999999755679986444554455443343444455545444443444444323444444444444444443333333333443333333333444333443344444434444443444444334444434444455554445555554444444
44335555543324345566666655544555555665445666669997655679986444464445433333444566654544334333333333333344444444444333333332333343332233334454333443344444444444444443444444443344445555544455555555544444
44468754544435545555555555544455566555555423337975556688876544454344433333455766764443333333333344332333344444333333333322343354333233334753333333444444444444443444444444433344445445444445555555555443
44568875455566633444444555654556666665555211227854565677777544454334433333455665544333333333333444433333444443333333333223443345333333345633333333344444444444444444444443333334444444444455555554555443
54478544434645633443344455665566755688644211117745566676767644444333333333456654333333333333333444433443344333333332222234433334554333333333333333344444444444444444444443333334444444444455555554555542
34466423565443555542334456776566654566544312118544566766666644444333333333365533333333333333333344434443333333333332222344333332365333333333333333344444344444444444444443333344444333445444445544555444
44356423456444465532345546777766665555544422238444456556666653444333333332354333233233333333333333344444333333333332234444333332233333223333344333344444444444444344444343333344433334444444455444455455
55566643345435456543345665766665666555444763267444455556666664457533333332343322233333333333333333333333333333333332344443333322222222223333343333344343334444444444443333333344333334444444444444554456
45454442222335555445545676565666655545445997585444444556666664578533333332233222232233333333333333333333333333333333433333333322222222223333333343343443343444334444444333333344433334444444444444544555
44343333454444565565556557645566544554445999973344444556666665697432222223322222222233333333333333333333333333333324433333333333322222223333333333433443343344434444444333333444433334444434444444444555
43343333345555566564445545655667654454445899843334455555666666787543222223332222222233333333333333333333333334444444333334333333332222223333333334434443344444444444434333333334443344444444444444444555
53344344444665655655554445666566654454445888533334455555666666877543222233332222222233333333333333333333333554333554333334333322332222222333333344444444444444444444333333334434443344444444444444444555
85333345556665444576665456765556655655456874223344444555566666877543234323322222222233333333333333333333335522233334433333333332222222222223333333334443444444444443333333334344443444444444444444555555
65333344555664454455555555655555454555556642233444555555555556876553233332222222222233333333333333333333334223333223433333333332222222222223333334344444444444334433333333344444444444444444444445555544
43345444444565455445567766655556566545657632335444555555555556875454322343422222222223333333333333333333343223333322333333333332222222222223333333344434444443334443333333344444444444444444444445555555
55446775544565555544666776665555667654567532345444455555555566785454333333542222222222233333333333444444444322333332333333333332222222222223333333344434444443334443333333433444334444444443444444555555
44556765554566666556665567666554566665457532344444455555555565675455333333353345534544444444434434444444554222333333233333333332222222222223333333344444444443333433333334444443334444444444444444445555
34687544556666555546765677766665666655558633345444455555555555665444322234444475434444444444445544444444554222233333333333333333222222222223333333444334444444333333333333444433334444444334444444455555
57657444455555555566654566666555678776668743345444445555555555554543223223444444444444445555666544544444554222223333333333343333322222222223333333444334443443433333333344444433344444433444444454444544
56635645445445555566665456567655566777667843345444444445555555554443233322344554455555565555776544444444454222222233334333333333332222222222223333334333444433333333334444444444444444433444444444444444
56655655455555566666568755556665555555567864354344344444444555554443333332235554355566665545754434444444443222222223334333333333332222222222222333334333444343333333344444444444444444343444444444444444
56777655555555676677666555666556565544455785443333344433334455554444344332235443345556654446754444444443332422443222344333333333333222222222222333333333333343333333344433344444444443344443344444444444
55677764555556666667765445556655876554444577543455455544434444455434465332234333334445544347644444443333322346632223433333334333333222222222222333333333333333333333333333344444444444334443444444434444
55666555466556666666666665546666786564454478655555665555555555445434454222234333333334333347633333322222222247433444333333334433333222222222222333333333333333333333333333344444444444344444444444434444
55565445677766677666666677656766677545444566665555565466776456545543344333333322222223222246632222222222222255223332333333234443333222222222222333333333333333333333333333344444444433344444444444334444
65555567777767776555466667766765567743444456656556666668875566654554344443333211222222222235532222222222222244212322233333334443333222222222222333333333333333333333333333444444444433344334433443344444
55566667766667777644567656655666655554454445555555556666657667765455444433323311122222222235422222222222222343213322333333344443332212222222222233333333333333333333333333444444444433343444434443334444
56655445666666778876555545554555654444556434446655555656656666656455555433333311122222222224422222222222222643223333333333344443333212222222222233333334333333333333333333344444444443344444434444444444
55554345456677677766544445555555566443566543455554555566665578663455555543333221222222222224322222222222222443332333333333334444333221222222222233333333333333333333333333344444444444444444444444444444
55445545554666666665466445677865466644576655554454455558766689952455555553333221222222222223433222222222222334432333333332334443333332122222222223333333333333333333333333444444444444444443444343444444
54344455665665456665566445676775445555576565565565565556777899623455566554343321222222222223332222222222222223322233433223344443333332212222222223333333333333333333333333444444444434444443444444444444
44333445777765445676654445776554346665567556555666555566677784233455566554344321122222222222332222222222222223322223433223344443333333211222222223333333333333333333333333444444444434444433444444444444
45324543556776545787754445666544456666478656556666555565575422222355665555434432122222222222223222222222222223322324433232345544444333322222222222333333333333333333333333344444444434444433444434444444
54434553444565445776555445665555554455678866655655445565443222222244455555434433222222222222222222223432222223323234433333335543355433332222222222333333333333333333333333344444444333434443444444444444
55433554444455445655544444565555545446778876767644334664322222222233345555544443222222222222222222233432222223333334433333335422366443332222222222333333333333333333333333334434444434434444444444444444
43435543444445544555555555654455544556776677676764446752222222211234455555544443322222222222222223222222222223333334333322234222455443333222222222223333333333333333333333333344444434444444444444444444
44334543235434565555444454554358864456775467578766568842211222112333445544554444322222222222322223322222223334433334433222223224334454333223322222223333333333333333333333333344444434444344434434444444
43444443233554466566434544466568875444455556658876767741111111122233334435654444332122222222332233333333346644422234333222223243223555333323322222333333333333333333333334434334444444444444433444444344
43355433334556555456666553356654445554357656777777656751111122223333334456665444432212222222233333333333333344434433443222233453233334334333332223322333333333333333333333343333444444444444444444444444
44456522435687665556655343344434443444348756676655556774211223333333344555565444443222222232333333333333333334444543444322234343356655655323332333332233333333333333333333333333444444444444444444444444
54346542445568766555543434444323444444446777787665445778642233333344345554355444443322223333333333333333432334445333443322334443355576665432333333322223333333333333333333333333344444444444444444344444
44346543345556755555443466544433445665665799899666444667655433333333445555455444434332233333444444333321233333332233443333334443344455354443333333322223333333333333333333343333334444443444444444444444
34335543356677656677544466544333444567876688889855644456545443333334445555555443333332333344444443332211235333333233543333333433344443445454333333333223333333333333333333343333334444443443444444344444
34435645655456666677764554344443334466664567788753465555544443333333333444555543333333333344333322222222224333433323443333333543235533555455433333333233333333333333334333333334343344444444444444444444
34545654555556667666774344355544333455433458766544345665554433333343333444454443333333333344333333343333333333333323433333344532236544555655643333333333333333333333333333333333443444444444444443444444
54555655546557866555554335545544453333444446665545665665554433333344465555554344343333333346666445665554434643333322333333333532346555554665553333333333333333333333333333333334443444444444444443444444
66645755666656764455453344543334554234444443456445665565444433333345556555465334454333432346665445555545446665443332333333333444455578664445664333333333333333333333333333333344334444444444444444444444
66534665554556655755442343344355532223432434455544432322344433234555435654456444455334443356565345434456455556655533443333333335665676666434564333333333333333333333333333333344434434444444444444443433
55544565554456654665765444334346443324544533554554433322234543334542236753345434436424343246566445444456556456777654453333222325876554555765543333333323333333333333333333333444444444444444444444444433
43365455565456555554566555445334445656533443444455333332123443333343357535336533336534432234457544334346558656688654453332222333777557775565653343333322333333333333333333333444444444444444444444444433
44436545446556545443355666536643346665423433444545333123222234322356675344434633236455434334445544333346556756556654453333222332565578886444465334333332333333333333333333333444334444444444444444444333
53445644446776544543345545434533345434433344543444433132342234433446885455543543235455434424434544444355655655445655653333222222454578878544355444333332233333333333333333333444333444444444434443343333
65544565445686654653345555543223345434443445543333643333364333444445643335444552235446544543434543345555655654435556764332222222365455658744357544433322233333333333333333333344334444444444334444443344
46754644655555654464334555556334444344443434446545454334456334444455444324545653224546653544433453345645555554335666677332222222255565545645436544443333333333333333333333333333344444444444334444433444
45535644545654544355333577654444433334432333424645544444447545544577667544444565324556655544432354345434566555555666667333222222234686455434435644544433333333333333333333333333333444444444433444433444
76556667754554445435532368744443433334443443432333455434324654566554456744443456533446655544532255344433456767775566677332222222244555533443423554534533333333333333333333333333333444444444434444333443
76565456654553345533443256644544443332455543553333334433433444576433344653344236643445654543543246443224665567656665566332222222245562432444433455545533333333333333333333333333334444444333334444344344
65445655554454456544354355544444543344445555543333333443344443344544444665445325884435665544445667544225654566545565565333222222354343243344323445556623333333333333333333333333334444443333344444444444
54324665455555534533356445454444554335644444454233444443243453343356654577655544784335666655434467876446643444445556565433212222474222233344433444545541333333333333333333333333334444433334444444444444
64323446645564333342235555444444455435554554355433334443434334443333444456544545574345466555554334578655544543455566565432212222353332233454444433444322333333333333333333333333344444344444444444444444
55566554556544232333334444454455555544465345546443333543334433333223233465576454455455455446554344345755566654554577655432222223333333223334543445544466543333333333333333343333344333334344444444444444
54455555566655432233344444345445566553464334446543344553343443333224435566687545555666445335543345544566677765555557654332222333333333323343444446766677333333333333333333333333334333333333444444444444
42244542354456665323345544434444556554453334334443334544333233333344446776678655674546555445554432345666677643456646664332222233333443323333433343455676323333333334333333333333333333333334444444444444
53335345444444556544443333344444455665443333344554434554333323223345545666546765576654556444555433456655565444456656764333222233333444323333443224433235533433333344333333333333334444333334444444444444
55534324643333444433445332234444455567654334545677644566543343323444544455555554568763545544454444566655644545544556764233222233333333322332433223443211223443333333333333333343343444333344444444444444
54654433443334334443335433234334445555446445444444433466346754334544444444445666578885555534554445556555554455655655764433222223333222332233332233433421122334333334333333334443333444343444444444444444
43464433334433334444323443344443444555334566423455333335324675445544334334444557888775564544455434466555644445545665775563222222332223554344442223432342222344433334333343334433333434344444444444444444
44445555445653345544443443344565444455544445643323334458544456666433422343445677777764465544554445567557764454554556775575322222332222454344353223422223332233333334333333334433333344344444444444444444
44534665543444333444454443334344443344555645676644445558767546767633454455566677656665465445543645666767644455565565676565332222333212454444333223422122454323343333333333333333333334444444444444444444
52343564333333333444444443333332343345566765545666766667766776765765666567776666545676555444444555667885445655555445555554332222333223444564335544331123454443344333333333333333333334444444444444444444
44445664344434333444444443333334364334465466545666677787655567665467675556765655545777554444444446546973334554444434444443333222333322334663445755432113444464434333333333333333334444444444444444444444
44457755455544443578765443333333355445445333544565566778766666556557775445665554444577544445654446755874333544344434654433333222234322234652356665433223433356653443333333333333333444444444444444444444
55567634544555444799998543333233333445543443233454566655555556656656676444444333344556544435764457864775433433334343454433333332234322224542346655644444322356555443333333343333333444444444444444444444
67655554543456555577665432333333333344422344433465455655654455656665556434443333334565544444567776444574433332234444554433333333223342223443345755753334422346433554333333443333334444444444444444444444
57864355344346545445433422232333223444433334555665555666655665555446765543333464333456645444678677467665333322223343344443333333322233212433355675663223321125334344333334444334444444444444444444444444
67765555444444434446544433333433334455544445455776555566766677654545665544444446333346765543466445557643333231122223333533343333332223312422345566553345432125534435433334443333344444444444444444444444
77665665434454433334444333333555446555555434555664456556777778776544554433333455633367677644456544545653332222112222344443333333222233322332224544432344324336543445543334444333344444444444444444444444
44555455554444443333333434333466457556666765666566655446788886544444444433223334883478656655577665454454343432211122255443334332222223335432223453322233334445354345544433444433344444444444444444444444
45445555566435443333465565654567666444554556777668765565678996334443333432223443465467554455668644435556435642222112234333234433343323344743123455442332244555324334557533434344444444444444444444444444
