36853222222221112212211121323257522122222211588764322233222221112322266422233332222233321112233346788888888888888888888878754888765445457877787643332244432321332445444468888888888888888888887777777777
26853222222222111111111111322157522322222222267433322233224322221123366422233322223223331112232135788888888888888888888878754888864333357777667543333244333321322333234578888888888888888888887777777777
14863323222232211111111102323247532422232223266342323332333322221223376422223332222222573112222223578888888888888888888878754888643333357864333443333344222321222222224788888888888888886576787777777777
35864433223343222222212234445437633433342113245431224333422223221334377432223422223233674111232222255778888888888888888878754887433333355653332233333333332222222222223788878888888888874344457777777777
46964444444454444445455555555567525544554345434443434343532235333435257522223422223323343211242222243466888888888888888877754864443443333344543333333222322222222222224678667888888888753333336777777777
46964444445444444555555555544467525554455555544545544555544455544445357533333432233333232111242212332334578888877788887877754543343533322234556444323322222222222223233465457888888888643333334677777777
46964434444444444444444444444457534444444454444444444444444555555555556434445544455545554333444444444443468888875457886567763454444522222244576433343432222222222233222233456888888888744333343586677777
35964333333344333334444444444467534444444444444444454444444444444455555435445455455555555555556555555555566666765556565467763465444522222254444322332321124221223232233333357888888888753333334576577777
35964333333333333333333333333357633333444444444444444444444444444444566534444454455555555555555555555555555555555565555567753555556555555555555444555554445333336433333433467888888887653333456665377777
35964333333333333333333333333357533333333333433333333344443333444444466534444444444454555455455445555555555555555555555415753555556655555565555555655555555555556655555555566666666666544433355655367667
35964333333344344444344433343357523444444444444444444443444334444334466533444444444444444444444223444444444455555545555536764555555555555555555454554455555555556655555555565555555556555555555655555555
36854443343444344444444444444467534444444444444444444444444444444444466533444444444444444443343134444444444444444444444457754444554455555555555555555555555555455545555555555555554455555555555555554555
35964443333333333333344444444468523444444444444444444444444444444444456534444444444444444444442266444444444444444344444457764444444444444455455555554555545444444444455554444444554444455455555555544555
35964333333333333333333343344367523433333333344444444444444444444344466434444444444444444444442365544444444444444344444457764444444444444444444444444444444444554444454445445444554455454454444455554454
35964333333333343444443334333367523433333334334444333344344443443343476534444444444444444443444646544444443444444444444457764444444444444444444444444344444444444444444444445455554444444444444454454544
45964333344433333333333334433457534434443443334333433344334433444433476534444444444444433344445647544444444444444444444457764444444444444444444444444444444444444444444444444444444444444444444444444445
45964344443444333343333443343357533444443444434444443444334443334443476534334444444443333444447656434443344444444444444457764344444444444444444444444444444444444444444444444444444444444444444444444444
43864444444344444444443344444367633334433344444444433444444444333434475323344433444333334443438646434433334344444444444457764444444444444444444444444444444444444444444444444444444444444444444444444444
45863444444444444444443344443367633443333344334443333434443344444444476434444444444433344444437646334433434344444444444457864444444444444444444444444444444444444444444444334444443444444444444444444444
45963444434444444444444444443357523443344443334444433344444434444444476434334444443334444434436446344443444443444444444457765344444444444444444444444444444444444444444444444444444444344444444444444444
45974444444444444444344444444337534444443443444434433343344434444444477534334433654334444444536546444444334434444444444446765344444444444444444444444444434444443344334434334444444444444444444434443444
45963443434444433444444444444447534444444443444444433444343434443334476534434454764433444444447536344444444434444445444447865344444444444443434444444444434434444443443333334443333333333334444443444444
35964333333334443444444333433357633444444444444444444444444434443343477534444475776434444433357546444444444444443444444447775344344444444444444444444444444434444444444444444444443334433344444443444444
44864333433333333333444433334467533344444444444444444444343344444443577534344486777654444433457566444444444444434444444447764344444444444444444434444444444444444444444444444444444444444444444344443443
43774444444334433444444444444467633444444444344433444334444444443344576534444478753454434433457785444444444444444444444447764344444444444444444344444434444333333344444444443444344444444444444444444443
44874455545555444444444444444456633444444444444444444444443444444444477533444458743433445445458964434334444444444444333447765344434444444443444444444444444444444333333443443443444434444433443334343333
45974445545555555555555555555567633444444455444444444445444444444444256534444447745775566665569844543344434444444334433447865344434444344343344434444444444444444343344444443444344434443333333333333333
44863454454444544444445555544467634445455555555555544555555555544443476534444446967666666665677532544444434444443444444446765333333344344334433434443444444444444333334443444444444444434333343333443333
34874333333444444544444444444457523444444444444444444444444455555554577535444458976666666555556421455544444444444444444446765344344344434334444444444434444444444344444444444444444444444444443444433343
34874322334434343444334444434337534444434443443444443344444444445565677535655557876665565544434311244444444445444544455446776445444444444444444444444444444443444344544444454444444444444444444444444444
44873232333333333333333533333357533443334444434444433444344444444444576534554456666655565554432211144444444444444444444446876445555555555455444455554444444444444444444443444434444454444444444444444444
44454343433333323333333433344367523343434544444444445454444433444433577534444566677665666555531222135555555444454444444446865455555545555545545566665554444444344444444433444334444344444344444444444444
33344554333333333333333333344366523333444444454344444545444444444444477534445666676665666544431233235556666555555554444455765554555655566666666666655556555554444444444444454444444443433444444444444434
44433543233343334333333333343357533333333344444444444334444554444444476534445677766666666755422223323444455545555555566666666666666676667777766666665556666544544545554445555545544444444444443444444333
44445444444444433443333333333356431222333433344334444444444433343444576534543267666656557632322222332233444444565676777766666667776677787777777776665555666544444544444455455555555445444444434444443434
43344444444444443333333333332334332333333334233343443343343343333344476535543157666655554100121122233233433356776666667766767777887777776777777777765555666654444443344444444445445544455555444444444444
44443433444444455444444433342222332323322233343333333343343344443344257534454576666554563110021112223333334434566666677778767777778777777677777777665555566665444444444444444444444443444544555555554454
44444333444334444445444343333222233333332343333343334333544455444444477533444766545544455431122112222233333432466667787777677777777677777777777766664455555566544444444444444444444444434444444444445545
44444343444444444444422333333333344333443343333444434433343344444444577533444566444445543431212112222222333332257777666677777777777777777677776666554455555566434444444544444444444444444444343444444444
44445444444443444444334445444455444334444344444444434434444344444544577533444555555445433221221111222222222333236676666777777767766666666666776665554335555555434554445544444444444444444444444434444444
34434433334443433333344444443444333334334443444344343334433334444334467423334555444544332232221111222222222233225666466777766666666666656666676655543334455545533555444445544444444444444544444444444444
34444444444444343344443343444544444444345544444444444344444333333334465432465698754343222331111111122222222223225555566777766666666665555555667655543333444434532444444555655555544544444444444444444544
44444444444444334444544443444555544455455445444444444444434344344333465432655888963333212311112111122222222222213344566677666666666666666555667665433323344433542333333444544455555555444444444444444444
34343323333343333444434443444444544444344555444444554443333443344443465432468988985322111211112111112222222222212233566666766666666666666655667665423333334432442233333344444334445555555545444444444444
44433323333333443443334443345333444333444434444445455443434444443433343343369998884322321111222111112222222222222233566666666666666666665555676655323332333332342233343334444433334444444444444445444444
44444544444444444344344444444443434444443334445545445544544444443343443343457877655322431122232111111222222222222223456666666666666666665555765654323322233322232222344433344444333334433344444444444444
44444554445444444444444444444444544344333333444444444544455444454544454334424543103321331133221111111222222222222223456666666776666665556556766544312321123322223222345443344443343443333343433334444444
44444443444444544444444444444444334444334444434333333443444434544444453344423331004321321221110111111222222222222233346666666766766665555456655544212211122222224321265443234454443443444443333443333333
34444434334444444444444545543444443344433443334434444444444444455545554543332221133222211111111111111122222222222222335555566777655555655456644343111211112211234431178653213444444444444444444444433333
44444544445445544444554444443444444433444454444444444554455554553444554554333222232222111101111111111122222222222222234555566666656555545455533332111111111111134333158873111444344433445444444444444433
44444444544454444445544344444455544444333444444444445445444444544444554455442222212222111011111111111222222222222222224545566655555544445455432221111111111122233334225786211244444333444444444433433343
44434434454455445444444454444544444444334444444434444555444443444444445444453222122112111111211111111222222222222222223445556555554443333344322111111111111112223342322354100134344343444433344333433333
44434454454444555444444443455445444554444444454444444555444444544433444443343222111001111111111111111222222222222222222344555544554433222233221111111111111122233343333222001233344433344343344334433333
44544455534443444445644433444545444444443333334445544555555544544434444443444442100011111111111111111122222222222221111354444433433332222222211111111111111222333343443321122333443333344443344434333334
34445445445545434444533334444434444544333444433554444345555544444454445544443321000011111211111111111112222222222221112344333222222222222111111122111111111122443443443333223444443344543443345434333344
34444344444454545554444444444444454444344444433554444335555544344433354444444210000111223331111111111112222222221121111233222222222222222111112232221111111122443444443444444344443444433443344333333345
44444444454444454444544444444444444544444444445544444345554442222244443344444210001112434443111111111111122222221221111111222222222221111111122233221111111123444344433443444344333334434443334333444444
43444444444444444544445444444445444444445444444444544544444443233344433444444431111224445545211111111112222222221221111111112222222221111112220033321111111223433343443444444344343433433543334333454445
43444334554544444444444444455444344344445444444444444444554544344444444444443443113444444545411111111112222222221221111111111222222111112223100013322111111224433333344443344334433433334433333334434334
33333333444444445544443434444444444434445444444444554444444545444444444444443444444455444445441111111112222222221222111111111222222211222331000013322211112234343333444443343334443433343444333433344343
33333433334455355444444444444334444445444455444455444444544543444433444444433444555545543344462111111112222222222222221111122222222222233210000002332221122233333333333344444333443433343333433443343332
45433444434444444444344444443343444434434545444455444444444555444445554454333444444544443444452111111112222222222222222112222222222233332000000002232222222233333223333333334443444444443343334543454333
44334444444444433433344334443444433433334444454544555554444565554445555455445555443433334444441121211112222222212222222222222222223333331000000123222222222233333223333334344443444444433344445433443444
44433344333344344334433444444443434444433444434544455434434455564445444445344444444332323333343353222122222222111122333322323333333333321111111123222222222234433323333443334343444434334334444433443444
44333333333334344334444444344434433344333333434333444444434444454333334443333334444344444333345565222222222221111123333333333333333333321111211222322222222234333433333433334443344433334434444343443333
54443333333344444444443344444444444343344444344534444454444334445333444433344344544443444443344545632333222221111123333333333332223344442222222222322222222223333333434333344333344333334443433333344434
44444433333333444444433343443443333343344444445433343344343333334454443444444444444343344443333436855533332222111233333222333333334444453222222222232222222223444333333334444444334333344433333332344334
33333454433343444444444433333432343333334433344444343333443344334444444544444434444444444444443436866754332222211233332233333333344333444222222222232222223224443334434335434333334433333333433333333344
44323333443443333333335443333333344443444433333333333344443344454343344434433444444444444444433345675444333222222234433444344334434333434422222222222222223223344445445333333333333334433333432232223333
44334444434334433333444444343334334444444433433333223334433344334344334455444444444444444544444454555433333322222233343443365344434444445442222222222222223223334444334223343333333433343333333333333333
44334444344344433334434343333343444444444445544444333334444433344444434444444433444443444444434444674434354322222443343444443444446544344443222222222222223222344333423323232333333333333233333333222334
43344443333344433334334333333343454344444444544334444435444333443343333444444344454443334444433444696334496222223443333344433433344443343444322222221222223222344233233324322223333323333333333543333444
43344333333334444344344443333433334343234443444346534444333343444444333444444334444434434543334444685422396222223333453344433343333333643343332222221122223222234323334212222122233333333333333433333334
53434323443344333434443434344443333443334444445435534444433444444443333333434344443334434334433433686532385222233333563334433443443433543333333222221132222322235433334221222333333332333334334333333333
43343244334434333333343544444444444554333334444435543334444443444444344434443444433334443343444443587533396222233333443345544444443433434434433222121232223322225433333333333443344343333333334443333443
33333343333333334332334433344333444444334344343333344443444444444444444344434443333344445444334444487534497222243345443345543344443334434444432222111343223221124343344333444343333334344433443333333433
33334434433333433333333332233233444444343344434443334444433322334434444444434343344434444433334343487544685222243443434444443444433324444444642222224444332221124344434333333333333345443334443334333434
22343333323333323333333233333334444444333344544444344344333333434433443444333334443444434444344433466663685332345554433443333343323235534445432222135444222221224434444333334443343334333333333344433345
23233333233332232222234333443334334543443344444444444344343334434543344444433434443355444444343433574462765432345645544543333332224246543444222222244334222222233333334333334443333333333343333334343544
33443333333333333333343433443333233433443443334344433344343333443333344333334434333345433454344444576455765532344533444533332323233344454442222222444345322222234333344234335433333334433344444333344455
33333223334333333333453332333443344443332333323344323345345434334443333333334333323434323444444443566656765533333333434423233433333354343442222222433445522222234432344234345443343344443334554333444455
33222333333343333343333333333333333343333223333344233344343333334343343333333333322334233334333533655657655434433333334433335544344543223431222224433433322222322232323343334443443333333334444444443445
33333333333333333334333333343323232233233322333344332333333333333223443443432233432233344333323433665568655434333333334433236533343443343321222224332333222222322222223233333354433433433454343345523244
33433333333333334333344333334423333333333333334334233333233333233223433333333333333334333344333322666677665433433322233333326543442353244212222233322323222222311321123223322334433332344334344344323223
43433323343343343333333333343333333334433333333335323333233334334334433333233334345333334423435332566677655532333333333233335434343354332112222233322222222222212321113222222322323322232223343334322222
43343333444433333333233333343334444333333333433333333323333333443334433222344443455333334433444444465566654423333343333333343234323333331112222223221222111222111311122232111222222221222213353223323633
33443334533343334433332343444334324333344433433333343434443233543233333333343334444343344334443344345466654323332332333333343332223322321112223232321121112222111211122121112241111111224512111223221543
33332334433334443433333433433433334443344443333433344334443333443344334333333344433443443245334334334355443223333332323333332433223323221111232222222111122221111111121111112441111242232313311023121233
22221223334333344434433333333443333443334344334433433333333333443343333433433334333343333433323333333246543133232222433222333322222433211111232232112111112221111111112112421332112333232533641132122234
22322223333323434333323334344443343333333343334334333333333333433333334433444433333334323332343333333237542233242222322232333323333432211111322121111111112221111111212112511135411223334565443333433334
34323334433343333323343332343322333333343342222333244344433343343333244333334433433444333223332333333348642222333332333243332343333431111112311111010011112221111110110012212135324222233243322343443454
44443333433333234334443323333333333334333333322334334444533443443333333334433443444344433233334334333348653222233323433323332343222321111111111110010011112221001141111112324232234333543433333333544443
33344444433333333333333333333333343344433344433433334444434433433333333344333433443334533333444343333357643211132323323323323333322221111111111100000121112220001310111204423233543323444333233443345433
33444343333233343323323233333333334434332323333333334343343344344333433433343433342234543333323343343477642111122333222434332321222211111111111110011111111110002410111213323333443454233432233343344544
34443432232222334333343333333322333332332332233333433333333344333333333333344334333333333333333434543367742211112323321333322322222211111111111111012111121100012331211233323333322233333332333553233334
33333322212233333323444423334333233333333322244433444333433344433443333333343344334433333344343334543477643332112432333332222343221111111111011012021111111111121231223333223423332333443332333533333423
33443333222321232233345323333322333444434433345444433343354444444432453334443445544523333443443333433587633332112232333322222233221001011111000012122111430110132232133333332322431233334433233533344434
43333233323332123233334333334335433443434434444433333343354443333443444433433434444434444443443333443677532222111111323322232222221111011100101133122111420121233323334322643343342223345323333533257535
33233344333323333334443333333345433334433444443333333333353344334344433344443444344433333354333343344666422333321121223333333222222211110000111154321212211123323323333333533445354333355432343334565434
34443333323222243233333333344433223334333344443433332223333344335434334334544343445433333343333433334555522333333343443321211111112111111111111023322223323223333344445334334323365333344434332333433443
44333333332223554334334344445443334444333353444433433343333334434434444344444333444433334334323433344333422223333343321212111111113222111111111112221223322223233434334433344323343333345434322343333433
33333333333323344433334444344333344434444334434334433443443444433344434444444333344334333334333334345432223322432221211223222333223222111112111223232222322323323333233323343333332232233423222432333422
33334333433323334333444444444444434345444444433443432444444545554454334444554344433333323444433343356654223321222222333332234333333211111122123323233334332222224432333333334433333332233323432423333322
34333333443333423544444445443433434444544443333444455444445444443454334344443444433343223455433444455554221111332334434343344333332111121122323423433333223232234322333433333332333233233233332333233343
33433333433223423444444334343244444434333333333344434344344345433443333344443434343444344444444334455444321133322355433444444443344333233334433333333333222433334322233443224333232232233222123444432343
43233333544434433344333333353344344334333332333344333344444344433334443333343343454343444445443344444444334343333342333334444343434454344443333233333233333333323323333432333322133223222223223443334233
34333334444333343444433343443433443334333432333344334433333434333344434344334334444343355344333344344333344444434433344443444333333333343333333343333233333333333334233333333433246433322223322222233222
33333333343333354444443443344533333334334433333333434334333344333333344343334444444444444433244334333333234444433344444343443334443444334432333233443333332334343333333334233333333423322212322312323223
43333334434333344443344333334432333333333433444434443334344333344443344345434344443333333444323334333333423334332433333333444433334453344433233333443342232344343333333333333323332223222232333333333323
33333333334333344443343323443343343344443343344334444334444323343444334334323333433333333344433334443333333344443434333333443334444334433433333333433344233344433443353433333333442232233223332332332322
33344432343324543433233334343334333433433333344333444433233344464444344333223434433333333344333334432333333434444444433333334444553333333332333234443345444343333333465333332343433333333332223233331232
34434433444433332332233334433334235433333323345334444444553354344333443233233344333343343344333433333323233434444343433344324344553333443333333333233344434342232233443333443343443332233133223332333333
