36642112222122366764432333222321232322223233224533434333466444434468888888888888888888888888888888888655667776888876533543222322232233223478888888888888888888888888888888888888888888887777777777777755
26642122222212256763332333222323231232225543223333332233464333333358888888888888888888888888877788887655667667788765334433222222332324423368888888888888888888888888888888888888888888888778887777777776
36742222222222126785322223332232321232226632223453322233664333232257788888888888888888888887764588874565766666678753333333343222233335533347888888888888888888888888888888888888888888887778888777777864
37632212222232247787432222332122212332226632233443322333354222222334778888888888888888888888875488886554545787878864343225443332232244434457888888888888888888888888888888888888888888888777877777777876
37632112222221268866432223322222121222227642223333222222332111223223568888888888888888888887875488886433335777766754333324433342122333233578888888888888888677788888888888888888888888888777787777777777
27632222222222126633233323222432222112237642322332222322245211122212467888888888888888888887875488874333335886433344333334332222122232222588888888888888886445567888888888888888888888888777788777777777
27642332223222227534222333232332222122337642322332222223268411122222235678888888888888888887875488743333334565433233333323333222223322222578877888888888875433335888888888777776888888888788888888887777
25743433333212324542222433342222322233437752222253222333355421123222224346788788888888888887775486544343333334454334433322232222222222223557656888888888854333334688888888877654788888888888888888888777
56733544454334544454443444343324543443424752223342222323323221223221123323467788888788888787775464334353332223456644433333222222222223322244456788888888854333444477688888887764788888888877677888888877
57733544455555544454554555544555555545545743334453333444434321123233444333346888887555788657776445544352222224457643333343122322222223333323346788888888864333334477588888877753788888888866466778877887
57743444444455444444444444434455555555554543555555555555555555555555555555556667776555656546776446654452233335444433333333223422223422222343346788888888764333345766378888877754888888778644344457764775
47743444444444444444444444444444444444455543444445444555555555555555555555556555555555555556775355555665555566555555555555555545544654444444456777777777754433345656367767777754887788766433333335543553
47643333344443444444444444444434444444456653445544445455555545544555555555555555555555555541575355555665555556555555565545555555555665555555556555555556655555555655555555677754666566655444444445444444
47743333333333344433333343344333344444446652444444444444444444444454544445554555555554555553576445555555555555555555555555555555555665555555555555555556555555555655554555577754555555555555555556555555
47633334444334444444444444344433444433447653344444444444444444444444444444444444444444444455775444455555555555555555555555555555545555555555555545555445555555555555554555567754555444444544444445555555
47643444444444444444444444444444444444446653344444444444434444444444444444444444444444444445776444444444444445545554555555555555445445555555545444455545555555555555555555567753445455544444444444444444
47732444444444444444444444444444444444445653444444444444444444444444444444444444444434444445776444444444444434444444444444444444555445454455555555555445454444555555555554567763445455544444444444444444
47732433333333334434444344444444444434446653444444444444444444434444444444444344444444444445776444444444444444444444444444444444444444444444444555544544444444444455445555568763444455444444444444444444
47742433333333433433333334433333343344346653444444444444444434344444444444444444444444444445776545444444444444444444444444444444444444444444444444444444444444444444444454326753444444444444444444444444
46742443344344333433333333433433344443347653444444444444433334444444444444334444444444444444777534444444444444444444444444444444444444444444444444444444444444444444444444316653444444444444444444444444
46742433443344433444433344433444333344446643334443344343333344333444344443333444444444444444777534444444444444444444444444444444444444444444444444444444444444444444444444447654444444444444444444444444
46742333433334444444343344444434443343447532344443444433333443444444444443333333444444444444786534444444444444444444444444444444444444444444444444444444444444444444444444466655444444444444444444444444
46752433333333333333333333444333444443447643343443444344344443444444444444344444444444444444786534444444444444444444444444444434444434444444444444444444444444444444444444467764544444444443344444344444
46742443334443333344433334344443444444447653433444444433444444444444444444333443444444444444677535444444444444444444444444444444444444443433334444343444443333444443444444467764444444444443344444444443
34733444444344343443443333334333444433447753443444433433444444444444444444444443444444544444687534444444444444444444444444444443444444444444444444443443434433444444444444466664444444444443444444444444
35643444444443344443443344334443443333446653444444433443344444444444444444444444444444444444687534434444444444444443444444444444444444444444444444444444444444444444444444366655343334433444433433444444
46742344444444444444444444444443444334347753334443344344444444444444444444444444444444444444686434444444444444444433444444444444444444444444444444444444444444444444444444367754333433334334334333433433
46742334444444444444444444443333344444447753343433333334343344444444444444444444443454444444676434434444444444444444444443344444334333333444444344444444444443444434444444478764443443343333333343333333
46742344444444334443344433344444344334347653344444443343333334444443343333444443222444434344676534443434344444334444444444444444444434334444444444444444443343343333333333378764443343343333333433333333
46642444444444444444444444444344444444436753344444443344434444334443343333444443135443443343687544443444444433444343444444444444444444333444444444444444444433343343344333367754433333333344434444333333
46652444444444444444444444544544444444435653444444444444444444444444444444443444145534443444677533333434434433443344444343444444444443444443444444444444444444444444443343368653333333333343334444434434
56742444445555555555554455555555555444447753444444445444444444455444454554444444244535545544676644444434443444444444444444344444444444444444555555555555555555555555544444478655444433333433344434434444
46642433344444444444444444444444555555557753555455555555554555444444444444444445454635555555666654554444444444444444444444444444344444445555556666666666666666777766544444577665444544444444444433434444
24643433444444344344444334444444444555557753465555555555555556555555554444444555563643455555664545555555555555555444444444455555545666667776777777666666666677776666666554578675444444444444444434334444
35642333333344434444443444434443444444447753354434444444455555555555555554465455463553334444553334444555555455555555555555556557777777776777766676666666666666666666666666578774344444444444444444433333
46642334343444334434444444444433344443346753344434333344444444544444555555687644362453313334342233333444444454445454556776787788877777777777666666666666666666666667766666666664343444344444444333333343
46642333343444445433344454444444544444446753344434344333444433443333444445788643342353212222222233443334444454445567778877777777777767777776667666666666566666776667766665666664333333333333343443333444
36652333433334444444444433444455444344446653344444444444434444433343343335788743455343222233433334554343444577864467777777777777776666666666666666666665555667776666776666667764433443333333333333333334
45643122223343334433444444444344333334447653454444444444445555444445544446545553356344334556756556665665787888885356777777777777766776666666666666666555555566777766666666677775444443344434433333343433
33433132322333323333344333333334433334436753454444445444444455454445544457533343357564434677777777777778888888885357888877777777766666666666666666665555556656788776666666677776555555454444444445444333
22332232322223334333333333334334443334435753344445544454444444354434444446665554556863555677777777777777877777786358888877777766666666666666666666665566566666788777667767777776555544555554454445444443
22223323332233333333333333344434444444446753344344554444444444444444334346777667567842234555544456676666776777886368888877777766666666666666666666655666666666777776666677777766655555445555554555555444
33333333334333333344433443333333444444446764344333444454444544444454444446776676558532122223222224565665776667886478778888777777666666666666666666666666666667777777666677777765665444444445555445545555
44444433444334444444433333443433444443446753334333454434444444434344444446666666645542112222222222355655666667776477788887777777777666666666666666666776666666667777766777777754665444444444444444544444
45433333333444344334434333343333344333446643233333454544444344454444444456666666653542112222222222245555656777776577887777777777777666666666666676767776676666666777766777777752576444444444444444444444
44433333434544444443434334344433333433346543222233443434444344444443444566667765554422222222222222234544566767777577787777777777777777766666666766776766677665666677666788877641476444455444454444444444
55454444545544444444444334443334434433346643222222334433333323333343433576666655554211122222222222222455566767777577777777777777777777766666667767776665576655566667656677876531276444444444554444444444
54444434434454544444445444333344334444335543233223233333333322244334444566666555554221112222222222222345567677777577877777666777777777777777677667767655566555556666556677776431267643444444444444445544
33344433334444444444545544343344433333333323333333333223344444445444445666655565554431222122212222222235576677777677787777777777777777777777777666667655566555555555556677765421467744544444444444434444
33334443444333444544444554454444434444444333333333343444344444444444456666555566654432343111211222222225666777776566777777777777777776666777776666665445555555555555555677764323478754454455555544444444
44443434433333334444443444444543345454445433333233333444333334344434466676555544433221243111111122222224766777766566666667777777777776666777776666554345555556665555666677654343478753444444444555444454
44444443433443333433333344434443344443445344444444333343433334344323456676555545553221143211111112222225766777766555556666677777777766777777766555444344555666666666666676653563467764444433344444444445
44433334433344333443343444444544445554455455344443343443443444333332336776555674222221134211111112222236666787656555555556667777676666666666665554444344455677666666666666654663466664444333333333333443
44444333344344443444344444445555455334455445544343444444444443324444445665556640011111123211111122222346667787655555554556666776676666666666655444343334456777777676666566645765445764443333333344333333
45544444333344444444444444544444444444444444544444544433344444334343345665556612222211123311111222223456667777555554555556666677766666666666554433342234457777777666665567646753445765444443343333333333
44444444433443434443444445544434344444444444434444443434344444333234225665555546422111113311111233334456667776555444665556655677766676666655544333322334588766777666655577547743444775444344444344443433
44444444444444445444443455544444454433344445333443333443343433232223445655544555332112212211111134334446667777555335666666555677666666656555433333333333479877676666554688557643445675443344444334433343
44444443444333333334554455555554454444444454444444444544444443444334445654555543231123222211111123233346667776555335666655545667666666655555433344444333227977666665545787567653455676444443334333333343
43444444433333443344444444555554444445444554444434444444444444444445555544556542321153122211111111223346766775555345665555545666666666655543345554443332212887666655456887567653444576554344543333333333
44444444433444443355444433455554334333335444454433444444544444444444456654455422311363135321111111122345766665554445555555556666666666555443455554333322110597666655567776577653333467654444433344444334
43444444444444334554444333454444311223444333444444444444444544444455556676555322211553135443211111112334676665654456555544566766666666566655555444333222011488766666677775577653333467653443333434544433
44544444444444444444444444444444323434443344444454434445454555544456755556765321113531134333332211112223466655654455544444587766666666677655444433322233122248776667677875347753333346654433333334434444
44334434444444443344444444445454433444444444444334444545444444444455667655455312223211233334443443321122245554543454443334588777666777765543333333334444211237877677777775237753444345554444333344435443
44444433444544444444445444444454443443334444444334355554554434444444589954444333232113433335445445553332223432342344332334489777767875655433333334444444423335877777777765456653344334455543344444444333
33444444444444544444444444454454334443344444443344444455444334444444698986643553223334443324334445454443322332233443333443368766556764333333333344444444433343777778777765676643334333434544444444444333
34344444443344444445544444444455554444454545543334554444333444444444487886442242113544443324444444433333323655435665444533235544445543222233333444444443433433477678877775677653444322333434443444443334
44443333332344445454455555444445555444554544544555544333332333333333455552232342113444343334545544444433433334336765544433223444433433333343333444334443333443368778888886677653344422232443434444333444
44443443433334344454445553443345556444543443443433444443333333333434223212322332124334343434544544454444433333324766544444333443334333443433334434334433344443369878888887677653344331122333334344443333
33343344433333333433344444443444434433233444333433344444434443333444322222122222134334343344434443434444444322222676554554455543344433433444454454434433334433359988998888777543234431113334333334442333
33443334333444433443444444444433444443344333434444444444333434333334432221211121244434443343444332334444444333222476654554444454444333444444544433333433333333448988998888877532123321112343433334433332
43333334333444444443334434434333333344544444444444444443344443334434443322211112333434453243434343333443334333322377644554444443344344544543333433333334443333335998887888876642133222112333332444343343
43333223333333333434434333334334433444434444443344443344444434444334434211101233344444443234433533444344433333332477654554444434433454433432334433333433333333333899988888986542133223312233333444343443
33234333333433333433333333444343444434433444444334444434444444444334544421112333444333334334444644444344322333224466665554444334443433343332323233333333333233333799988888886532233333321123333334333333
33333343343443343333322333443334443444433445544444344444344444443344444554333343344334333334443444444654322321134346654454443434334433323432332222333333333333334698888888888433332332331123433333333333
33343444444444554443433333454443334443443344434443334434434443443334443434443433343244333334443343333443222221243236665444344433323342333421222222323333333333433788899888888743333333332223434333233333
33345434444344454433443343444433344334433344444443444444333355334344455434443334334332355334444344443343222233333336665433333533333343333423222233333433233333333588899987888753333333432333333333344333
33434434333444344433553344433334334444433334343343444443343343333344344333333344444333365333354444444442222334444436677554333334323343333334333444334434333443344588789987877654343333333233333333334333
43333333223434344443464343443344344444333333344434444333334333334344334433333444443333344334455444443342222334343446677665443444334533344333344433333333434433444488888986666664433333333233333333333343
44443455433333333443454333444334343444433443443434433334444444443444444333334444444333554444454443444342222233444335767776543444434434343343343333344334543333443488878986566655444333333333333334333333
43444454433433434333333433344444344444443344443334333443344444333343333343334345444345444354354423443332222233444236777666654445434433454343333443334344333333333488878886567654333333334343333444333224
23343444434434433334333444433333233343444344443333334434443444343444343343345346544455444334333333223332211223333335777655544334433333333433333443333433443334444488777687677643443333443433333333332233
23344344433333444444433433433333343344334434433333344334544444434443333344344334444465454445433333222333421122333334666554333333343433334433443533343334444334454788876577888754433333555533434433334333
33433454333334444433444433433333343344333434433344334333544434433434433433443234434354344443333334323333544212222222466543222322233323333423433432433234343433456888875367788754333333356434344333333333
33333343334334333433443334434333344333343343333443333333443345433444344334443343443444343444332344334344433321122221255433321641221113222223332232322333323445436887663337778754332424443333343223323344
34323434333333332334432333533553333344433333333433322133332333343344335433334443344434433344433464424433332433222211135443211221211112221222332222222332323334347887642215877754223323431333232223323244
34333334333322333334423333433333333433334333333333333323333433342244445333334344333333333344332464334433423433221122115543211111111111111221221212123212322233267887521112877663222111122122111111223232
33223223333332233334533323233333332322334434333222333323443433333232233333344454334333323333333464434324423421221123116764311211023211112631112112112211331121478886411112787763111111111211112111122222
42333223333333333343332333323333323332343333333333333443333343343443334323333444333333334333333453433333223211111111114654421211112201112522112102111211231441688875211112787663111111112211112212211122
32223333343323333333532233323333333433444333323333343543333344234444444334323333333333333333334422332222222121121121103654432211112102112111332103202211245534778863111122676764212101211111026214311121
33343333333333333333333342333333334433343322224443345533433443344433443234332343333323323332324333221222221111221221102765532212213112212213332104404313245536668753111123777764321101111111123145411422
33443433334433333333334343334323344323333333333333444434334432553443333233332323333232333342323333231121111111222531013766654222222212335435633214424323444567656653121333666765221011111111143134321222
33333443333334333333333343344433334333433333333333443333334333432333333232233232332322233332223332222111111111222221113876676542136323223433544324652323543466543433333345666765221111111111123224332233
33333334333434333443333333333333334333333333343333333332343333233333333322233433332323233223423333222111122235222222324765445332224343233243335533442332344345433333533445667875231111211111125536533332
44433334333334433443343333333332333333333344333443333343332232333323333333343334333333233333434223211111122224232223225654322311222335233344444434343433365333322354334443678875333213412111123355323323
33333333333334322233333433443333334333323442333344334333443332333333343333234333333333343433233223211111132233323323245556433211233364232234443333364444443343233344234453466775334332343421223444332223
32223333433333322233433434454334344333333333344334334443344333334443432333333333333323332334232233212113233332333324444335423213333474323434443333343335533243133454332243456665234344333523324442322234
23433333433333443333333434444443344333333334433334334422355433333333433434335333333333332223333333222124333323434333443333324533222455332233433342233223344333233354333344555664123156542223234343222553
23333443443333333433333334423434433433333334333433343323343333333334354434334333333233333223333223332233232334432332434433333433434334223333322343243223444443233353334455566443133223444543334355434543
33232333232233222333343333333334433333323233433433343333333343443333345433434443344333423334333223433333342344442323344433345323334333322333343333244222334543333363326754565442244446534444433345533422
32333323333332223333334333344333443344434232433334454444233334434433334333434433344322333444343333333333332442332323543334345423334332333433255245534323335543234344456543443333344445433444334234423333
33322334333433323544443334334444434344335433444434355444343444334433334433443444443333443343343333233333333332223334743334433333333333334333443443536533434443433343444343333234343334443324333333323363
32333334443443344443333334434544323334344433344334344444334443434334433444343343333333343343433333233343333333334334544432333333333334443553433543335533334553433344333442322356354433334443333334433343
33544334343344444433333333334434333444443333444444444443333233433334333333334343333334434433433333232243333434433334333322332223333334343343334333333333324343332244333343212233564444434552343563432344
33433232343344444333333323233433443453343443354443434443333433333244333333334332334434344333333333322333334434442334344222233233333343333333333443333323323342343242333432332222542554443443323452233236
43332333343335434343333333333333343333344433444333344443343333343333344433433233234433334443332333333333343334443333234433433322322343234333333333333323333323343232323334342223433433432232233322334446
43333433443433344343343344434434444334444344434433333333333334433333433434432245434443434443423443344443333333323344233333332232323443233334333333333323323323222244443234353333454332223335233333444654
33334433444433443333344334444445455545543444445444444333332235544334444453343444434434444343433443433443443433444334333334332233333332232335332343222322322322322344432423345542453334434333433233564434
43343333454444333344335444454454444434533334444334334334433334444444344553344433434234543334444444424444533444333323333433333333333233333333333333223542332222333232223422222323333326633324422334333443
33343343443343333334443433434433453344333333434434334434534444444433344444443443433334423334343443433333434443333334433332333333333333433333333443333554333221232232232322322334533325643333322333333444
24434433433323233333443333444343344333344333333433444543434543543333443444333444444344433444344443334433333434333333334433333233443433333333433333233232322222223333333332323333333333442322333244333333
33333433333343223343443344333343343333443343333343344443433443332433343433232345444333444443434443343345533444323333334433323324443333334334333333344323323333333333233232233443332223322322234343332322
43344333333344322233434443333333343333333443434344444434334343333333333333243233443234333333334444333444434443333333334333433334444235334544333333333333323322322323333123233343431333332323234333333232
