75312222222222577643233223323333213222375422234423322336533333323788888888888888888888888877657888755556665566887543344333332222333254223688888888888888888888888888888888888888888888888777777777778643
75222222222211378853222233322212123222375222335432223345743222213578888888888888888888888887636888645556556777787533332344433222323455333578888888888888888888888888888888888888888888888778887777777545
75321122222223678864322323212222123221375222333332222233422122232357788888888888888888888878645888765443467778787533332354333312333443345788888888888888888888888888888888888888888888888778888777777766
75221222222112677443222332223221222222375323333322222223321112222135788888888888888888888878646888843333457766455443333343223312222322236888888888888888865767888888888888888888888888888777887777777776
75223222222222475332333332324222221122475322223322222222652112222224578888888888888888888878646887533333367753322333333333322222222222225888888888888888754444578888888888888888888888888777788887777777
75323222322122474432233332323222211223476323223322223233773111222222356778888888888888888878645976433333344554432333332223332222232222236687678888888887543333367888888887777568888888888777778888787777
76344333431133244422233333322143323444376422223422223223343112332222343457888888888888888867745743443433322334544343322222222222222223334564578888888886443343446877888888776558888888888777888888887777
75245545544455444544444444433355434444266422334422223333232111332212333234578888877788877878754543444522222244576443334432222222222232222334568888888887443344445865888887777548888888887756778888888776
75244444555555444444544555445555555555566333445434345544543222443444444443578888865457774577753464444422222254654323422321133222232322333333468888888887533333456755888887776458888888886444556787568766
75344444444444444444444444444554554455545335555455455555555555555555555555666666665556565578754565555534444454444444444433344333244333333433567888888886533333566553788887776468888887774334334466347544
75344444444444444444454444444444444444565434444454454555545555555555555555555555555555555557643555556555556665555555655555555555556555555555566666666675444443555553665677776357766776654344433444334433
76333333443434444444444444443344444444566434445444454555554454444555555555555555555555555316654555555555555555555555654455555555557555555555565555555565555555556555555556776545555555555555555555555555
75233333333433433333333444443334444344576424444444444444444444444444444444444444555445555547654555555555555555555555555555555555555555555555555555554555555555555555445555776545555444455444445555555555
75233444443444444444444444444444444343576434444444444444444443444444444444444444444444444467753444444454555555555555555555555554444555555554544445554444555555555555545555776545554544444444444444455444
76334444444444444444444444444444444444566434444444444333344444444444444444444444444344444467763444444444444444444445555444555544544454555555555555554555554555555555555555676535555555444444444444444444
75234344444444444444444444444444444444566434444444444444444444444444444444444444444344444467764444444444444444444444444444444445454444444444555555554444444444544555555555786534555444444455444444444444
76234333333333343443433444444443443343576434444444444444444443344444444444443444444444444457764444444444444444444444444444444444444444444444444444445444444444444444454544676534444444444444444444444444
76234333333334334333333343344433433443576434444444444444433333444444444444444444444444444457764444444444444444444444444444444444444444444444444444444444444444444444444542276534444444444444444444444444
76334334434443334333333343334433344443576434444444444443333344444444444443344444444444444457764444444444444444444444444444444444444444444444444444444444444444444444444443376534444444444444444444444444
76334344333444334444333444344443333444575333344433444333334443344443444433333334444444444357864444444444444444444444444444444444444444444444444444444444444444444444444444676544444444444444444444444444
76333334333443444443434444443344433434574334444434444333344444444444444433334334444444444458864444444454444444444444444444444444444444444444444444444444444444444444444444676554444443444444444444444444
76334333333333333433333334433334444444576434334444444433444434444444444443444444444444444457764444444444444444444444444444444444443444444343344444444444444444444444444444676544444444444434444443444443
76334433443433333444333343444434444444576434434444344334444443444443444443334334444444444446765454444444444444444444444444434444444444434333434443334334333444444444444444776544444444444433444444444444
75334444443333434334333333443334444344576434434343344334444444444444444444444434444445444447765344444444444444444444444444444434444444444444444444444444444444444444444444655543344344344444344344434444
76334444444434444444434444444444433434576434444444344434444444444444444444444444444444444447765344344444444444444434444444444444444444444444444444444444444444444444444434676544333343344443343344343344
76334444444444444444444444443334443433576434344333443444444444444444444444444444434444444447753344444444444444444344444434444444443444444444444444444444444444444444444434776544334433443333343333333334
76323344444444444444444344433333443344576434444333333344333444444444444444444444444444444447764344444444444444444444444434444444443333334444434434444444434334443333433334887544434434433333333333333334
76334444444443344434444343444444443443576434444444433433333443344433433334444444444444333447765344434443334343344434444444444444444443444444444444444444433434433334443334777544333334333343334333333333
66334444444444444444444444443344444443276434444444433444344443444433433344434444444334434437865343433344344344433434444444444444444433344434444444444444444444444455444445776433333333333333344444333333
76334444444455445445544455554454444444366534444444444444444344444444444444434444443444444447765343344344344334344444444334444444444444444444444444555555655566666665655545666644443333333333444444344443
76334444455555555454444555554555555444576434444444454445444444444455544544444454444444454446765344444444444444444444444443444444444444444455555666667666766676666666666666666654444444443433444344344444
76334334444444444444444444444445555555576435554555555555555555444444444444444445444544454447876445444444444444444444444444444444444444445557667877766666666666666656566666666665445444444444443344344444
66334334344433443444333334444444444555676435654555555545555556555555544444444444444444444446876445455555555555555555444444444444444456677777777766666667666666666666556666666666654444444444444344343334
65323333343444344444334443344443444434576534443334444444555555555555555555555544454444443346875344444444555555555555555555555554446788777766677766666667666666666655666666666665566554444444443443333433
66323444434443443344445444444334444433576534443343333444444444444444555556666555555555433335775345444544555554445445445555555555457766777777666666666666666666666555666666666666555664444444443333334434
66323334434444443434434445444555444444476524444344433334443334333334444444444444554555424653676445445555554444444444344443457885356777777777666666666655566666665555666666666666555565443333333333334433
76323334333444444444443434444544433444576424544444444444345543333444433333333333445545434564576445555545444334444544344456789884367778777766666666655555666666664566566666666666655566654443333333343333
65322223233333344344444444443433333344576535544444444444455545444555444454444333335654344466476445555444322223455656566788888884478888777777666665666666666666654566667676666666666677774443344344443334
34322333323333233333433333333344343343366434444444454444444544544455444554555544434675435557366434344433343545677778788888777774477787777777666666666666666666555666677776666666666777776444444444443433
23223233222333343333333343444444333343366433444455444544444444544454444443454444543578745546546533234445676777787887778877777873687777777777766666666666666666556666778776666666667777777455445554444444
22333233332333333333333333444344444444577433443445544444444454444433344434443344445467886533634542235567888877787777777766677774777777777777776666666666666666666666888877666666777777777645544555555554
33333334433333334444334333333333444444577533443334444444444444444544444434343553446456787544433421357888777766776666666766677764777777777777776666666666666667667667778877766666777777667655554455445544
44443334443344444444333334433344444434477423333334544344444444433444444454543444445656544455342421367776666666666666666666677755777777777777776676666666666666777667667777777666777777677654444444444444
43333333334433443344343334433333433334466432332334444455443444434444445444443434344567521255352221256666555666666666666666667756777777677777777777666666766766766676667777777777777786578754544444444444
44333434445434444334443344444333344333465431222334334344433444344434345434334333344345643357652111255556555566666666666666667766777777777777777777667667677767766766667777777777777776338754544444445444
55444555465354444444443344333343344343465432222223344333333233333334335443444444444445666768642111255666655566566666666666677766877777777777777767777677676677656766667777666677777765328755544444445444
45444343445544444444554443334443344433354433332333332233433333444344443344443444434444567768532111256666666666566666666666777777887777777777777666677777666676556666676666666777777654338745444444444444
34444333344334444445445433434444433343333233333333332333444444454444333444444433334444457645543212566666665566555566666677777777887777777777777666677776666665555677666666666777766543158634554444344444
33344444443334445444445544444444444444443334233334434433334444444444334444444433444444456654554225656665655555545566666777777777777677777777776667777776666555455676667766666677765432387535555445454444
44433343333333444444434443444434444544454334332333334433333343443344344444433434434444466654453245444555544444456556666777777776766666677776666667667776655555445776667766666677654322786444445544444544
43344344334433333333333444444334445434453443444443334434333343443223344443444444443444576665543234432344444544555556667767766777767666677766666666666666554555446776667777666666655567765444434433344444
44333444333433334334434444454444454545554554444433443434444433333434333444444434444444675566556544442123344444555556667667766777667666677776666666666665555554456776667777776677778765554333333433334333
44443333443453444444444444455445543444554455444444544344444433344444433344433343443334665566666555542122333344445555666666666776667776666777667666655555545554456876667777766665544433454334333333333333
54444443334444444444444445444444444444444445444445444333444443333433433433434333334444654555665445542223444444455565666666666774567777766666666666655555555544556986667777766433335354444434334343333333
44444443334444444434444554444444443444434444344444344333444443332332333433344343333434644444443444543223455555555555566666666774577777776666666566555545555455667887667777653232343363334444444444334334
44444443444444454444434555444444544433444443334433344433334322223334433334554444434335644334423543343221355444444445556666666664577777776666666555555555555666767677666766531233432432234433443343334434
44444434433333333345544455555444444444444444444444345454444434443445432345644444545445644555314443344222244434332334445676666665677777776676556656655556667777777677666665322445432222234344333333333334
44445444323344433544444345555544454443455544444344444444444444444444544555654354544445644521125444543223233323322333434466556655777766766776556666666676788777776567666653324665421222233355333433333343
44544444344344334544443335545543333333354344444345444444444444444445555655545555545545545312344445542123323333443344444334555556677766666787567777777777777776665436666653336754212222234443334445443344
44444434444443445544443344554442122244443334444444444444445544444554544444444455454555544347453445532222433443444343444442343445666665556688776777777765678776554326766663358764112222234333333344354344
55444444444444444444444444444433234344334444444444444455544555544554445445555456443343543555443346423222433333444333344334332223555554445568677886767655677765433225766763378752112222233433333443444445
43344344444443434444444444544544344434444444443444455454444445444444444445455444443443544444443356313113333333344333444333333222455544444435566787434335666543222224877764578641112222344433334544444344
44444334445444434444554434444544444433344444443334555545543344444444344544454444444444545544443255213213223444433333333343333332466555545422344665332223465432234444876874677631112233344433444444433334
34444445444444444454444444544543444434444444333444444544443444444443444444444334344444555543332365113123322333333333333333333433476666555423333444334333344333444444677775677631112233344444444444433343
43444444334444444455444444444555544445545555433455544443334444444444444443333333334444555533323453024233323333333433334343334444476666655434344444445444344334444434477874687642112233344334433444334443
44434333334444444544554543444565554445545445445454444332323333333344334443433344444443686533334442033143323444444333343333334434476666655433344443444333344434343333458884687743122348543433344433333433
44334434333444434444445434433455564444334444333334444333433333334444334444344444443444699864354551043254344434444444444334444323476666665443444443444333434333333332447895688843223379644333343444323333
34433443333333433333444444434444444322334443334333444444444333344444444344445445533344455665543221053344454444455444443444454433477666665445545434344333344334433433336896687852222398643433333343333323
34333343344443344434444454444333444434443344344444444343344443333344443444444444444345555555554232153344444454445444445544344543377666654444344333334344433334333332335997787872222598643434334443333334
33333343344444445333343343343333334454444444444444444433444433443344344444444433334445778643333442154333333444434435444434444333367666654333344333334334433333333233334898888883322697443333334433334434
32332333334333344343343333443344344444344444333334434444444344443344344443434344444334878776532211244444445544444445445444454354267656653333343333333333333333333333233899888984322785333333333433334334
23433333343333333333333344444334444344334445443454444444444444443445344544434444443333665558631112334544444444444344444443443344367666643323223333333233333333333333333699888886332684533433333333333333
33334434444433433333223334333344334444334454444433444443444444433444444444334434433443442347510123444543343444444334344454433333377655533323322223333333343333333333333489998888532585533445333322333333
33434444444445544443333334434433343434433444344434444344344443433344444344434343433433321225411123333343543343343233334343443322278777533322222233333333333334333333333369988878742585433333333333433333
33443444434444534334434434444333444444333444444334444433333543333444553343433343333333353102211233333333543433333333333333332332378887633432323443344332333333343443334459987777642385334333333333433333
33344343334433434346534443333343444444333343434434444333434433333433433333433444433333354222333443444433433433334334333333333353378888853444444443433344444334443333333338976766532275444333333333444433
33333332334344434335534434433443444443334333444344433333343343443444444333334444433334443344543444433334443432344334432233333444377778873333343333333344444334433344333447975667642266444333333333333333
44434554333333434334543334443343444444344434434344333344444444334434333333344444443345544444544434433334434433365344532233333444356666553333433433433344433334333334333457975677642247334433333443333333
44444543233343333333343333444443344434433444434443344433444433333333333433433454444454343443433344332333434443354233322223432344346553344334334433334433333433333344333434875776542225334333333333322332
33334444343443333343334344333322334434444443433333344444434444434443334434543465445644543454333333223234533422233144422123233244235444554443334233333334333354433333333334778886532223444334344433333333
33444443333344444443334334333333333433443444333433443345444444344433334333443444344644544554432323222234342321132224412114332353233445555642333333432344433344432323323322678887523222344334333333343332
44334543333343444434443344343333434443344334333443333345443444234344334344432334344533444423233432232243321221242435322334564443334445656763232333322233324333233333221222487887533222333223433223233332
43334433343443334334433344343333433333333433334333333434332444344433443343433434434443434433324444234443221332244335323443354433433335566686432222121222223333222233221221288886433222333222222123233443
43233434333333323333323344335433334443333333334333222334323333433433453333344433433333333443236543333443222333333234321333334454354336456678863232121223212222111122111321288776422222232111111112333333
33333433333223333353233344333333334333343333333233333233334333322443453334333433334333333433235633443243334336434334322553233442333336556777764332222213322431221122111110388776321222232111111111222212
22232233333222333354332333333233223223443333332223333234434334333322343333435543333332333233334634343345233445433433323543232323543236556775443332223112424321441132012211388776331222342111121111122223
23332233333333334434233333233333233324333333333333335433333433434433343343334333334334333333334434333334333334333333322433232432232347655653343231123222447423332243122323687765352122453320131321111114
22333333333333333335323333233333334334443333233334345333334432444444433343333333333233333333344223433332332344333332322332244323332345755534442352123343435324332343333342587775453222553431221221111112
33433333333333333333333323333333443334433222344433455344344433444334332343323433332333233334243333322333333333553332232333333332332344455456443453143343444543563443343343677775421222552232211221111111
34333333344333333333333434343233443233333333333334443343344335434323332333323233333323334323333333322333332343453333323333454332433343365456533355332335445654544543434545677775333323653223111111111112
33334433343333333333344333343233343344333333333334333333333344323333332222333333323232333332233323333332333333333333334434554443563332333334444446423334433444333444544645678864233224653111142232101113
33333433344343334433433333333333443343333433434433333324332332333333333223333333333232233234333333333333334553323333233333333333333432433333454343334434633344333455344544678774432246662111153641111122
43333433333344334334333333333333333333334433334433333434323323332233333333433343343333343333332333323333323333323433223332222232323542333344433343543334544333333544455434678763442236752121122421112222
33333333333342223333234344433343343333234323333433343334433223334333433423343433333323433232432243332233333333233332232232232132335642233344333433543454324531333444334544567752433226542221254423211233
22333334333333222344334344533333443333333334433443444433443333344434333333444333333333323343322331221343333234343333323333233233325643233334433333432343433422434533333345566653432555541232333322215444
33333344333344433433334344444443433333333343333443343224553333333334334342453333332323321233333332322333333334343234334333354332234443322334223423332333443332333533334555655521322445353222444542346432
33334434333333333333333343233344334333333333344333432333433333333343544333343333333333332333332233333333323345223224344333333344343332233333223323332234334433334633355455654412342444454333334554333222
22333323322332233333333233333344333333232334344334333433334434343333454344344333433343233433332344333334324434322324444333553233343333233333533333442233455323334533377345643323434554334343333354343222
23332332333222233333433333443344433443342324343445544432334344344333343334444333443223333444433332333333324322233346333343443233433323333333633456353333454432443344564343433334533444334333333332234522
33233333334333245444433343354444343442354334443344544443444433343343343334434444433334433433333332333343333322233346443343333333333334334335334423365334445434333433444433323443433433343333333333234523
23333344434434444433333343354443333343434333443444344443333344343343344444334433332333344334333322324433333333343344333223333333333444435433344333343334345434323442434422223556634343345333333444233334
45433433333444444333333233344344334444433334444444444433332343323343333333343433333344443333333332322333343344333333432223322223333434333333343333333333333423322433434322222235435444446333336633333566
44323324333434443333332222333234335433434334545334344433344433423443333333332323344333443333333333223333443344433333443333332323324433333333334443333332333323533323233334312145345444333332324423432475
33233334333353443433333333333334433334444344443333444433433323333333343344322433344333344433233433334433433343333433333334333222224432333333333333333233333233323433323444422343333232322332332334345565
33344334343333434433433443343444433344433444454333343333333344433334343343323454344444344434234433444433333333333442433433322333334322333443323333232232233232123444333334534335533433332443333336445445
33344344444334433333442344444544554455334444444344443333323455544444445534444444343345443344344443344444344344433333333333322433323323333432333422133223222223233333243233445324332463432343333345534344
34434344544443333443454344544444443444333344443343443344334444444443445433444334332344433344444444344445344443333233334333333332233334333333333433246433322223322222333222122354332464332332223233245443
33434433433433333444433334344334433443333333443333344444344444443333444444434434333343233343334433333333343333333343333323332333344333333334334333333433322222323223333232233354333346333333323334333333
44444334333332333334433344443433433333443333333334444434345435433344434333334544443444444443444333344343334343333333344333232344343333333343333323433223222332332332333222334232333233223222433443333233
33334333333432334344334433333434423344434433333433444434344433234333333333333444442334443333344433334454334433333333443343233344332343344443333333442232333233322232321223334433223233223232443333323313
33433334333432233334334333333334333333344444343444444333333434333333333333432334433343333333444434334443443433333333443335333344433453365443333343433333333233222233332233333333235333332233333433322311
33333333334433444333443334334333333443334334533333334333333334433333444333334343444444433323333334444333233342333333443234434343233233554333343343443332232234224433343443333333544433232222234333322222
