66311222221222567655223332223212333222322222356444343245875554456788888888888888888888888888888888865556677778888776345432323223322322234788888888888888888888888888888888888888888888887777777777787454
76311222222224767534323332223222312222344332234333332324643333334688888888888888888888888888888888876556676677887653344332222223323243235788888888888888888888888888888888888888888888888778887777777754
76312222222222467743232233323323212222376322234423222336633333323687888888888888888888888877646888745557666566787443343333432222333354223588888888888888888888888888888888888888888888887778888777778644
76322222222322378863322233322212123222375222335433223334642222223468888888888888888888888888645888755555557777787533332354423212323455344678888888888888888888888888888888888888888888888777877777777656
76321112222213788863322233222221113222376322333332222223321112232246788888888888888888888878645888854333357778677543333354333312323433345788888888888888887788888888888888888888888888887777787787777776
75322222222221477443222342224222222223376323223322223223431112222135788888888888888888888878645888743333358865334443333343222211222222236888888888888888864555788888888888888888888888888777788888877776
75323322222222374332333332324222221122376323223322222222673111222223467888888888888888888878645887433333356653222333333333322222222322225888778888888888744343478888888887777778888888887777888888877777
76323322331122255432233333423222211334376423223422223234663111232222345667888888888888888878755865443433333444533334333223332222232222236686578888888887543333357888888887776558888888888887888888887777
76345434432244334433333333422144323444267422223422223233232212232222233346778888878888888877754643343533322334555443323332222222222233233554567888888887443343445877888888876558888888888777778888888777
76245545555555445545444545444455444444366433334423233343332111232223333333478888876568886777754454444522222244676433333432222222222233222233567888888887643333445765888887777548888888887655767888778776
76334444445554444444444454445555555555556434445445455555554433444555545554577778864446674467753465444422222254544322422321134222233222333333467888888887643334466664888887776558888887786444445678558755
76334444444444444444444444444444444444555435445455455555555555555555555555565556655565555577754555556545555555545555555554455444446434334433567777887777433333556553787787777458877887664334333355336533
76334334444444444444444444444444444444566434444454454555555455455555555555555555555555555437643555556555555665555555655555565555557555555555565555555565555444556554665566776446666666554444444454434444
76333333333333444433334444443334444444566424444444444444444444445555555555555555555555555426754555555555555555555555554455555555556555555555555555555565555555556555555556787545555555555555555555555555
76233333333344434333333433443334444333476434444444444444444444444444444444444444445444554557753444555555555555555555555555555555455545555555555555554455555555555555545555776545555444445444444455555555
76334444444444444444444444444444444444576433444444444444444444444444444444444444444444444457753444444444554555555555555555555554444455555554544444554455555555555555555555676545454554444444444444444444
86334444444444444444444444444444444444466434444444444344444444444444444444444444444344444467763444444444444444444444444444454545554455555555555555554555554455555555555545676534455555444444444444444444
76334334443344444344444444444444444344466434444444444444444444344444444444444444444444444457764444444444444444444444444444444444444444444444455555454444444444444544455555786534455544444444444444444444
76334333333344333333333344344433443343476434444444444444444343444444444444444444444444444457764454444444444444444444444444444444444444444444444444444444444444444444444543476534444444444444444444444444
76334333333443334333333343334333434433476434444444444444433344444444444444444444444444444457764444444444444444444444444444444444444444444444444444444444444444444444444442166534444444444444444444444444
76334344434443334433333343334333333444576434344444443433333443334444444433344444444444444457764444444444444444444444444444444444444444444444444444444444444444444444444444476534444444444444444444444444
76324334333444444444433444444443333434575323344433443333334444344444444433333334444444444457764444444444444444444444444444444444444444444444444444444444444444444444444444676544444444444444444444444444
76434333333343344443333444433344444444575424444434444433344444444444444434444444444444443247864344444444444444444444444444444444444344444444444444444444444444444444444444676555444444444434444434444444
77434333343333333443333344443334444444476434334444443334444434444444444444323444444444431435765344444444444444444444444444444444443444444333344443444444443444444344444444677544444444444433444444444443
76334433344433334344433333444334444344576434434444344334444443443444444444322444444444422554765354444444444444434444444444434434444444444334434443334334333334444444444444766544444444444434444444444444
66334444443333434434333333343334444334576534434344334434444444444444444444521544444444433454665344444444444444444444444444444434444444444444444444444444444444444444444444665544334344344444344344444444
76434444444444444444434444344434333434476534444444444434444444444444444434552454444444445465564344444444444444444434444444444444444444444444444444444444444444444444444434676544334333344443343334333334
76424444444444444444444444343333444444576434344333433344434444444444444444475355544444446465453344444444444444444344444434444444343333344444444444444444444344444444444434787544334434433333333333333334
76323344334444344433444343444333443344576434444334433333333344444434434444478245654444446455365344444444444444444444444444444444444343344444434444444444434434433333433334787544434434433333333333333334
76324444444443344444444344443444444443476533444444433433333443344433433334458534664444445446365454444444444344444434444444444444444443444444444444444444433333433333433334777544333333333443344343333333
66424444444444444444444444444444444444266534444444444444444443444443443344447734455444434236364345444445445444433434443444444444444434344434444444444444444444444444333334776434333333333433344444333343
76434444455555555555544555555555444443476534444444454444444444544444544444445765333345445534464234444444445444444444444433444444444444444444444444455455455555555554444444786544443333333333444344344444
76334444444454444444444454444455555544576434444445454455444444444444554444444676421014446534453234344443344455455454444444444443443344444444455555555665566566555566666555776644444444444444444334344444
66334334443444443434444344444444455565576535555555555555555555555545444444444787531114436645432333333333333445554444444444444444444444444555556666666666666666666766666665576744454444444444444343344444
56434334344433344444333333344434444444576534554444455444555555555565554444444589645455445774333444434333333434455555555554444544455555666777766776666766666666666666666666656634444444444444444444343334
76323333343444344444434444444333444433576534443343444444444455554555555555655568867776666863344356676334444533444555555555455566657767877776666776666766666666566666666666566544444443444444443443333433
66423344435444453334434545544444444443477534443343333334443344443344454445555555877677548742122356764333576644434344555555677788777777776667666766666666666555666666666766656665433333333443444333334434
66423334333444444444444444444554444444476534444444434334344434333333334443444444666676646642112222222333478766656667888546777777776667776667666766666666666545666666666666655566544433333333333333334443
66422323333433444334444444444443343444576534544444444444455543444444433333344335766766644552111222222222378777888888888436677777777776666666666666666666666455566776666666665566655434434343333333444333
55321323223333333333444443333343333344476534544444444444444544444555444555454446667766653532211222222222477776778877788447887777777766666666665555666666665456656777666666666667776444444444444344343334
23322323322333333333333333333344333343256534454444454444444443544455444554454556666555553321222122222224666676777777788447888877766666666666666666666666654556667777666666666677777545555544444454444433
22233333222333343333333333444444434344466433443445544544454444444443343444454467665555553332343222222245665665676667787458888877776666666666666666666666655566668877666667666777777645455555555555544444
22333333333333333343333333443344444444577533443344544444444444445543444434444666555566654543333222233455555665666667787478777777777766666666666666666666655666678887766666677777776754455555544455455554
33443334443343334444334334333334444444477633443334444444444444334444444444446676555556544532443134455565566665666667776477777777777776666666666666666666656666678778766666677777766664444444454445444544
54343333344443443344343334433334443334467422333334544444444444443444444554456676555434433322454234555566566666666667775577777777777777766666666666666777666766677777777766677777755775444444444444444444
43333333334433443334343343443333333334466432232334444455443444444444545444445675555556532222454224455556566666666667775677777777777777666666666666677767666676666677777777777778745776444444444444444444
44444444455444444434443344444333344333465431112323344334433344333433335444446665556753322222444213445555566656666677776688777777777777676676666666666776665676656677777777777777642577544445444444444444
55544455455445444444454343333443344443455432222233333333333222333334334443445665556410112122244211355455556666666677786788777777777777777776667667777766765666555677776677777876531367644444444444455444
34444333334544444444555443333443343433343333332333332233443334444444443334444664565233222222123211244445555566666777787788767776767877777777777677677677655676556666666667777765421257755444444444444444
33444334444334444445445444544444433344333233333333333333334444444444333444445655445565332223223211124445545566666777777777767776677777777677777777666676645566666666666667777665321246874555554444444444
43333444333334445544444544454444454444454333333333334443334443444444334444435655555443422234423111113445445666666777776766667777777777777666677777666665544566666666666667777654311356886455455554444544
44444344334333334433334443345433444444453334333333333433333333443344344443335545565433322244322111113445445666667877666666656777777777777677777776776544434567777766666666776543212346887544444544444455
43334444333433334333334344444334455444554553444443434434333344333223343443445545654334322353222111112444445666677776666656655667777767766677767776665444434577677776666666666542113335777654433333344444
44443344433443334434444454455454554444554554444433444444444433233444433444446655653333212651122111111354556666677766666656545667677667666666666666554444435677667777776666666532123334666654433433333333
44444333443454444444444445454444544444554455444445444344444443344443443335655687643222114631123111121254556666677766665546555676677666666666666665544444335677667777777666666431223444545665444333333333
55444444334444344444444455444443444444445444444444434343444453333333333435665556653232135411124211122244455666677766664456666666677766666666666655444443345787667777777656765421233333344676544444333333
44444444334434444434434554444444544333434443345433344433444432332233332433697455553342333111134631112123455666677666653466666666667766676666655554444432346897666777776556775312244333333577654555433334
44444443444343344445444555544444544433444443334433334443334333333344432234798665445433441012345542211212345677677677653566666665566766666666665544444334456678766667766567875312243334434457776555555433
44444434332334333445544455555544444444445544444444445454444434444455433445788865445421231444443433332121245677666777655666556655566666666665555544444455556437766666655578875222343344443356576665444433
44444444333444433554443334555544454443355444445334444444444444444444555554556434364320212443533333343321134567766666656776555655566666666655555445566555565435866666655788864222333444543444445534443333
44444444344433344544443334544443222234444344444345444444444444444554544553332123266212325434523444444333223345666666566666665556567666666666554555666555564323776666667778753222334444434433344432123222
45444444444444445444444444444443223344443434444444344444445555444554444454321232235312244334522345544445432323465555565655555557777666666666666666655544443222477666777778652222334433334333333333322234
44444444444444444444444444444443334344334444444444444454544444555554445545422211213221133434533345544554433332235444555554445557987767766667767655555444332222387766777788651223445554334443333444344445
44444344444443434444454444444545344434444444443344555444544444434444444445543221111221233334544444434644323444434455555554455536988887777777665433455443222234378767777788641223444455434433443544444444
44444434445444444444544544444544444433344444433444555545453344444443444544444221001223444433454454534434222334335666666655555435997777778656664333444322223444348777777787631233344444444434444444443334
34444444434444444455444444444544444434444454333344444554444444444443444444444421113444444443344444433333322333333455666655554425887765677633332333333233334344436777887887521223343333334344434444433344
43444333334444444455444554344565544445545455444455443433333444434334434443333333334433344444444444343334323434333433576665554322454444454322212233334433334434445877798887632232344344334434434443334443
44433333333444444544555544444455554445444445444444444432332333333344334444444444343343444445445444544344323444444333476665554322112334434333333333344333334433433577898888742232344343344333343434333333
33434443333333434434445444434444454343234444333334444344344333334444334344445444543443433444344434444444444433444443576665654211233334334444444443344333444333333368889888852232333443344333333344423333
34433344333333344433444444444433344433444443334444444443344343344444444444444445534344444434444333345444445444455454577656653112233333344445544433334333344334433337899888872223334333333444333343333333
34444343344444444534444444433333334444443344444444444333344443333344444444444433344344444434343433344434444455445434577756653222233334445434334333333344433333423325899888884223258323433434334443333434
33333343334334445343333333343334324454444444444434444444444434443344344444444443334444544344344334434433434444444435677767653222234544345333344333334434443333333333898788896223379733333333334433334434
22343333333333334343343333443334444343344444433344443444444444443345434444433444444333333343346334443444445544444434577667653232234433323333333333333333333333333332698888898322389963333333343343333433
33343433344333333332233334444334434344334455444444444443444444444445445544433444443343343344444444444544344454444444477666653333333333333324322323333233333333334433498888889522389864333334333333333434
33334444444444443433323334433344334444434444444433444443444434433444444444434433433443333344434443346543343444443344466766552332123323334323321223333334333333333333379988888832379875334345343332333333
33443444444445544433333334544433443344333444345444444344333443443344544344434343332333343344443333333443553343233333577765442221123423344221222333333333333334343334349988888873268875333333333333433333
33454344434443444335433434444333444444333444444434344433433543333443443443433444343333474334433444444433544434333343678867433542223333333332333443344343334333344433336998887875248775333333333333343333
33334333234443444335534434332343344443333333434434444333433333343343343333333444443333353333544444444434443444334433677877533685233344334433444343333334344334443334334998787765227764332333333333433433
33333443333333434434544434433443444443334444444344443334344344444444444333334444443334543344554344433434443444434444677878533487333344334433333333333345443334443344333798676666324764333333333333333333
44444554333334343434443333444344444444334434433343333334444444433333333333344344443344444544544444433433434453542453577777642387333344444333334433333443333333333334333598656665322664333433334443333343
33444444334344333333334434444432334434443443434343344434434433333443333434443455444454343343334343333233534444432343666666552277323333333333334433333333333343443334343589657765322464343333333333322332
33444444333344434443334344333332333433444443433333444444434444434443334443553455444654544454343332234236553444333332666654332147422333323333334333343334433344443333334359767764222245554334344333333332
34444444333344444334444334333344433443433344333433443345444344344433334334442343344543444443332333333246454353233323566543322245422332224323332234432344434334542323324447788864222233564333443333343333
44334543333343444434443334343333443433334433334433333335443454334444444344433334434443444433323343333335324343322223365544551221442221112232322233222223324334233333332326778875222234333323432233233343
33233433343443333334433334334433333333333333334333332334322333343343454333444433534443433544334544345432324332222222156564431233354222111222312221122222123324222232131123878865222332213333322233232443
43343343332323323343223345334433334343333333333333222333323333432543553333344433333333323443335644334322224214311111137654222354145222111113211111122223222223111222111111777764222221211221212122232332
33333333333223333355233233333333333333344343332223333233334333332333343233434533343333333333334644443232122115412322137755322232135312214312111121112112232212231122111120587764222221111111121111222312
22232233233322333434333233333333233222443332333333323334433334433322344333434543333333333333334634343332231111212232137666431212126422236521121021123112234311231122111121687764222221122111121111112233
23333333333333333334223333233333333334333333233333335433333432334443343344334333333334333323344324423321221211122222126655432222125522233222121032022113337512210131111232687664222222221110131132111215
33333333333333333334323333233333334334443322234443345333333442443434432343333433333233233333244323332322221232333323227766432232134522232133321045143133444323321132111242687765322223121111111222111224
34443333334333343333333433333233443233333232343333444343334423444333333343323333332333232424243332212333222133445423337766532122232322244356321034243233454563464442223343677776422223121111331221111232
34323333344333333333333434444233343333333333333334433443344335434433332333322223223222343323343333222342242333444432237767764221352222246436542146533335544564544443433645667765422223221111121111111333
33334443343343333343344333333333343344333333433333333334333343332333333322334334324232232233233332334343333443332333246654654421352332332344455435423333443344333445444554667765322223111111144443212333
43333343333344334433433333333332443333333433434433333333432332333333333333333233333232333234332334323333324453423333256543432212223442333444454343334334654334343435444443678865331134111111133543233232
43343333333343334333334333333333333333334433334433342344333313333333433333443333333333444333342233323233323333323332455665432112323542322344433334644343344433333443455544667764231233442121122433322232
22333333343342222343234344433343343333233323443443354434433233334433433332334433323322433232332343332233333333333344443554332122334742233344433333543455323531333543333434566764442232433231145433322343
33333234333333332334334344543333443333333334433343344333453333343344333343443333333333322333333331231243333234343344433343244232324643323344333333332243433432334542343335567754331465322232343422224534
33343344333333433333334344334344334333333343333343333223544333332333444343343333332223321233333332332333333334333224344332344334233442333333223423332334444332333533344555656642222335335332344653345532
33334433332322234333333333234344433333333333344333432333333333333343554344443333433344332333332234332333423345323223344333443234343332233333323322442234334423333633256445665532443354344434333555333222
22323332332332233333433233333344333333332324334334433443334344333333454334344333442233233443433333333323324433323324433333454233343323333332543444342233355333344433466434553333434554334433343344233322
33233333333322234434444343343444443443353334443344544442333343344333343334434443443323333444443332333333233322233346333343433233433323333333543446365333354433333433553443332344433344433333332333133632
32333344434433345433433343345443333443354433443343444443444443343343344443433433333333333434333332333333333322333345443333334333333344445435334433365334445434333432434433323453444433343343333333333432
34433343434434434433323333344443333344433334443344344443333345333343343443334433332344444334333322333433334344343343333223333332323443434433344333343333344434323443434432223445644344345423435534323435
45433333333444444333333232344344334444433333544444444433333333323343333333343333344344443333333333222333343344323343442222332323333433333333344333333233233423332423434322222225435534445433335633332466
33223333333344343433332233333334434433444334444334344433333432433333443233332322344333444333333333333333444344433333443333332223224433333333334433333343333233433323223333422134334444323332333323333465
33333334333243343433333443334333443344444344443333344433433334333333344344322443344334344433234433344433333333333432333333333222224432333333333333333233233232223434332443432334433232232342333333346545
33344434333333434434433344343444544344433444454434443333322354443344344433434454344344444434334434444434334333333442433333322333334322323443323433223233223223123454323343544324533443343343332335644445
33434344444344333343453344444544454455334444444344443333323355544344445533444334343345543344444444244444334343433333333333333332322323333333333432234323222223333332234222334323333365342244233344434444
33433333444443333444444334444444433444333334443343343344434444444433445444444334332344333344434444344445344443333333333323333333233334333333333433346543422212322322323222122255333266332333223233235444
33444434333333333344433344444334533443433333344334345444344445443334444444434444343443334443434433334333333333333333333333332333444333333334333333333323322222323323333223233244333335423323332433333333
44344333333332333334433344333433433334443333323333444433335434334344434333323454443434444444344333444344334443333333344333233344443333343343333333343233223333332332333322334332323233223222333433333223
33444333333433333334434433333334423334434433333433444434444433334333333333333333432343343333344443333455344433323333343344333344442343344443433333442232233223322232331233333443213233223232343333332322
