32223224952222222234333333333552233323633321233322333212333248742222222222211111111113332685234222332223863323333323253323222234763322233322222236521122122245788888888888888888888787547887533332467754
22122225952322232334433232325743323324743223444432343344433238744323223422222121111233442485334333321232665322343334232222223344864322233222232337731112222223567888888888888888888787647875333333355553
33233336854445554545444444446844445456744555555554555554554459755443334543333443344555555585355444432343444333343334232443344443774222234222332234531123322223435678888888888888888777647644443433333334
44444445854444444444444444446855555545644554555555555554455569855555555554455555555555555775355555555555555555555455444554444542674332344222333333321123311123323345788888878888878777645543444523322234
33333335953333333333333333334864444445743444444444444444444459744444455554455455555555444545455545555555454445555554433555555655664344454443554445532224334344434334788888755578865677644554444422222244
33333335953333333333333333334973333334752333344444443333444449744444444444444444444444445432344444445555554454554443333455545555454355555555555555555555555555555555666677655555654577644565435422222354
33333336943343433333333333334863333334653333333333333333333349744333333444334444444444446521244444444444444455555542234555545545664354445544555555555555555555555555555555555655555677644555556555555555
33333336843333333433333333334864333334663333333333333333333349844333333444333433333333347611244444444444444444444442235544444445764354454445545555544554455555555555555555555555555247534555556555555565
33333336943333333333333333343774333334663333343343433334344459854444443444444443444444448721244444444444444444444432355554444445764344444444444444444444444444544544455555555445555347644555555555555555
33333336953333333333333444444784333334663343333444444444444459744444444444444444444444448941144444444444444444444433564554444445764344444444444444444434444444444444444444444444444567644544544455555555
44434336943343333333333444444674444334663444334344334444444459644444444444444444444444458962145444444444444444444435664754444445664344444444444444444444444444444444444444444444444477643444444444444444
44444446844433434333343433333684334433663444444444433444433349744444344444444444444444458985145444444444444444444347756954444445664344444444444444444444444444444444444444433444444577653444444444444344
44444446844444444444444444444685333333663344443444433444434349744443344343444444444444448997235444444444444444445468758854444445764344444444444444444444444444444444434444444444444577653444444444444444
44444447734444444444444444444475444344573344444444443444444449744333444434444444444444447998335444444444443444344489767744444435764344444444444444433444444444444444444444444444444477653444444444444444
44444447854444444444444444444455444444474444444444444444444459844444444444434444334444347998335444444444444444443598766744444445764344444444444443344444444444444443444444444444444467753444444444444444
44444447844444444444444444444585444444574444444444444444444437844444444444444444444444446999325444444444444444443588766734444445753344444344443333344433444444444333344444444444444467753444444444444444
44444447744444444444444444444486444444574444444444444444444447744444444444444444444444445999425444344444444444452587557634444446753344444444443434444444444444444333333344444444443478753444444444444444
44444447744444444444544444444586444444573344444444444444444448744444444444444444444444445899424554444444444443452565567644444446764344444444444444443444444444444444444444444444444467653444444444444444
44444447744444334444444444444586444444574344444444444444444448844444444444454444444444456899634554444444444444552665666544444445764343444434433444444444444444444433344344444444444467753444444444444444
33333447834443333343334444444486444444574344444444444444444448844444444444444444444444456799744455544444444444543676556654443446764343444433443344444444444444444443443344444454444468753444444444444433
44444437744334444333333443344455444444474344444444444434444448844444444444444454444444447789854444544445444454444775347544434445764344444444444344444444444444444444434444433444444468764444344444444444
44444447844444444444444444444465334444364344444444444444444448844334333344444444443333357789964433454555444454345774366444444446764344443334444444444444444444444444444444434344444467753444444444444444
44333437844444444444444444434377333334474344544455555444554447844444444444444444444444447899974332234444444443345886576544444446764344443344434444444444444444444444444444444444444467643443444444444444
33222337843333444443344443333345333333475334445555555555555447854555454555444544444444446899984332213444443332345875686544444446764344444444344443344444444344333444444344444443434467653444344444444443
33333336632222224644444433334444333333375222344444434444555548844565566655565555555555557999995332112444442223446766886544444433764344444444344444444434444344333444344444444343334468754444344343343333
44444344433333324853322222346653333333465222333444344444444448844555555556545555556665546999995332221455532333446889975544444444764344444444544444444444444444444444344444433344343357754334333443344344
33444434333433444543334434445454444443454444444445444433344448844544444445445544554444445899995445543255433554446899855555555446764344454455544454444445445444454444444444444444444457764333343333333334
43434344334343333444444444444444555444555454444446544544444448854323344344445454444454453599997677765566555665657999654455566656864465555555555555455444444445444444544444444444454457764344444444444444
44444344444443344444443433344444444444434454544465544444444447843323344334434443345444343589998766656676666654678998544444455556764366555555555555556555555554444444444444444544444457764454544444444444
44443444444444444454434444443444334544444444555455444444434445743333334433333433344334444778986666666665555554688875444444444446764344434444444455555555555655554554444444444444444457764454454455555555
44443344444454554554444444444455444444344444443334434444444444445554333443333333343444444766876666555555544445466653444444444445764344434434344444444554444455555566555555554444444457764344444444444444
55444444454555554554555545455554455455454444444444345455444444435533333433343443333343434787677665555555555444235432555554444545764344444444333344433444333344444455555555555454554446764344444444444444
56555544455455444444444445555554555555455444444444444555655554445444444444344433333334456777777655555566656654224422545444444546764345444444444444454433344344334333444444445454554423765344444444444444
55554445545455544443344444555555445554555444445444444479733543455454444444444333333334555667776655566665444554322322444443434546764355445445445545555444445555444433433334344444444445765444544444444444
54455455445444544444455544555555455555554445545444555456533444444444455554554444444334677777766655566666554443322222334444434433764344544455654456545454445654445555544434444433334447765345555444444444
55544445544444434445555545555444545445544555545565555444444444544444554444554455544444677777766655655678865543221111344544444445764344445555544566555445444544445445545444444443334447765344445454555555
55445455555556555555554435556654555455544554444456545554544444444444444444544454333334237777766655555666533433211211344444444446864344455554455665555554444434444445533444454444444446765444344444444455
44454455445545545544433444556655454555555545554455445564444545454444444445445443344452138777656555456732101123211221343444454445775445545555555655554454455434444344434434344444455456765444344434433444
44544554445545554543533444455544445544545545554454445444554444445444445444444444455453257655566544436621111012222332333444444445764455455555555555565444444444444444435534344443444546775444455454434454
44544444444554554444544554445544444544545455544445554554565445445444454444444445434444676544455544555633211002121232233344434445675455555655566666666554444444455545434444444444554546775434445444444444
45555444544544554454445555544455434444445555454445544454544445544454544444454555444445655554434345554544411001221122343434444445566666555566677766666665454444453344334333444434556545776434444444445645
45445544444444444444444544443345444444455554445333455444444444444334434444344444344544565555443345543334421222221122344434444444667655555655677766665555543432453444444335434555555555676434544444444554
45544544544444444544344544544444445444555544444343344444444444443333433344434444344555887545444444333332321222221112234534576545787555566677677766666555554444444434434544444445555553576445444444345444
44555554444444444544344545444444544444444444444444445555444545455545454444454444456568888864333433332222221121221112224555775577776655666677777666666656554444443444433444444445554542466534444444444445
44333454554543444544445544444444444444444444454554544445444554555545555454554444676699679864333333222222221121221112223444457776665566666667776556666655543343344444444333434444444444676434334434444444
44444444444443434444445544444444445444444544455554444455544455455445444455544444665999888975332222211223321122221111222344467765555677766667666555566555543333444444433344444453335435776534443433444444
43444445434444443343444444444444444455555555555555555555545444445444444455454445578999877874332221111223211222211111122233334555555676655556555556555555543234444443344444334444434444776534333444444444
43443444334544433343334444434455454444544565455555555656664444455444454555444455578899776575333222111232111222222111122233332245555687555565566555554444553223444444444444444443444444676534333343433433
44434444444544433344444554444434444454444454445556555566554444555555555554544456555666654346233221211121111122121111122233333113445566555566666555544443453223444444334334444444444444676533444344443333
45444444444434444444444654544444444455554454444566654565544444444444554554454455333444321104422213531111111111221111122223333312345545456666555554444333444322343344333433333333444444676532334444344334
44444444344344544456444644444444433455554444445565545555545445445554554445555555223333200002523214541111111112221111122223333321234544466655545554443333344322333343443333344443434434676532334444334433
45444344334444444455544554544444444565543344455544444444556445454565444434555454232332100013423212342111112222221111112222333332123343466665445544443444334422233344433433334333434444676532323444333333
44334444434343443343334434444444444565344445444464554555544444455555465454445444333322211234323211332211222323321111122222322333123332355664444454444443335522233456444444443344334444666433333332233333
34444444434344434344343444444444444543444454445454555454543444554455555555555543333222222332222211332122223223211211122222322233223332234554344444544443336532234566433445444454455444554433333232222234
34343333444344444444444444444434444454333344454554544445545544444455545555555544433332222222222221221121222212211111112222322222222333223444334444444443323422246565544555444454465444544333433433323344
44333334433334333443443334434444444445444444444554544545445445444455444444455444443332221122222221111121111111211211111222222222222332222344433444444333334421245444555555555554554433533343343333323333
43334334443333433333444444334444444444444444444443454433334445544445555555455444553332322222222321112111111111111111111222222222221232222233344444444433333421245444444554544544443333323454443344333333
43333434333443433333443334444444444444444444444544444444444443444344445455455444553323311222222321111101111111111111111222222222222222222223334444444433333321244555554554333434333343223455444555433334
33333433344333334433333333434433344443344443443434434544444434344334445554555444454333211122111321111101111111112111111222222222222222222222333444453433322322244454544445434433333453344454445544333333
43344333444333444334433344345444443343344444433444444554444454444444444454544454456644311110000231111101111111111111111222222222222222222222223444443333322322245544543444444444443444444445445443233434
44444344444444444434444444444354444344443344444444344444444444344444444445444444445765211000000221111100111111121111111222222222222222222222223333333222222221244444443443444444444433444545444343222333
34344443343444434334434444543344444444443444444444334344344444434444444444443344444432100000000221211111111111211111111222222222222222222222222333333222222221244333333333344444444444454444433333222333
44334444453343444334434444444454444445543444443444444445544544433344444444443445445432000000111211211111111221221111111122222222222222222222222223332222222221244444334434434434444454554444443343224333
43344444443433444434555443344444544344334444444444444444544555444444444445444445444541100011111211111111112221121111111122222222222222322222222222232222222211234443454445434344334453454345444443334344
43334333444444333333444443443344454333344444444334444444544444444444333444454444443444322111111112111211122111111111111122222222222222322222222222222222222211234444454455333434444443443333444444454434
33343334443334333333334444443324434344444445444333334434444434334544434444444544443333443211112112112321111111111111111122222222222222222222222222222222222211244444443334443444444344433333444444444444
34433334443433333334333444434334344444446543344454444454443444333444444433334334444322221111112112221111111111111111111122222222222222222222222222222222222211244444443333444445443343434333344333443454
34333333343333443334333433344333344333333434443454544444444444345444443444343344444321111111121111211111111111111111111122222222222222222222222222222222222211245444343444444334333433453344334444344444
33333333333333344443333333343433333334433333333444434444334444445444444454433444434542111111111113322243211111111111111112222222222222221122222222222222222111255443344444433333433444464344435444455444
43334434434333433443343333344444344344443334443444445445433444444433334454444443434343211112311234444344321111111111111112222222222222211112112222222222222211244443344444334433434444343444466443334544
33333333333344443333333343333344434443433544334344345444433444443343443444454554444443321133443433455335452111111111111111222222222222211111111122222222222211233443433434334333333444344333344433443444
33443333334344443334333343334333344333333544333444444334333544443344444443444454444444444443344433344445454111111111111111222222222222211111111112222222222222244344334434333335633444433433333335643433
33333434333443333333323443333333343333433433433334334333333443432443444444333334445445455444456543343444454211111111111111222222222222211111111111222222222222333343334444333335533344434434444334433433
33333444333333233333333334543344333333333333433334433333333343344543443444454333444334443344445443443444565531111111111111222222222222111111111111212222222222333333444443433344433455444444443334434434
33333333433333333334333333333334333333333232333333343332233333444444433434434443433333433334444544444444576421111111111111222222222222111111111111222222222222334334444444433454444445434444434344434444
33433434333443344443344344433333333333432333333343333332233333433333334333333343333344333444445543434445577332111111111111222222222222111111111112222222222222343444344544344534335444434444434334444444
33333344444433343333353334432243333333333333333343334333343333443433333333323332443334444444455444434445577532111111111112222222222222111111111222223322222222344345345544445444433443333433323356334445
34444433444333332333333333343332333343323443433333332333323344443334433443333334544334433433344444444443577642221111111112222222222222111111122222234422222222333444334433446545445543433332233356533443
33345334335443333333444333344544433344333432333433322333323343333234443443443345533333334433444443333343476654321111111112222222222222111111122222335422222222343444334343345434445433323332333354453432
33344344345433334433333344434543333334443333245444322333344343223334443533434443443334333333334433332333566653221111111111222222222222111112222233333332222222333334333353333334334323333434333453443533
33344333444443344543445333334333332233443344333443223333344343433443333333344343433344433333323333343224466665222122111112222222222222222222223333433332222222333333444344333333335332355453444543233434
34344334444343444443334434444433333334444444322433223434443435433333333444444334444433444233333443333333466666422222111112222222222222222222333333433332222222333334344333333333334332256344443433343333
34444444444433445443334344344433334344333444333343444433343444433333443434433343343334434333343444334333466666633222211112222222222222223333333333344442222222333334355333333222332333246343533442243356
33444433434454444564444343444433333343233333433443344433344434433344444444443333333334443444443434443334466666652222222222222222222222333333333333344232222222333433343333333333333333346333433453343445
44333434333433344355444444433433433333334434533333344444444434433445434444444433334435443443343334444444356666674232222222222222222222333333334433444343222222334433333333333433333333343334322333333344
33434445333344433335434534434433344443335434444444555455433333323344433344444444444334334333444433444333345666676323332222332222222222333333234334432353211222334332333333323323334332433223223322322343
33443345444444444445434454444443334454444434444334455444433323212233444344444344344333445443334443444443445567666522333334752222222212333322224434433443211123333232222333332333334343333333223233233333
33333344334543444555434444456544444444444444343334455444433233333344333344443333333344544434434333334443444567655433333347864222222213432222223443334333222223222233333332332324333233333233223322332333
44334344434444444544445555347643354444344444333334445544443344333454433433343334433334433233433334434432234456654456667799863322222215642222222343333333222223233233333333322223322332333323343323333333
44444443433334434554444454455644554443343444432334443444443434544344443332343344433333343333433444333433334455545797689998874332222215775222222343332332222233234244433333333333333343323343233333344633
45444433433444544454334444554644544332334444454443333343343434444444443334444333333443333434444454434444344345446998679898777433222224788422222244333332222233233234443333333334333234322333223333233433
43343334334444555554334445555564443333334434444553332333344444544433432334444333333333343333344353333333444334447878867689866533322224799842222245434332222232334334333333333333233323223333322333333333
44333333344555555455333344455454433444334333443343333333443354444332222334444434443333333233334333333332334344556766865447654433322224698862222244434332222222334334433333323332123333323312212433333333
44444442344444444334344443454334334443332333344433343433432333433332222323433344544333443332333433333333444444555444654335776544432224689984222243343442222222234444333333223333213333323323222333323343
43445554443334433323223343443455334322433334344434444333433444433333333212322343453343443333334444454334554444567743433333998879842234588997222243434443222222234444333232233323334433222443323333323452
44554445333443344333333343333454333323332234344443443322434442343453344332343343443433444454335444453454454333467864333332799999733344479998422343444334222222233344433334222333334333333342333233234343
44433454444333333333434444434453333332343233343444333334434333433443334333433345433433444454333344344444434333467874432223699998655344378887522344444434322222334343344443333343334344333233333232244222
44344345435433333353333543333454343333343333444354433244444454344444332234443333333433454432343343344444443333356785532233699999876344457888852333234433322222344343343433333333343333333323333332333222
43453333323332434344443333223354333343334433344344434444444443433444433336554443444544554444444453434434444443346776532333589988875344547999863333434342321122333334343333333434433433333222233333333333
44333244433233334334543433434333343444344333433344443334343343454444443333554343445444443444444454444354444444446665533333599988764344436889863343343343321112433334233333333444333433233332233333443443
33334234433233344433433433433444333433433333333344343333333443344344433333445444444445454444443554444444344444235666533333599999764345435888742333333433321113433433233234443334433333333333333333433444
43444333322333445333444443444454334334333333343333445443333344443334433334245444444454434344444445444433344445444667533333599998753344445778753332335444421113434432345434443433443332334333334334333343
33444333323334444434444333334444444434333434433344444433333343444335443344334444443433533444554443433343334455534667633333599998643344335777753433345554421112443344444443434434343432333233333233333322
33344322345434444444433333233444543343333433433433344343332343344445454444434554433434534444544343343334434443444556643333599987643334435666643434444454521112443344433443234444334443333322222232223333
33444443444444445434333343443344544433333333333443344333433344443444443333544445434544444444433443344333344444444356643332599886432333435666643434544553531112444443443433334433323333333333322331111111
34444344555454454444433343333334443333344444333344533333443544334344444444554444454443455333333444444333343444443455543333698775432333446666643434443433631112443332445444344333433334443333333332232222
24444344545444434434432224222323333434444433344444433433443433343444344444444433543344444423333443444344443445443455643223787665333444446655543444343333741112333333344444333444443334433343433333233323
33344333233443233433431222123333343333434343333454444433443433444333433344445433443344434443434444434434543444433455554333786554333453346555434333334443631112333333233343324333333333344333333543344332
32333333334444334433432122122333344333433333334444434434433434345433443345334333333554423433345344334324533444544435554433786654323332356555433333333444641112333333333344433333323233443333344333334322
43343334444444334433332322334333343344433444445543433444433444355554444333333333333455443443554333333333553445544446553334876665433333366555433433333443541112233333333444443444333333333344433332222211
33343443344433344344333333333334433442433442344443334444444444445465334333333343343355445434643333343334444344445356543324876655433333365555344444434433652111233332333344443433333333233444533332211111
34444444544443444334544334543445443333432343345443333444454443343443333443333334444344433433533333443334344344454346654324876654433233365555454443443334553111222332223333443333333334333333321111111111
