33333222333344433332223333232233333433223455532222222233212233322222222222222249999999999999999999999999999889988776699999974334443333333322211013333321112345554455433211223211121112222233222444566665
22333333333344333322233333222222233333334333332222212232222222222222222222223479999999999999999999999999997789987765599999975323444433333222211123332221123455433343322111122111121122212233222444566655
22223332233444322222333333333322223343332223333322222222222222222222222222225899999999999999999999999988876789887665589999976423444443333222211123332332334454322233211111111111121122112332223444665555
33344332233443223332223333333322223333332333333333333333322222222222222222259999999999999999999999999988867899986555459999976422444443333222211133332333344443111122111111111111221222112332223434555544
34555432233323344332222333333322233444332222333333222333322222222222222222599999999999999999999999999887667899974455459988876532444433333222111133333333444431111121111111111111211222112321123334444433
23343322222223333333322333333332234432222232333332333333222222222221122357999999999999999999999999888876568888864334459977777521344433333221111233323233444321222221111112222212211221112321123224344334
33332223332222333333333334444332233322222222233333344543322222223321123699999999999999999999999998777765568767764223358976777521344433333222111233322222332322222222111112222112222221123311123233344334
22222222222222233334444333455432223322222222334444555433322223344433257999999999999999999999999999887766567667653224558865667521344333333222112333222222222322332221111122222123222211123211123233354234
22332222222111233334443334555433333333222233343344443333333333344555799999999999998999999999999999988778777667543224567765456422344333332222222333322222222333333322111222232233222211122111122232353234
33222233332112333334433333333223333333222332233333333333444443334668999999999999977777899999999998777679877766543323557765456422344333332222223333322222222333333322223333332333222211222111121322442233
22222233332112222344432233343323333333322223323333433333444445567999999999999998876666678999999876666657767665443333445555455323344433332222233332222222222333333333333333322443222222221111112212321223
22222233322111112454332233444334433332222223322233333334444577899999989999999998766556666899988865555556666555443333434444454323333333332222333322222222222333333333344334324432233223321111111112211123
33222222222223344433322234566543233334443222333333333444447899999999889999999988887554566899877764444555555444443333444344444323333333332222333222222222222233333433344444234433333333322222111112111122
33332222222233332333333335677653333345443223333333333444579999999998999999999988888675655699766764444444554444333333444333343222333333332223332222222222222233333333344444444433333334322222111112111111
33322222222233222334443223566544323333333322333433334467899999999889998999999888888766645676456654434444444443333333443333333222333333322233322222222222222223333333344444444434444444333322221222221111
33222322222322333454432223455665433333333222344444434589999999999999998899999889989877645653344444433444444444433333333333333222333333322233222222222222222233333333344444444444444444333333222332322111
22222223333223345544332222345555433333333333444333334799999999999999998899999899999977645543334443343444444444333333333333332222333322222222222222222222223333333433444444444444444544444443333333332112
22233333333455444333332223344443322223444433233333357999999999999999999999999999999977665533333333344344444444333333333333332222333322222222222222222222223333333433444444444444444544444444334334432112
33333333334555443334432223333444322345554544444457899999999999999999999999988999999887654433333333333344444444333333332223332222233322222222222222222222233333333333344433444444444544554444444444432122
34444333334555433344433322223333323565555554446899999998899999999999999987766888888877654333333333333344444444433333322222332222233322222222222222222222333333334433333333344444445555554545554444432233
44443322345555543455653322222333335753577766789999899888899889999999998777544567778767865333333333333444444444433333332222222222233322222222222222222222333333333333333333344444444455455455555444432333
33322233344444443455433332222234457645887999999988888888988789999999995564222344556657765432333333333344444444433333333222222222223222222222222222222223333333333333333333444444444454445455555455433433
22234554444333444444444333322334688779878999998888888888877899999999963431122233334446654433223333333334443444333333333323222222222221223322222222222233333333333333333333444444444444444455555454433445
23466545543233444434444432222346999999879999988888877888766899999999833432211122233334554443333333333333443444433333333333322222222114677653222222222333333333333333333333343444444444444445555554444455
23444555543223333333444322223468999999889998877888667877668999999999878874111122222234565443333333333334443444443333333333332222221267467654322222222333333333333333333333344444444444444445554554444555
23344445544223333323333322245789999999779998768876545667679999999999999984211122212223555443333333334444444444443333333333333222222796445654333222222333333333333333333333333344444444434444555554445555
23333345554434433222233344447999999999768998778865545677789999999999999985322212221223455433333333334544444444443333333333333322226885333454344323333333333333333333333333333333344444334444455544455555
23333455554443333322233433489999988998657998777866666888899999988999999986422222222122245443333333344443344444444333333333333222158643333344665433333333333333333333333333333433344444444444555444555555
33344444433333444322223347999999888898656899888877778898899999888998899877532222122111234443322223333333444444444433333333333221367433333234786532223333333333333333333333333433344444444444445444455455
34443333333334454322334699999999778788646899988889889999998898888877889866544322112111112333322223333333444443344433333333332212564333333333467642223333333333333333333333333333443344344444445444454455
45433334432245553223358999999999767778645899998899899999998888888777888766655432222111111222232333333333333333334333333333332213643233333333336852233333333333333333333333333334433333344444444444455555
54433445311245554334699999999999756677754799999999999999998888877678887665565544331122222233333333333333333333333333333333332214532233333333335852333333333333333333333333333334433333344444444444444444
43333565422255665678999999999997655666754589999999999999889878777777766555555554433444444444433333334433333333333333333333332225432223333333345432333333333333333333333333333333433333344444444444444444
33467888742257786799999999999988645566764467889999999989898766887766665544434444544555555444433334444443333333333333333333332224333222333333344322333333333333333333333333333333333333344444444444444444
45555677765566656999999999999999844556665456788889999888877756865544554444334444444444455444433344444443333443333333333333332234333322223333344323333333333333333333333333334333333333344444334444444445
45666555555555469999999999999999864455555445678888888888666655754433444444444433344334444444444444444443334443333333333333222333333322222333565323333333333333333333333333334333333333334443334444444444
68875444334445699999999999999999875445555544578887876775555555543333345444444444333333444433344444444433344444333333333222223323443322222234674223333333333333333333333333334333333333333444433444444344
76544445553446999999999999999888886444444544467877666544445445543333444444443344333443344332334334433333334443333333332222233322553333222234542233333333333333333333333333334333333333333444433444443444
44455555567768999999999999987778997533444554456776554333333344433333333444433333333333333322333333333333334433333333332222343332344443223333333333333333333333333333333333333333333333333334433444444444
45433445788889999999999999866668997533344454445654443333333334333344443444333333333333333333333223333333333333333333332223433333223554323322233333333333333333333333333333333333333333333344434443344444
55455545777799999999999998656668897543344444444454433323333333333455554444333333332333333333333223333333333333333333222233332333322354322322333333333333333333333333333333333333333333333344444444334344
44444556666799999999999986555667897643333345444444433323333333334665565433333333333333333333433333333333333333333322222333332233322222222222333333333333333333333333333333333333333333333444444344344444
44444556666898889999999865445667886654333345433333333323333334445665565443333333223333333334434454333333333333333222234443332232222222222222333333333333333333333333333333333333333333333433443334344444
44444556666765556669999754455567777654333334543333333333333334446554443333333322223333333333334554333333333333333222333333332222322222222222333333333333333333333333333333333333333333334333443344433333
34444556666432322227996544555566776654433333443333333333333334456544333333333222223333333333333333333333333333333223333333333222332222222222233333333333333333333333333333333333333333334333333444443334
44445566664111122215995444555566665564433333343333333333333334555433333322222222323333333333333333333333333332222224323333333322322222222222232233333333333333333333333333333333333333333333333344434334
44445555553111111113985444555566666665433333333233333333322233544333222222222233333333333333333333333333333222333234332233333322322223222222222233333333333333333333333333333333333333333333333344333334
44443444553111111112984344455556666555543333333333333322222223433222222222222233333333333333333333333333322334334443333233333223322223222222222233333233333333333333333333333333333333333333333344333344
55434444553111111113984334445555555556543333334333333222222222322222222222222233333333333333333333333333234433224443333223333223332222212222222233332233333333333333333333333333333333333333333334333344
44444455554111111114963344445555555555553333346432222222222222222222222222222233233333333333333333333332454322223333333223333223332222112222222333332233333333333333333333333333333333333333433333334333
55555555555332111128953343344545555565655333478532222222222222222222222222222233223222233333333233232224632223222223333323332223332222112222222223332233333333333333333333333333333333333333333333334433
55555544456665422269743333344445555555555433698533222222222222222222222222222222333222233233332222332235422233222222333323332223332222112222222223322233333333333333333333333333333333333333333333333333
44444444456677655798433333444555555555555534797533322222222222222222222222222222333223332233332223222234222232232222233223332223332222222211222233222233333333333333333333333333333333333333333333333333
33334444456666789995332234444555555555555544687533322222222222222222222222222222222223222222223333332343332222233222233333332233332222222212222222222233333333333333333333333333333333333333333333334333
33333444555666788864322334444455555555555554687533322343222222222222222222222222222222222222334444333444422222222222223333333333322222222222222222222233333333333333333333333333333333333333333333333333
54444444565676776533223344444445555555555555686543323433322222222222222222222222222222222233333343333455322222222222222333333233322222222222222222222223333333333333333333333333333333333333333333333333
33333444565566654322333444444445555555555555675543322212432332122222222222222222333333333333333333333554322222222232223333333333322222222222222222222223333333333333333333333333333333333333333433333333
34445444565434322223334444444445555555555555775443332222333443122212232233333334433333334443444433333444422222222222223333333333322222222222222222222223333333333333333333333333333333333333333443333334
33444434665322322234334444444455555555555555674444333233222234223235543344444333433344456553444333333344422222222222233333332333322222222222222222222223333333333333333333333333333333333333333444333333
23333333665322222333344444444444455555555555554444433222333324323355433333333334444555566543344333333344321112222222233333332223322222222222222222222222333333333333333333333333333333333333333344333333
22333333664322223333334444444444455555555555554333332222233333333433334444444455555544565433333333333333232113322222332333322222322222222222222222222222333323333333333333333333333333333333333333333334
22344333675322223333334444444444445555555555544333222221222234334433344455555555554434664433333333333232233245322233333333322222322222222222222222222222233332333333333333333333333333333333333333333333
33334444686423223334333444444444454555555555544333222222222224444433334445555554433334654443334333322222222375333343333333222222322222222222222222222222333322333333333333333333333333333333333333333333
23444333698433223344333334444444444445555555544333333322222123444433334444455543333334654433333222222222211563333322333333332223322222222222222222222222333332333333333333333333333333333333343333333333
44332222499534233335433333344444444444555555544344333322222113444433333444344443333334654332222222222222222452222222333333333223322112222222222222222222233332333333333333333333333333333333344333333333
22122112279534332236433333333333333344444555544444333332222123333332333333334332233233554332222222222222222342232222333333333223321111222222222222222222233333333333333333333333333333333333334333333333
12222112248744432235323333333333333333444444444444333332221122333332222322222222222223554322222222222222223332332223333322333223332111222222222222222222233323333333333333333333333333333333333333333333
23332212236764443234333433344444443444444444444444433332222223333222222211222221112222454322222222222122135532232223333322222223333221122222222222222222233323333333322333333233333333333333333333333333
34433322234654443333344444444444434444433344445554443333322232221112211111122221122222234322222222221222135422222223333322222223333222112222222222222222223323333333332233332333333333333333333333333333
33333321234333344332345555544333333334433334444555444333333222211111111111122222222222224422222222222222123333222233333322222233333222211112222222222222222223333333322233322333333333333333333333333333
33333223444332233333455554433333344457545323444555544333333222221111111111122122222222223422222222222222123333222233333332222233333222211111222222222222222233333333322333333233333333333333333333333333
33333344443333234544445554433333445687878412344555554433333222321111111111111122222112222332222222222222122233222333344332222223333222222111222222222222222223333223322333333333323333333333333333333333
44344343321223444333455544333334456999768212344555554433333322311111111111111112222222222233222222222222222233222333344333222223333222222222222222222222222222332222322332233333322333333333333333333333
44332233332345544434444444333346689985233112344555555543333333211111111111111111222222222222222222222222222233222343444333222223333322222222222222222222222222332222222222333233323333333333333333333333
44333344454455433344444444444557899875332112334555555543333333221111111111111111222222222222222222222222222333223444444333222223433332222222222222222222222222233322222222333333323333333333333333333333
33323345545654333455444455544568987787631123344455555554333333221111121111111111222222222222222222211112222333223444444333222222344322222222222222222222222222223323232222233333333333333333333333333333
33222333455433344554344676445687889997421223344455555554333333321112222112222222222222222222222222111222222333234444444322222222345442222222222222222222222222222223222222233333333333333333333333333333
33333456654344555543358886455866999963222222344455555554333333322111222222222222222222222222222212222222223333234444444322222222356543222222222222222222222222222232232232233333333333333333333333333333
44443466433344454554467765557945999522222221344555555554433333332111222222222222222222222222222222222222223443234444454322222222355433322222222222222222222222222232232222233333333333333333333333333333
43223444344553334443344444568946874222222111234434555554433333332211222222222222222222222222222222222246543332233445555332221222344332222222222222222222222222222222333222233333333333333333333333333333
33235666677763322333233333468844322222211111123334555555433333333221222222222222222222222222222222222354444443344445555333222223443222332222222222222222222222222223333222233333333333333333333333333333
22246677788753222332233334568532211111111111223444555445543333333222222222222222222222233222322222222332233443344445555433322223444444333222222222222222222222222223333233223333333333333333333333333334
33345557898744333322333344576322111111111111222344444345543333333322111222222222222222333333333333322333333333343345555433222222444333334332222222222222222222222223333333333333333333333333333333333333
34433456876766443222222334575221111111111112233333443455543333333322111222222222232223333333334543333332233333443345555433233222343333445543222222222222222222222222333323333333223333333333333333333333
34433455568876432332223334675211111111111122233223333555554333333332211222222223332333333333222223332333333333333345555532223333344443344455422222222222222222222223333323333333233333333333333333333333
44444555555445432322233444664211111111111222333233344555555433333332222222223333333333333332111122222344333333322355555432223333354433345567642222232222222222222233333322333333333333333333333333333333
33334445544456676421233433554211111112222233333333454334554433333333222222333333443333332211111112211234333333322455555433323333343334566566653222222222222222222222233332333333333333333333333333333333
43333344543358898874322223466432111122223333333334454334444433333333322223333344433322222211222123433333333333323555555433333333355578865555555322222222222222222222233333333333333333333333333333333333
32233334444556678999742223455544443322223333333344555445444443333333322233333333322222223333442356664333333333335666665433333333345677654444555532222222222222222222233333333333333333333333333333333333
32233445544433223566543323445555666532222333333444555566544444433333322233333223333444444555433555554443333333445555445533333333345677765545666543332222222222222223323333333333333333333333333333333333
32234555443332222233333334444446666554322233333334444554444455433333332223344444555544444454434544555555553333455544456533333332344677766667765544333233222222222223323333333333333333333333333333333333
43233444554444334543333333333335666544333332233333334444444444444444333333444444555555444444445555555555554434444444444433333222232445556677665444433332222222222222222333333333333333333333333333333333
33345677655556787433222233333335655555554432322323334444334433335554433333444334555544454444445666765433444434555665444443332222232444455556666555554332222222222222222333333322333333333333333333334433
22345554554556654332223333333334566788754333322222333333444544455553222234544444555433333333345567776434444435566666544442232222222355555445566555544432222222222222222333333323333333333333333333333333
33321223443445544433333333333323456666543333332222222333456555567754333355443333444332223333445556666664333345556666554552233222222255444444455555444443222222222222222233333333333333333333333333333333
33322223233443445554333233443323454555444333332222222334555333466665444444444433333322223333444445566555433344556666654663233222222234445555444455444454332222222222222233333333333333333333333333333333
33322233333223444444443335665456666554444333222222222234554333456665444444555532333333333333444444444555555544445667655664232212222223444433334444445445432222222222222333323333333333333333333333333333
43322333333333333345443345554444445554323332222233322356644332246554443333455422233332222334445555554444565554445667777764222212222223444443333333444455532222222222222233323223333333333333333333333333
33222233233344456665434444555443457764323322233445566876333332334555443334444432233332222234556555556665544556555566666664322211222223456654333333444555553222222222223323323333333333333333333333333333
43333333334444566544445444555443467754322222235655577765432222234555433333344433333222222235554445678876433556554455555554322211222223455543333333455554554322222222222223323333333333333333333333333333
55433333333345665444333333333333344444333333456544334555543222234676322223344432223222222344456778877654444555554444555564332211222223456665543334555444454333222222222222223333333333333333333333333333
55544443334455434444433333333333333344444444333443333334444333456665544332333333333322223335777776544444444455555445555665232211222223466777654445565445555433222222222222223333333333333333333333333333
65555443333444433334433332232222233333344444444444433334444444334455544333334333322222345677555554444444444455554445555564332211222234566677654556665556555543222222222323223333333333333333333333333333
55555444444433444444333333222223334454333344443343334565444444445655444333343212222222246643344445555444544456664456665555332211222235666555555555555555555444332222222232223333333333333333333333333333
66665444455666677765433332222122234443333333454433356544555554445443455434443222234544343223344555554444454456654555666655332211222235655556665445555555444555433322222222233333333333333333333333333333
44544444445445444444333332222221223333333334433444555544455444445444566544554333566433323445555554444444555455554555566655422211122234565555544566666655445565543322222222333333333333333333333333333333
34454444455443245655554433333233333333333333334445554333333344455567887655543235653333344456676665445555544455545555555544422211222234555555455665555555556665443333222222233333333333333333333333333333
33334445655434566787532222222223222222233222233333344554333344555578875554443467533332345776678887654445566655445655444434532211222234556655556666655556666655433333332222233333233333333333333333333333
44333333333345678753322223332223443333444332223334577654333344445576655554434776433333356555555676544455556665676654433445532211122223556667776566655566555555555533333222233323333333333333333333333333
32222234322345666555544332212234444444333332223333345544334444444445555544445654334445555444455554555555666555666654333334532221122223556557765555555555555544444443333222233333333333333333333333333333
23233454334544455555542222222233333332222334432345554443333334444445555434455433445555543334554445555555555544555455544444432221122223454445544454555555555555444444333322223333333333333333333333333333
32223444466655544444432233333233333333333454433322112344333345554444444344444444444333322234433445555555566544444566545443332221122223455544444444445655555555444444333333222223333333333333333333333333
