46434444444444444444444479644444444544455555555555444774355445555554445455455554455555586113764233344323334433156523322233333345788888776888778777445533445222222444664433334322222222222232223444567777
46523444444444444444444469644444444444444444454454444674344444445545444444544444455555588203553344554444555552265645455555444445777888654577745777534644444222222445654233423211132222222332332333467777
36633333333333333333333369643333333444333344444444444774344444444444445444544444444444589512553354445544555553464645555555555556656666655555655777535655454333333544443334434322242222242222223323467777
35633333333333333333333369643333333333333333333333344775343344444444444444444444444445589842564355555444555545645744555555555555555555555555555576435555565555555555555556565555554444465444444433567777
35633333333333333333334369643333333343333333333333334774343434334344434443344444433344479962564344444444444446747734455555555555555555455555553266545555555555555555555556554555555555566555555555555555
35633333333333333333334369644333444444444434444444444774344444444444444444444444443344469982454344444444444448746634444444444444444444554455555476545545555555555445554545544544555554556455555555555555
45633333333343333433444368444444434443444444444444444774344444444444444444444444444444458983354344444444444458646624444444444444444444444444444687534444444445445545555555555555555444445444555544444455
34633333333333333334333369544444333344334344444444444774244444444444444444444444444444448884254344444444444358646624444444444444444444433434444677534444444444444444444444444445445444444444544444444444
34633433333433333344333359644433333333343344443443444774344333333443444444444444444444447885244344444444445347436534444444444444444444434444444677534444444444443444444444444444444444444444444454555555
34742433333443333344333359643333343333444444444443344774344333344444343443333444444434457887334444444444445346456534444444444444434444444444444677634444444444444444444444443444444444444444444444444444
43652434333444433444344469643344444334334334334344344774344444444443343344333433444344466898434444444444444357545534444444444444444444444444444577634444444444444444444444444444434444444444444444444444
44653444443444444444444459644444444443434443334434434774244444434443344444344443444443467689633344444444443467336433444444444333444444444444444577644444444444444444444444444444444444444444444444444444
44653444444444444444444338644444443444444444434444444775244344334444444444344444444444356789732223444343433577446443444444444333333344344444443577644444434444444444444444444444444444444444343333444444
44653443444444344444444358644444444444444444444444434775244433334444444433334444333444457889843212444432334576567544444444444333343444444444444687644444444444444444444444444444444344444444444344333444
44743434443344444444444459634444344444444444444444434774344444444444444443334444444444447999953222344422334577696444444444444444444344444444444577644444444444444444444444444444444444443444444444344444
44652443444444443443344459644444444444444444444444443474344444444434443443344434443344445899964454344433444479975444444444444433343444444444444567644444444443434334334444444444334343333333333333334433
44752443444443344434444459634444444444334444444444344674344444444444444444344444444444434699976777566665655589854444444444444444433444434544444577643444444444444433344443444444344343344434433333434433
43553433444434433334444359644433343344434444443334334775244445444454444454444444444444434479987765566666655688644444444444444344434444334444444577643443444444444343444344444444434344444444444444444444
44552334444444444444444349643334343443434444443333444774243444444444444444444444444444444447887666655665555666444444444444444444444444343444444577434444444443444444433344344444333344434444434444444444
33652344444555555555554437644444443444344444444444444774344444444443444344443444444444434446876666555555444354344444444344444444444444454444434576533433444444444444443444344334433333333333334434433433
33662234444444445455554458645555555555454544444444444674244444444444444444444444444444444457766766555555554333444433443344333344443444444433334577643443443433344434444434444434444444433333334444433433
33662222334433334343445559744555555555555555566555555675344444555555455554444555544444445555667766555565545422444434444344333443344444433443333477643444343443443343334344444444444444333433343444444443
33552223333433344333334458635544544455444444555555445774344444555555555555455555555555446676677665555555544332444445444444444444444444444443434477643333434433443343333343333344444444443343344334344444
34554444434444444433344349733343344444445444444444444674344444444444444444444444444555566467777765555557864323544444445444454444444444444444444477653443434444344444444444444333444444444444444444444444
44444444444455444443444349743223344344434443444444343474344444444444444444434444444444553127777655555456533324555555545444444444444444454444544577653444444444444444444434444444344434443444444444444444
44344544544464444434444448632223333333333333344333343674243333434443444444444444444444442137666656544553100124555555555655444444444455444444444477653545554454445554444444444444444444444444444334444344
44343444544344433444434444544434333433233333343334444764234444455444444444454454443444443476665456543562100024555555555555555555554444456554444477653444444454445544555555544444444443444444444334443444
43443443332243334454444344445543333433333333333333444764233344444444534344454454444544444655654444444444411112444444444444555555554455565555544577643444444444444444444445455555555544444444444444544444
54443343444444344444444444345433334333343433333333333674233343334444444444444444455544445555555544335432321221444443444555554555555555555554555337653444444444444444444444444444444444445455544444555555
54444444444444444567644444454444444444334433333333334664223233334334443444444444444433435555676444444332221121455444455666665555666666666665445426754444444444444444444444444444444444444444444444445555
45544444444444444578423433454444444444433333333334323343323333333433334334333333334443456557989753333322121221355655567765555666667777776665544567654455444444444444444444444444444444444433444444444444
54544445444444544355434445443334554544554444444333322232333332223333433333333434434444575469868963322211222221134676766665566677767776666666654568754455555555554444444444444444444444444444444444444444
44445554444565554444444444443444444444544454443434333223333333333433333433343345444544465599987874222111221211114566555566666667777666666666654446754344444444555566555454444444444444444444444444444444
55445444444555445554444444444434444444444443233334434434443344433433344443344343433444566789987674322111111212112234555677765667776566677666655334664343343334444444555555555544444444444444445444444444
55555445544454444544444444454444444445444443344454445554443344444444444444443444433454455557776445222221111112112322355677656666665566666666544333664344444444334443344445454544555666555554444444444444
44445445434444444444544344344333344434343344444444444443333443444334434444433444333344461234443102421331111122112331235556565666666666555555543323464344454444443444454333334444455555555554444455544444
44444444444455544444554445444444444444444445434434455444444444454444444444434444433334442233331001521231112222112332133544566666565555545545643222355344544444455454554444445333333333333444445566555554
44444544444345444444444444444444434443344544444444455555445554654554444445444443343434442233220003421232123232112223223333566555555555444445543222344345544444455554454434433444345333333333333444444445
44555534444223454444444344433233334444334443344444444454443434455554444545544433344434443333222233321221222221211223223332456655555544444444543212245344434444454444555443444444455444344344333343333344
44444434444343344444444444333333333344444433344434453334443344443444444555554344344544343332222222221111211211211222222332344555555544444444554212235344345543444454444444444544444444444343323334433333
44443443444443444454444444455544454444544444444444444444444444433444455444555455444444435533222222221111111111111222222332233444445555554444554212224344444454444443334454344434444334344444444444343343
44444443444444534444444554455544454445544444444444444544443443443334444444454444554445545633222122221111111111112222222222223444445554444433664211223344434434444444443444445435433334335554444443443443
44444444454544444445444444444434444455444444444445444443444443444343433333344444544445454533232111121111111111112222222222222233444544444433453211223334434444444444344444445544444344444445444543434544
55455555455545555555544444444443444444444445555554444444434444344433344444444444544555555545542110011111111111112222222222222222343344444443553211222344333434334434333444444554444444444354444433434334
44444554445545555555553444455444454555444455544444444554444344444544444444445545555555435544431001111111111121112222222222222222333344443443443211222234343444433334343443443444444444443344444433434433
44433444445456555655444444544445544544444455434444445555444443444444444444444544444444445333100111111111211111112222222222222222223334333432332211121233334444443243333344333333345444443334444545544344
45544444444555644555443444344344544554454454445544444444445444454444444344445544434344444333211111112112211111111222222222222222222333323322232211121123344453344334333334444334333343233323333333434443
44443434344544445455445444344554544445554455444345554454455444444444544444455554544454444332221111111111111111111222222222222222222223222222222111122012333443333333334323434333233342333423434333443343
54433344455443444444445445454565444434444455444434544444454444333343334565455555554454534432111111111111111111111222222222222222222222222222222111123101223333433332221322343323544433333434434334333334
53344454444554554445443444454554465554454445443444444445455443344444345544444555554444435443211111122111111111111222222222222222222222222222221111224201112332222343223433433334443543434433333334344444
33344443444444454444443444443445544555455545455445544444545443444434355444433455555434434334211222343211111111111222222222222222222222222222221111233311111233233343333433433444444443334444434444443444
43333344444544444446445444444445444444544455445444444454455445544444455444444455544322223444322357434331111111111222222222111222222222222222211111233322211123333333433433323334444444343443334434443443
44443444434444444435344444444454444444455444454444444444444444555444444445444444444333434444344456544332111111111122222222111222222222222222211111233443221011233334433433334334344443333334334434343434
43443444334433444433334444444445545455454444444444554444443444444444444445444445454433444344444467655423211111111122222221111112122222222222221111233544333211233334433333443434333344333333434433343434
44443344444444443434334433333334445444455444434444444444444454454444444445554444455443443334444467764221111111111222222221111111122222222222221111344554455431113334443333433333333333332333334433433344
33434334433334334443444334334334344554554444444444443445544454345554445554454455455434444344444467764321111111111222222221111111111211122223322112444454454432211233343333333333333433332333333444443334
33444444333343444444444454344444444444444444444444334444443343345454545554444444455555454455545567665322111111112222222221111111111211122222322112445454443332222122333333233323333333332233333334344433
43333334344344333343443444344444444444443344434444444444344343344445455455555444445655444454545666665432111111112222222221111111111221122122322112444433333332223211123333333233334334322223333333344433
44334443443443343344344444333444333443443344344444444444344444334344344444554443445556544543444566665322111111111222222211111111112222224222322213544434333332243332222233333333344444334223333333343434
44433443433444344344434544333333434444443344444444444444334444333343443344544444444444533333444466666432211111112222222211111111222222234222222223543444444432243444333333433333343333334333334333344443
33334434344443434444444555444443334444444344433444444344444433445444454344444544433444443344444466666632221111122222222221111112222222333222222223433344444444444344444434433344443233333333343333443333
33334444443333334434444334444344333444454444344434444333333443443444453433434434333333344544444566666643222211222222222222212222222333434222222223432334444444544444544444444444543334433333343344444433
33434444333333333333434333334544334434444444443333333334433333344333444434433344334543444444445466665663232222344442222222222222333333434322222223343333443434444444453444444443445344433344343344343333
44355433444443444453434443333434443433333233454433343334444343443333433323344444433444434433444466666675233223456653222222222333333223444322222223433343343333344443443454344343443233344444453333333333
33324334333444434444444443344444443444343344444444433444344444444444443432343443333443444443445545566666333333567643222233333333332222333322222224633444344444454434443454454444443432344433342233433333
33333233333344434344334444344443443444333343443433434445444544444555453433333454444334444444444444456555654446876532221233333333222222234322222223434434564443344444444444444434433443443333232232323333
33333333333433344344333433444333334444344443443333344434544544445444443454344454543344444433344444455458865799986432221232233222112222223322222223334333444333434444334433434434333333432322333243223233
33334433333443344434433444343333433444444444444433344343343423444434443464344433334434444433344444443379865899987433222233333311112222222322222223333333334346433333433333343334333232343233342122221222
23334443233434444343333533343334444443344344444444444444344433343444453365344444345444444333333344443388875669986433322233333332122212222332222223434344443344333333333334333333453333454333342211223333
33333333333333334333333433433543343343333333444445444444455443333444443354433444444444444444444444434456785446654433322344433443222221222332222224434444434344334343444343444333333433554333333323334433
33332233333244332323333333344433433443443333444333443344445443444434433343444445445344444444444443445643575443465467422444333334422221123542222233434444443344344444444343343443345443543334443334443333
33322222332222333332233333434344333334333443333333332344444543434444444433444444333233454444444443434676454442499998632334443344522222114442222233433444343343444457535544444543345443443344443333333333
33322323333343333322232223433333233333333333333344333444445443334445444444433443334343344334434443334677543332399998632333443354542222124442222332443333232354344455435544444444444444444344443333344333
33322333333343333333333333443433333333322322444334433433345444434444444444444444333344344344444443344577432233399998532443333344452222125453222322333222332565344433434555443434434444333333343333444433
33223432333323322233323344433334333343333334534334333433344444434333343444333443443344333334443333443566432333499997533443433444353222124333223321233333333544534323434554343443334543433334343343454433
43323422323333222232223332232234343433333344433333334434434443323333334432333544554443344433333333443466433333389987423344334343355222233323333321234334333543434334454553334454455544434434443343453433
43333333244443222333343342223334333433334433433333333333323333332233434633333444433443433334433333333356543333499986423345433334456222233323333322454434445432334334543453335444554434323433333433443434
23433343333443223333343333333333333333333343333344443233322333333223344433323333333432332344444333222346654333499986433335333334367222233333332323463333434333433333323333333332344533323333234323433544
34433443223332223333433434332233333434343334443333443233333443333333343432333323333333332343333333333345554333399975332233333343476212233223332233374434324433443553343343135332344422223333234323433344
43334443323333433333333444333333433434433333333334433334333443333333333443333323333333433444333323333435554333399864323334333433466422233332222223463334334533334443333322245322332225333333233322323333
32323333323343343333344434433344444343343333333334443343433334443334333333343333333334433443322324444346564323487664333443234333466532333432222223332343233333323433332332234223233223323233324432332322
32333333423333344444343334333444333443344333334435343332343333434333333333344444433344323333333333343445555432576554333433234332565542223322222224332343232223233433343323223222432223323322434442331243
33244334333444554344422332223334433344444343334333334333344333444333334334433334433334334443443333333443555543686554333343233332565533323332222233333332232332323334533322223333332324322333444343322442
44344334444334454334432222212233343334443343233333444433334433334443444343333333333334334333343343343433554333776655333333322234655533322232222333332332223233223334433332232334423223321333343232322443
43434443443334444444433233233333332344432333332333434333433333334332343343433333333333333333344343443333454333876654333333332335655454323232222323333233423223333333333332243354444333332322232233233455
44443443333334444534433344333444333432333334433333332233333334433322233433444443334434333333443333443334366435866654333333333346655665333232122433233432333333445333332322223432243333313212211122222355
33433444322333433434333434444344433332342344333233333333333443333443333343434454334344333333333444344335455546866654343343333246555554333331122333223332223332323333222322234441122322223111111111132333
22333434443433232333333334444444343333433333333343333333444453333444334333444434444344333333334434344334445546766654344433333346554433323321122233233232223333333333223222234632222322122111111111112224
22234334434443232332333344444423432234443333332333333333334243233232433343333423434443433333344334433344345557766554333333434346654323233331123333223222124333333333223223223312222221122100111011111134
44334334333333332333332344443322222333343334443333333233333333333333334344333333334433333323233434433443345468766544343354433446654222233441123333233222223333233322322122112222221110122111111111112233
33322332334333333333422333433332222323432244443233343332334333333323544444444344334444344434232433444543445358766544333345434447665332334462123332223433233333233221332111111211111111111101111111014223
23423333343333443323423344333333333212222333443333333233334444454344544333344434544334444335443444334454445468766543333334333358666433223565223333333422332332321122121111111112101111101001111011113223
23332233343433433323434432433443333222343343333333344454334343444444444333334434544333334344443344344444444568754332233334333357655412333665423343332233332322221111111211111112101111101000111015423333
22342233343433332323333333423333333333423344333333434443333343344444433333323334434433444443333444444434443467555431234334443345543212334665523432333222233322111011111211111111111111001110111114334463
22432332442443332233434444333343332233443333333434454333343343334534343333323333333443453344443454544444443457666432234333333334332212336665423423332212212111111111111111110111111111111111132242243233
33333333333343333343444333333434432235544433344444554344444443434334344343344333433344433444434444433444443446765322333343333334333313435555423322332211111111111111111110100001000010111111243223443233
33343323333343333333333333443333333333444333444444443334444444443344343444334444444444434444343444433333443356875423333334334333343213444455333122211111111011111111001110100000000011111111222223333332
33333323332343333333333433344344333333344444444445444444343454444433344334334444455455445543444445444444333356877533334434334432443224455444322111111111110111111111111011111110000000111011122233333332
33323233333333444333333344433334332333244444433443433334444444344433344445444444454444344433334444334344333456876534434444443344343323366543211111111111110111111111111001111111000000111111111233332211
33223234333443434333233333333334333344334444433333533444544443333333334444434444433453344333333344334334334557876434433444433344333322354431110232211111111111111111111111111110001111111011111232232111
33323333333333333333332333233444443444334543333334534444444333343333443443334434343344333344333333433444544447876434334443444443433212553321111343331111111111111111111101110001111111111011011221111011
33233332334433344333323343333333433333434444334434444344433343344323333444444333333443333443443433433344443357876533334443433333454334453333333333321111111111111111111101110111111011111111111111111121
33343343323344433333433543333344343434544444444433354333333343444334343344333443434443343333444434344444443467877533433333333323344444233444422222111111111111111111110111111011111111111111111122233232
34344333333444433323433433333444343333444433443334444423333343334333443444433444443333434333333453333443433478866542233333333343233433233333211111111111111111111111111111111101111111111101111122333223
34333333333443434333433333443233333334444333433344433433434334433433543343433333443334444443443342233343333358866533333344433333323332322222111111111111111111111111111111111110111111111101211123333333
23333332333444334333333334344324443344323322333444323433344334334323533344544433334445644434433322343343333358766533333343323322332112311232212211111112111111112111111111111111111111111111642123323434
44323434335433333333333444355544444332233333333345444434543333333333453344544446434534433334433333333433334457766533333233332222233223433333323342221112111111122111101111111111111111111134442223323434
33333433344433334435433444444464333333333333343354434434533333343334343344444346444433343444433232233334444566666422232233322232223233443333333343321111111112232211111111111111111111121234223333433433
23423433344443333434444433333443333343333333433333433333533233433334433444344434333333332344334333333344444565665423232322312322233333344443334322111111111223322322111111111111111111122334333333333433
44333333444434333544343433434433343343333333233434433434433444324323433433334333343343433433444333433433333468766543333333211121112123333333323111111222233333333331111111111111111111233333333333333332
44433334343333334434343444334332433343444433334433433333343332323333332542332243232233433343333443333344433368755654333223212422222112233232221111113333333333333321111111111111111112232333332332223223
33344445343333445444434444434434543443334444434333455323333322233233343333233232334333333333444454334343533456554553333323333422221112222322232121233432233233333331111111111111111112333332333333323233
