22322222232233332222222222223323322333333332223345554444444455555555555555566776666666655666799999999999999999999999999964553333334444444566654333222223345676777653333444345555566666666677655556666666
22222222222223332222222222222222222222233333334455555444444455555554444456778766666665556678999999999999999999999999999954543333333444443355442222222333345666776654333333345566656666666787766666666666
22222222222222222222222222222222222222223333454444444444444444444444444446777666555555667899999999999999999999999999999854543333333334442123222122223343335566666665322222234566545566666666666666666666
22221122222222222221122222222222222222222334443333333444444544444444444455556665567778899999999999999999999999999999999854543333333334331122111122123322245555566665432112234555544556656555666666666666
12222112222222222221111221111122222222222233333333333333445554444444444455545555567889999999999999999999999999999999999845543433333333321111122222122222345555665555432111234555644455655666666666777666
11222112222322222211111111111112111122222223333322333344455555544445544455665556667888999999999999999999999999888999999745544433333333321112222221222222345456554444432111234455554445555666666666766666
12221111222222221111111111111111111111112222222222233344445666544444544455666678889999999999999999999999999998668999999645544433333333221112222211221123344455543344443211224445553344555666666666667766
22221111222232222111111111111111111111111222222223333444445555543334444444568899999999999999999999999999999997668999999555444433333322221111232212211123333444443445554211123444554334445566676655556666
21122222233432222222222221111111222111111122222333333334445555433333344456899999999999999999999999999999999996668999998565444433333332221101332223211222234444444455555311123434554333444456666655566655
11122322122222222222222211111111222222222122222233322333444555544433333469999999999999999999999999999999877886768999998654444433333322221111332233111222345444555555344311112333454333345566666655666665
11222222212222222221112111111111222222222211112223333333444555544443333589999999999999999999999999999999887777868999998654444333333322222111333332111122344444555554233211111233454323355556666555566667
23323322211222222221122211111111111222233221112223333333333444444443344799999999999999999999999999999989898878769999998544443333333322222111333332111223444445555552122111111233345323345456655556655566
32223332222222222211222221111111111112232222222233333333334444433333457999999999999999999999999999999978898868668999998433444333333322222111333321111234555444444431111111111133344322345445655555555556
22223332222222222111222222221111111112333333322222233333334444433333479999999999999999999999999999999878998767558999997433344333333322221112333222122356654444443321111111111122234322234435665555555556
22333322222222222111222222222111111122333333222122233334444444443344699999999999999999999999999998888668987766547999997532344443333322221112333233344567633234333211101111111112223322223334555555554455
44554322222233332211111112221111111223334433322233333333344433344446999999999999999999999999999988886668988766546999998642244444333322221113333234566776311123222111111111111112123322223434566555554456
44433332222334454432222222222111111233334333333444433333344444434479999999999999999999999999999988876678998645544899998653234444333322211113332334566664111122221111111111111111123321223434555545554466
33223333333333344543223334443222332333333333333333344444445555545899999999999999999999999999998887666678897434543898887763234443333322211113332333555542112221111111121111111111122321123433555444554455
33333333333333233443333333322233334555444332222333333333334444468999999999999999999999999888887776656777776433343897777763124443333322211123332222344322222222111111222211221111112431113433565445553455
33333333334433322333333323333333333445443334566533332333334445799999999999999999999999999998777666556866776422333797677763123443333222211123322222222222222222111111222211221211112331113423555346653566
33333333334433223333333333333233433444444337887433333323334568999999999999999999999999999999988766656766775422344687556663123443333322212233332222222232333322111122222212221221112321112323443346643555
33333333333332333333333333333333433445444457876666533333457899999999999999998999999999999999987777877766764332345676545652223433333222222233322222222233333322222222223212322211112221112323453345433445
23333333332223343333333344433334333444444567766655434557789999999999999999987777789999999998767766887776554332344566545652233443333222222333222222222223333333333333233123332221111211112223443245324555
32333333332233344333333333333333344444444577765544467889999999889999999999876666668999999877666665666665544332334455545542233433333222222332222222222222333333333333332233322222111211111113332345224445
33322223332234444444333333333333334444455666665555799999999998899999999998776555666789987776444555565555544333334344444542233333333222223322222222222222333333333433332344322222112211111112322343123345
22222222233334555555433333333333334445666666666677999999999988999999999988888655556689986665444445455555544333334333334432233333333222233222222222222222333333333444433443322322222211111112311332123345
22222222222234444444433333333333333456655555567899999999999889999999999988888767555669976666444444445455433333334433333332223333333222332222222222222222233333333444434443333332333211111112112221123345
22222222222234555443333333443323445555555444568999999999999899987899999988888876664557755655443444444455433333334333333332223333332222322222222222222222233333333444444443333333333222211111111211112344
22222222233345555433233333343333556655555544579999999999999999997799999988888977764565434444433344444444433333333333333322223332332222222222222222222223333333333444444443344433343222221111111111112333
22222222223344333333333333444333556554445556899999999899999999997899999888988987764464333334333334444444443333333333333222223332222222222222222222222233333333333444444444444444443333221111111111112333
32222122233333334443333334444444455543457889999999889999889999999999999889999886775553333333333334444444433333333332333222222332222222222222222222222233333333333433334444444444443333332221122111112322
32222222222333333333333334566655566655789998899988899999899999999999998899888887665443333333333334444444433333333222233222222332222222222222222222222333333333333433333444444444444433333222322111112211
33222222222333333333223445786557777778998888888888898888999999999998877788888877665433333333333334444444333333333222222222222332222222222222222222223333333333333333333344444444444444433333322221111111
33222222222344334332233468875588689999888888887888887789999999998777656677787877765433333333333334444434443333333222222222222322222222222222222222233333333333333333333334444444444444433344333322111111
23322211122333444333234699888997689888888888778888777889999999985566433345566766776543233333333333444434433333333322222222222222221122222222222222333333333333333333333344444444444444444444334332111111
22222122222233444333334699999997799888878888778877667899999999853443111223334554665443222233333333343334433333333322222222222221111232222222222223333333333333333333333444444444444444444443444331111111
22222111111234443333456899999987899888778886568776668999999999632321111122232333555443332233333333333334433333333322332222222111246776422222222223333333333333333333333433444444444444444444444321112211
12222111111234443334469999999986799877678765456666679999999999767754111112222233456544333333333333334444444333333333333222222112665777632222222223333333333333333333333333444344444444444444444322222222
11222111111234444557899989999985689876677655445676789999999999988874111111222223356544333333333333334444444333333333333322222126744565543322222233333333333333333333333333333344444444444444444322332232
11111111111223335799999988888985579876677655456877899999988999989975311111211222345543333333333333334444444333333333333322221268643344444432333333333333333333333333333333333344444444444444444333333432
11111112222222368999999988888875568976688666667888899998888999999886422221121112234543333333333333334444444433333333333322211576433333456653333333333333333333333333333333333344443344444444444433334432
11222222222224799999999987788885468987888777788888898888888888889876533222112211123443332222333333333344444433333333333322113763333333368764222333333333333333333333333333333334443333444444444434444332
11112222222479999999999986777775457898888888899998988888878766888866544322111211112333332222333333333343333333333333333222126643333332335785222333333333333333333333333333333344433344444444444444444333
11111223467999999999999986667776456899998998899998988888777667888766654432111111111122222223333333333333333333333333333221146433333333233597223333333333333333333333333333333344333344444444444444443333
11111236999999999999999865556677445799999998998898888778776678877666555443232111221222233333333333333333333333333333333221254323333333333487233333333333333333333333333333333344333344444444444444444333
11112489999999999999999864555666535679999888988898888677776777766555555554433334443344443333333333333333333333333333333221354223333333333564233333333333333333333333333333333333333344444444444444444443
22223899999999999999999974455666544567888889988788887767876666665544434444443455554444443333334443333333333333333333333221343222233333334432233333333333333333333333333333333333333344444444444444444443
22337999999999999999999986445555554446888888888888777656865544554444333434443444444444443333444443333333333333333333333222333322223333333432233333333333333333333333333333333333333344444444444444444444
33259999999999999999999876544455554445687888777986666556744433444443334433333333444444433334444443333344333333333322222222333332222233335532233333333333333333333333333333333333333444444433344444444344
33379999999999999999988777643444445444578877666654556556543333345444443443333333344433334434443433333344333333333222222232333332222223346522333333333333333333333333333333333333334444443333344444444334
22389999999999999877667877654334445444567766565444344455533333344444444344332433344332233333333333333333333333333222222332245332222222456322333333333333333333333333333333333333334444433333444444444334
11489999999999987655666776654333444444456655443333333344333333333344333333333334444332233333333333333333333333333222223332235433322222343223333333333333333333333333333333333333334344333334443343444333
11587788999998665555566666554333334444444544333333333334333334443344333333333234443332233322333333333333333333333222244333223444422233222333333333333333333333333333333333333333333333333334433333444333
23544455799996554445556666554333333454443344333223333333333454444334333333333233333333333222233333333333333333322222333333322245432232222333333333333333333333333333333333333333333333333344333333444334
55322233489975544455556666654333333354333333333222333333334555555433333333332233333333333223333333333333333332222223333223332223332222222333333333333333333333333333333333333333333333333344333333443334
33211122259854444455556666654433333344333333333223333333335655565443333332222333333333333333333333333333333322222333333222322222222222223333333333333333333333333333333333333333333333333333333333443334
33210111139843444444555666665433333334333333332233333333346554443333333222222333333333333333333333333333233222223344333222222222222222223333333333333333333333333333333333333333333333333333343334443344
44211111129743444444555566555433333333333333333333333333456544333332233222222333333333333333333333333333233222233333333322222222222222222233333333333333333333333333333333333333333333333333333334433344
33211111139633444445555555555533333333323333333222233333455433322222222222222333333333333333333333333332222222333333233332223222222222222223333333333333333333333333333333333333333334333433333344333433
34311111139533344444555555555543333333333333332222222233444332222222222222233333333333333333333333223322222222432232333332223222222222222223333333333333333333333333333333333333333344333333333333334333
34411111159433444444445555555554333333333333332222222223433222222222222223333333333333333333333222222223333333433322333332223222222222222223333333333333333333333333333333333333333333433333333333333344
34444211187333333344444555555555333333343222222222222222322222222222222223322332222233333333332222222344333444333322333332233222222222222223332233333333333333333333333333333333333333333333333333333344
35677421495333333334444555555555433333465322222222222222222222222222222223222222222233333333222222234433222343333322233332233322211122222223222233333333333333333333333333333333333333333333333333334334
45777632774333333333444555555555543334686322222222222222222222222222222222222222222223322222222222355322222223333322233322233322211111122222222233333333333333333333333333333333333333333333333333334333
56677535953333333334444555555555543236885322222222222222222222222222222222222222222222222222222222552222222222333322233322233322212111112222222233333333333333333333333333333333333333333334433333343333
66666568743333333344444555555555554336875332222222222222222222222222222222222222222222222222222223422222222222233332233322233322222211112222222233333333333333333333333333333333333333333334333333433334
46666788532323333444444455555555555335875333222222222222222222222222222222222222222222222222322224322222222222223332333322233322122111112222222233333333333333333333333333333333333333333333333334433334
56777775322433334444444555555555555435765332223432222222222222222222222222222222222222223333333334332222222222222332333322233222122211112222222233333333333333333333333333333333333333333333333334433343
56687752222443344444444454455555555445754332223323222222222222222222222222222222222222334444333344532222222222222232333332233222222221112222222223333333333333333333333333333333333333333333333333333344
66565322233344444444444444444444544445644332222123323321111222212222222222222233333333333333333345432222222222222333333332233222222222112222222222333332333333333333333333333333333333333333333333333344
66432222234454344444444444444444444444444333322222333432122112222233333333333333333333333333333345432222222222222323333333233222222222112222222222333332233333333333333333333333333333333333333333333343
66443223344343343344444444444444444444444433333332222343233234443344444333333333344543344433333344432222222222223323333332333222222222112222222222333332233333333333333333333333333333333333333333333333
67542234354343333344444444444444444444444443322222333233223345433333333333444444455543344333333334432111222222223333333332333222222222111221222222233322233333333333333333333333333333333333333333333333
68742333344333333444444444444444444444433333222112233233233333333333333344555544456543334333333333332111232222233333333322223222222222212111222222223322233333233333333333333333333333333333333333333333
89843333333333333344444444444444444444433222222222222233344333344444444555544444565433333333333333223213432222333333333222222222222222222111222222223322333333333333333333332333333333333333333333333333
88953333333333333333333444334444444444333322222222221234444433344444555554443333565433333333332222222246422234333333333222222222222222222211112222223322333333333333333333333333333333333333333333333333
56864542333333333333333333333444444444333332222222221124444433334444455543333333554433333332222222211265333333233333332222222211222222222211112222222222333333333333333333333333333333333333333333333333
23575543333333333333333333333344444444433332222222221124444323333333344443333333554332222222222222221353223222333333332322222111222222222211112222222222333333333333333333333333333333333443333333333333
23466554333332223333333333333333444444443333322222211223333222233333333333333223554322222222221222222342222222333333333332222111122222222221122222222222333333332333333333333333333333333344333333333333
33345555433333344334444333333333333444443333322222211222333222222222233222222223454322222222222222223333332222333333333332222211112222222222122222222222333333333333332333333333333333333333333333333333
44555555434444444445443333223343333444444333332222222222222222212111222221112222454222221222222222135432222223333333222332223221111122222222222222222223333333333333333333333333333333333333333333333333
56777655444444443456653333334666533344444433333222222222111111111111122221112222344222222112222221135432332223333333222222223222111111222222222222222222332233333333333333333333333333333333333333333333
78875444444334443346665443457778731334444443333223332222111111111111112222111122234322222222222221234333332233333322222222233222211111222222222222222222222223322233333333323333333333333333333333333333
77886333444555545444566543588888831233444444333333332222211111111111111122121112224322222222222211123343322233333333222222233222221111222222222222222222232233322233322233323333333333333333333333333333
44555433334555666544444446998743411133444444443333332222111111111111111111111112223322222222222211122333222333344333222222233222222222222222222222222222222223322233322233323333333333333333333333333333
33334333334444433344444589988533211123444544444333333222111111111111111111111111223322222222222211222333222343444443322222233322222222222222222222222222222223322223222233222333333333333333333333333333
33333332233333334444446898778653211223344444554432333332111111111111111111122222222322222222212111223333223444444443322222233322222222222222222222222222222223322333222233222333333333333333333333333333
44333322222233444444578887889875211233444455555433333332211111111111111111222222221222222222111111233433223444444453332222234332222222222222222222222222222222222222233233223333333333333333333333333333
33332222334444443223587689999853212233444555555433333332211111111111111111122222222222212111111111233333234444445553332222234432222222222222222222222222222222222222333233223333333333333333333333333333
33333334444445433334795499998422122223444555555433333332211111111111222211222222222222211111111122233333334444455553332222224554322222222222222222222222222222222222333333333333333333333333333333333333
33333332234555666645895299985211222223445555555443333333221111222222222222222222222222221111223222334333344444555653222222223666532222222222222222222222222222222222333333333333333333333333333333333333
33333322234444444456884498642212221112344445555543333333321112222222222222222222222222222221355543333233344445556653222222223566653222222222222222222222222222222222233333333333333333333333333333333333
33333333345544567887874443222221111112233345555443333333322111222222222222222222222222222222343333333333444555566653222222223566664322222222222222222222222222222222233333333333333333333333333333333333
43333333357776665557984222221111111112233445544444333333332211112222222222222222222222222222332223444444445555666763222222223677765432222222222222222222222222222222233333333333333333333333333333333333
55555444345677655567873221111111111112234444433554333333332221112222222222222222222223333333322233333333345555666653332222223676655653222222222222222222222222222222222333333333333333333333333333333333
55555566655544444567764211111111111122233344334555433333333221112222222222222233333333222333322222233333355556666664333222224677765544322222222222222222222222222222222333333333333333333333333333333333
33344554566766554566543111111111111222322333335555433333333222112222222223222333333322112223333222222332456666656664332222223677776423332222222222222222222222222222222332333333333333333333333333333333
44444444443445555565422111111111111222322333445555443333333322122222222333333333333211111222343333333222466666665664332222223567776533344322222222222222222222222222222332233333333333333333333333333333
56655544444444677665421111111111222223333334443444443333333322222222333333333322322111121122333333333223566666556664322233333555555444445432222222222222222222222222222332233333333333333333333333333333
55555443444434566556642111111222223322333344433444443333333332222233333333332222222222331245433333333333566666666654322233334555444333344432222222222222222222222222222333333333333333333333333333333333
44443333443345654445554332222222233333333445444554433333333332222333333333333333444445532555433332223323556666665544332233334555433344444554322222222222222222222222223333333333333333333333333333333333
33444333333334554344344444333222223333334445445676333333333333222333456654445445555544434555555443333335555555555565333233333555543233333455332222222222222222222222222333233333333333333333333333333333
33443333333344443333345554344322223333333344445556664333333333322344677644555544544434434545555554443356655444456775333333333666654333334455542222222222222222222222222222223333333333333333333333333333
22333455555566654433345543333322222233333333344556665433333334545555555544455555554444444444444445554355554444456774333333333555654334444455553332222222222222222222222222233333333333333333333333333333
22233555433456665544444444433322222233333333334444455544443344566666665555556776555444444443334444454344555555556554333333333455543335665434444433222222222222222223222222233333333333333333333333333333
22234443223456665444444555423322333333233333444444444555544444566676666666665555444556554443344444454445555555554444333333223334444334555433444444322222222222222223332222233333333333333333333333333333
22245654322335554333333444322222322222234444555555554544555555556666555555667764444555554444334444555545544444544444333332222335554443344444555556532222222222222233333222233333333333333333333333333333
34565533322334444333333444322222332222224544323457887533455544445555555554555555444455554444444454444445555665555544323332222235554443334445555567753222222222222222333222233333333233333333333333333333
78865322222234555433333334433332221222233445567787765444445544334455665544455665444456777655455554445555555554333334322322222224544443344544445666654222222222222222332222333333333323333333333333333333
55665432222234555322222334433222222222233467777654444433445555444555566655666666555556677655556555555555443333333334322222222223443344566543333455544322222222222222232223333333333333333333333333333333
33334433223346665443322333333322223333356655555443444444455554444555445667776566666665555554555555555554444333333333322322222223344444678864444444444432222222222222222233333333333333333333333333333333
33333333344433445554332333333322222345666433444444444444456654345666544678876566666655555555554445554444555433333333332322222222444445688875445443334553222222222222222233332333333333333333333333333333
