22222222223332222222222222223332222222222222222222222233333445555555544444455555544444578999999999999999999999999999999999745543333333334321121111122122222222345665555566667776532234445555555666666666
22222222223322222222222222222222221222222222222222222223334444444444444444544444444456789999999999999999999999999999999999645533333333333321112222221222222223445666666666666766432233444555555666666666
22222333233222222222222222222222221222222212222222222222334443333333434444544444445579889999999999999999999999997789999999545444433333333211122222221222222233456666666666666665422233344455555556666665
32222333333222222222222222222222221111221111112222222222233333333333334445555556678899999999999999999999999999976689999998455444333333333211122222212221122244455666665555555554322223334444544555666666
32222333333222222222112222322222111111121111111111122222223333323333334455666789999999999999999999999999999999966689999997455444333333322211112322222111112455555567655444555543222222333444444445555566
22222233333222222222111122222221222111221111111111111112222222222333344445679999999999999999999999999999998889867689999996554444333333322211012322232111234455555556655444555433222222233344444455555556
22222233333322222211222223343322222211221111111222111111122222233333334445699999999999999999999999999999998877778689999997654444333333322211113332331111233334444555554445444332211112223444444444544455
33322345543222222222332222222222222222211111111222221111223333333332333445899999999999999999999999999999999888788699999997544443333333222221113333321111222233344555554334433331111112223444433444555444
33333333333322212222222211222222222222111111111122222222221122233332333456999999999999999999999999999999888998787689999996344443333333322221113333321111122223334455553234334321111112223344333445555555
23333222333332222222222221222222221112111111111112222222221112233333333568999999999999999999999999999998789987676689999985333443333333322221013333221112233333334444432122233211111112223343333345545566
32223233333333333223332221222222222222211111111111122233322222233333334699999999999999999999999999998986789977665589999986333443333333222211113332222233445433334333321121232111111111122333333445455677
34333222223233222223332222222222211122222221111111112233222222223333335899999999999999999999999999888876789887664479999986422444443333222211123322334556665322233323211111211111111111122333233455445666
44322222222322222333322222222222111222222222111111112233333322122233458999999999999999999999999999888766789986555458999986532344443333222211123322334666664211122222101111110111111111112332223344445555
33222222222333334444432222222332211221122222111111122333443322222334699999999999999999999999999988876667789974445448988987632344433333322111133322334566653111122121111111111111111111112222222343445554
22222222223334445443333222234444332222222222211111233344443333344447999999999999999999999998899878766567778764334448987877642244433333322111133322223454432122221111111121111111111111112221222343455544
22222222333333333223333333333345543323333343222222233333333333444689999999999999999999999999987776665568667764223348976777631234433333222111233222222332222222221111111222111121111111112221122333455544
22222222322222333333333333333234443333333332223334454444433333357999999999999999999999999999998876666567667654223447875667631234433333222211233222222222222222221111111222211122111111112211123433455444
32222222232222333333333334443323333333333333333333455544433345799999999999999999999999999999999887777777667643223456775456521234433333222122333322222222232333221111112222211222112211112111123334665344
33222222232222333233333333433223333333333333333433444444446899999999999999999878878999999999997777679877765543323446665456522234333332222222333222222222233333222222222222212322222111122111123235653344
33343322222233333333333334333223333333333333333443444555579999999999999999998766666689999998876666657667655443323344555455522334433332222223322222222212233333323333332232123322221111111111133235432443
34444332233333332333333333223344333333333333334333445678999999998899999999987766666678999988765555555655555443333344444455422333333332222233222222222222222333333333333332233332222111111111122244323442
33333332223333333333333333223343333333333333333344556899999999988999999999888775555666899876754444454555444443333343334444322333333332222332222222222222222333333333333332344322222112111111111232123321
33333321123343333333223332233444444333333333333345678999999999889999999989888887664556799766654444444454444333333444333343322333333332223332222222222222222333333334434423443322222122111111111121122111
33333222233333333222222233334555555433333333333347899999999998899989999999888888766645687556654334444444433333333443333333322233333322223322222222222222222333333334444434443233332333211111111111111111
22322233322232222222222222234455455443333333333358999999999999999987999999888889776645654345444333444444444333333333333333222233333322223222222222222222222333333333444444443333333333222211111111111001
22223334333332222222222222234455444333333443333579999999999999999977999998889889877645543334443333344444444433333333333333222233323222222222222222222222333333333333444444443344433333222221111111111001
23334444433222222222222223344565543333333344567999999999999899999999999998899998867655533333333333344444444433333333333332222233322222222222222222222222233333333333444444444444444443333322211221111001
23344544332222222222222223344444333333333467899999998899999899999999999998999898866655433333333333344444444333333332222332222223322222222222222222222222333333333333334344444444444443333332223322211111
22344443332223333222222223333334545555446889988999888999999999999999988877888888776654333333333333344444444433333322222322222223322222222222222222222233333333333334333334444444444444443433233323321111
22444433322223333222222223444556567778889999888888878888889999999998876666788888777654333333333333344444444433333332222222222223322222222222222222222233333333333333333333344444444444444433343333321111
23444433322112233322222223457775688699999988888878888877899999999976665334456677767754332333333333344444444333333333222222222222222221122222222222222333333333433333333333344444444444444444443343321112
22334433322222223322222223589888997699888888888788887667999999999744542122233445556654332223333333334444444333333333222222222222221111222222222222223333333333333333333333344444444444444444443443321222
12223333332222223322222223699999987899888888887678776578999999998422211111223333345554333322333333333444444333333333223222222222111134554322222222233333333333333333333333443444444444444444444443322322
11233333322111223322222245799999987899887788875577676689999999998556542111122222334564443333333333333344444443333333333332222221112577877422222222233333333333333333333333433343444444444444444444323333
12344433222111222222222358999999986799876687754456676789999999998888752111112222233565443333333333333444444443333333333333222222126645676532222222233333333333333333333333333343344444444444444444333334
12334432222111111222224799988999985699877787555456777899999999999889853111112112223455433333333333333444444443333333333333322221268543455433432332233333333333333333333333333333344444444444444444333444
12344432211111111222369999988888975679876687665567878999999888999999864222221111122345433333333333333445444444333333333333222211577533334445643333333333333333333333333333333333344444444444444443444454
12344432111111111136999999988888875568987788776778888899988888999998775322221112112234433322223333333454444444333333333333222114764333333477653233333333333333333333333333333333344443333444444444444443
12455532111111111489999999987787885468988888887899988988888888777898666433221112111123333322223333333444433333333333333332221126643333323357773222333333333333333333333333333333344433334444444444444444
13455543111111126999999999986777775457999988998899998988888787668887666544321111111112222222233333333433333333333333333332221156433333332334795223333333333333333333333333333333344333344444444444444444
12355543111111489999999999986566776456899999998999998888888776678776666554432221111212222333333333333333333333333333333333221265323333333333695223333333333333333333333333333333333333344444444444443444
23455321111136999999999999875556667445799999998998998888777776777766555555544332334333333333333333333333333333333333333333221453223333333333673233333333333333333333333333333333343333344444444444443444
22222111112599999999999999874455666545689999899988888887667877767665444445444434555544444433333444433333333333333333333333221543222333333334542333333333333333333333333333333333333333334444444444444444
22222111236999999999999999985445566544567888889888788877657765555554444334444434444454444433334444433333333333333333333333222433222223333334432333333333333333333333333333333333333333344444443344444444
22334444589999999999999999996444555554456888888888887766557644434444433334333334334444444433344444433333443333333333223322222433322222333334432333333333333333333333333333333333333333344444333344444444
22344323899999999999999999976544455454445787877767775656556543333344444434433333333444455434344434433334443333333333222222232333332222233346422333333333333333333333333333333333333333443444333444344444
23333226999999999999999988877653344445444678776565544555456433333444344443443323433344443333333433333333333333333333222222332344332222223466322333333333333333333333333333333333333333433433333443333344
34432249999999999999987777787654334445444567665554333343444333333333444443343323333333332333333333333333333333333333222223332245333322223454222333333333333333333333333333333333333334434333334433333444
33322259999999999999865666777654333444544456544433333333343333333333443333333333333333322333323333333333333333333333222233332234444322222332233333333333333333333333333333333333333333333333334333333444
33222379999999999997555566666654333334444444444333223333333333444443343333333332333333333332222333333333333333333222222343333322355322332222333333333333333333333333333333333333333333333333334433333344
33346788889999999865544556666655433333454343343333223333333334555554333333333322233333333333233333333333333333322222223333223322234432222222333333333333333333333333333333333333333333334333333344333443
43566665556679999755445556666665433333354333333333223333333345555665433333332223333333333333333333333333333333222222233333223322222222222223333333333333333333333333333333333333333333333333333333333433
33433432233337997554445556666665433333344333333332233333333346554444333333222223333333333333333333333333333332222223443333222322222222222223333333333333333333333333333333333333333333333333344333334433
33333311122225996444444555666665433333334333333332333333333355544333333332222223333333333333333333333333332232222333333333222222222222222223333333333333333333333333333333333333333333333443343333333333
22333311111113995334444455566655533333333323333333333233333455433322222222222223333333333333333333333333322222222333333233322222222222222222233333333333333333333333333333333333333333333443333333333333
33333211111112984344444555566555543333333323333333222222334544332222222222222223333333333333333333333333322222222432332333332223222222222222233333333333333333333333333333333333333333333344333333333333
33223311111112984334444555665555554333333333333332222222223433222222222222233333333333333333333333222333222322223433222333332223222222222222223333333333333333333333333333333333333333343334333333333333
22334411111112973334444454555555555333333333233332222222223322222222222222223323332332333333333322222222334333344333322333332233222222222222223332333333333333333333333333333333333333343333333333333333
44544422211104963334444444555555555433333344222222222222222222222222222222232222322222233333322222222224443222444333322333322233222211222222233222233333333333333333333333333333333333333333333343333333
22224555321117943333334444455555555533333476322222222222222222222222222222222222222222233322222222222255322222333333322333322233322211111222222222233333333333333333333333333333333333333333333443333344
32223677752139733333333444455555555543335795322222222222222222222222222222222222222222222222222222222552222222222333322233322233322112111122222222233333333333333333333333333333333333333333333443333343
32223677764379533333333444555555555554336885332222222222222222222222222222222222222222222222222222223522222222222233322233322233222222111112222222233333333333333333333333333333333333333333333343333343
33334666656897333333334444555555555555335875433222222222222222222222222222222222222222222222222222224322222222222223322333222233222222111112222222333333333333333333333333333333333333333333333333333433
34345666678984333233344444455555555555435766333222332222222222222222222222222222222222222223333332334332222222222223322333222233221122211112222222233333333333333333333333333333333333333333333333333333
33335676778853233333444444455555555555545765332224432222222222222222222222222222222222222234444333344432222222222222232333222333222222211122222222222333333333333333333333333333333333333333333333333333
33446678777532245444444444455555555555545765433222223322322222222222222222222222222232233333333333345432222222222222223333232333222222221122222222223333333333333333333333333333333333333333333333333333
55456557764222345444444444455455555554445754433221123334432122111122222222333333333333333333333333455432222222222222333333232333222222222122222222222333332333333333333333333333333333333333333333333333
55456643322223334334444444444444455544445544433322222222343233223443344444333333333334443344433333344432222222222223333333332333222222222122222222222333322333333333333333333333333333333333333333333333
55456533322223444333444444444444444444454444444332332332233223345533333333333443444455554344433333344432112222222223333333322333222222222111221222222333322233333333333333333333333333333333333333333333
44457643222334443333334444444444444444444443333322222233323223444333333333344455454456543334433333333332111222222233333333322333222222222111211222222233322233333333333333333333333333333333333333333333
45678753222334433334444444444444444444444443322222212222233334433344444444455555444466433333333333333223213432222333333333222222222222222222111222222223322233333233333333333333323333333333333433333333
45668973332333333333344444444444444444444433322222222222234444433344444555555544333565433333333333222223236422233333333333222222222222222222111222222223222333333333333333333333333333333333333443333333
45546984333333333333333444444444444444444333332222222221123444433334444455544333333565433333333222222212365333333233333332222222112222222222211112222223223333333333333333333333333333333333333443333333
33444884333333333333333333333333444444444433333222222221123444432334444444443333333564433322222222222221353233222333333322222222112222222222211112222222223333333333333333333333333333333333333333333333
33444575453233333333333333333333344444444444333322222221123333322333333334333333333455422222222222222211342222222333333333322222111222222222211112222222223333333333333333333333333333333333333333333333
45544467654333333222333333333333333444444444333332222221222333322223332233322222233455432222222222222223333332222333333333322222111122222222221222222222223333333333333333333333233333333333333333333333
33333456654433333333333333444344444333444444333332222222222233222222221222221112222355422221222222222135432322223333333223332232211122222222222122222222223333333333333333333333233333333333333333333333
33433334554543443333333333344556655433344444433333222222222221112111111122221112222234422222112222211245332222223333333222222233221111122222222222222222223333333333333333333333333333333333333333333333
44443333455544444555555433344444466653344444443333222332222111111111111112221121122223432222222211221234333322233333332222222233222111112222222222222222223332223333333333333333333333333333333333333333
44443346776555456777765434444444788884233444444333323332222211111111111111122222112222432222222112211233343322233333322222222333222211112222222222222222222332223222233333333332333333333333333333333333
44332344444444457887533434334458998883123444444444333332222211111111111111112211112222332222222222211123333222333344333222222333222221122222222222222222222222233322233322223332233333333333333333333333
54433223334444457887643444455688974341123344444444333333222211111111111111111211111222233222221222211122333222343444433222222333222222222222222222222222222222233322233322223332233333333333333333333333
43333222233444344555443333457998853331113344444454433333322211111111111111111122222222222222222111111223333223444444433322222233222222222222222222222222222222223322233322223322233333333333333333333333
34443322234555333333433333589877866421123344444555443333333211111111111111111122222222222222122111111233432323444444443322222234322222222222222222222222222222223222222223223322333333333333333333333333
33333343334455444333333224788789988521223344445555543333333221111111111111111122222222222222111111111233333334444444543322222245432222222222222222222222222222222222222233223322333333333333333333333333
32345566666664444443332236868999974211223344455555543333333221111111111112221122222222222222111111112233323334444445543322222235543222222222222222222222222222222222222333333332333333333333333333333333
22244578999864333333322358759999632112222344455555544333333321111222222222222222222222222222111122222334333334444555532222222225554322222222222222222222222222222222222333333333333333333333333333333333
33333467887653333333333468649996321122222344555555544333333322111222222222222222222222222222221245533343333344445555532222222224555432222222222222222222222222222222222233223333333333333333333333333333
33433234432223333333333478659753222221112234334555554333333332211222222222222222222222222222222354443333333344455555532222222224666542222222222222222222222222222222222233333333333333333333333333333333
34566643333344443333333578534222221111111123334555444433333332221111222222222222222222222222222332223444444444555555532222122225666654222222222222222222222222222222222233333333333333333333333333333333
22345665444554333333334587322211111111111223444554345433333333221111222222222222222232222233332332233333333345555555533322122235566666532222222222222222222222222222222222333333333333333333333333333333
33467755444444444433344686222111111111112223434443455443333333321111222222222222222333333333333322222233333345555554433332222235777777753222222222222222222222222222222222233333333333333333333333333333
34556555554444555555555675211111111111112223334433555543333333322111222222222332233333332211223333222222332345555554433322222236777667765322222222222222222222223222222222232233333333333333333333333333
43334444444444444455566764211111111111122232233334555544333333332211222222223333333333321111122343333333222345555554443322222235666566665432222222222222222222222222222222332223333333333333333333333333
43332333344444443334446653211111111111122232233344445554333333332222222233333333333332211111112243333333323355555554553222322235666666654443222222222222222222222222222222333233333333333333333333333333
64333333333444444444445653111111111222223233333444334444333333333222223333333333322222222222212433333333333355555556653222333335555555555454322222222222222222222222222222333233333333333333333333333333
65444433333345555666555665321111122222333333334444344444333333333322233333333322222222333343245533333223333355555566653322333335545555555555532222222222222222222222222223333333333333333333333333333333
54445554322334445555444566533332222223333333344554444444443333333322233333333333334444444553355444433333333455555566653333233335665544344455643332222222222222222222222223333323333333333333333333333333
44444443222233444434334455544554432222333333344544454444444333333322233344445555543445555543455554444443334555555555653333333335665444444445554332222222222222222222222333332222333333333333333333333333
65554444222233333344444444444444432222233333333433444443444443334432233445556666655444555544455555555554435555554445543333333335554555555545555432222222222222222222223322322233333333333333333333333333
77776443222212223344334444444544322222333233333433333332234455555655443344555566655567776454455445544444434555544444543333333334555655555544555543332222222222222222223322222333333333333333333333333333
77765433333322222223345565556665433233433333333332222333333444556666543333455666655566665455445554444455534455554445553333333233577765555555566654333222222222222222223333222233333333333333333333333333
55555444333222222223345543345666544434443333333332222333333333444455554443444566665555555445555555444433334444444445553333322233367665456666666655443222222222222222233233223333333333333333333333333333
54544443332222222223444432345666544433344443333333333333343333444444455554444456667666666666655555444444434434444445553223322223255544444556665554433322222222222222233233222333333333333333333333333333
55443344322222222224565433223555443333334443222333222223345555555544455555555556666666666666665554445665432333444445555222222223234334443344444444333332222222222222222233222233333333332332333333333333
55432333222234454566553333233444444333334333333332222223455543345677654355555555565555555556666554445555433333445554554222222222233333333333344555444333222222222222222223222333333333333333333333333333
76432222223345567887532222223455543333333333333222212223444455678887643345555444455555555455666554445666554434445444444223222222234433333333445555444333222222222222222222223333333333333333333333333333
54433222245665434455544222223456642222233443322222222233345677776554444444555544455566665555666555455677766445555545555323221222223433333333445554444333332222222222222222233333333333333333333333333333
33333333333443333333333333334666554333223333333322222234566666654344444444555544555555666677766666556666665445556555556423221222222333333333344443344445543222222222222223333333333333333333333333333333
33333444443344343333333344443444555433333333322222234567754444444444444455555444566555567877656677666655555555555555555332221122222344433333444433344457775322222222222223333333333333333333333333333333
33333344444444333444544444433455554443333322222222223444333444555444444445566445566655467888766655555555555555555555444332221122222333333233344444444467887433222222222223333333333333333333333333333333
44432333334444334565555554444444445543344321223345433333334455544444445445555444556665578888665555566655544555666665544432221122222333322233344445554577886543322222222223333333333333333333333333333333
