44443334444433357875444433344444444444444444444444444899973246556555555443334455556765567998557999843444555445555555555555555555555555555555455555555555555544444446775333333467765444444566433344455444
44443444444444456765444333344444444444444444555444445899973246557765555554444445556665578998567899843555555555555556545555556655666666655555555555555555555555555556664444444566655555554555555555555555
33444455554455555555555544333444444555566666665555656999984246555555555555555555555665589997368889843566666555555555555555555555555555544455455555555555555555554555555555555555555555555566655555556665
45555545555444555545555555555555555555666666566666656999984255555555555555555555566665589996358889833555555555555555555555555555555444544444445555555555555555555555555555555555555555555555555555566655
55555545544457888877555444555555555555555565555556666899984255554555555555544555555555589996467789833555555555555555555555555555555444455445555555555555555556555555566655555555555555555555555566556655
55555555555556777776555555555555555555555555555555666899984245543455565555555665565564589996557789733555556655555555555555555555555555555555555555555555555556666666665555555566665555555555555555444555
55555555555555555445555555555555555565556666666555555899994245554456555566666666555553489997547789733555555655655555555555555555555555555555566665566666666666666666666666666666666666556555555554445445
44445555555555555555555556666666566666665555555555556799995245555455555555555555555553489986436789623566566665666556655566655566555555555666666666667766666666666666666666666666666666666666655555555555
55555555555555555555555555555565555555555555555555555699996344566545665555566666665553478875435889534566666666665556666666665555666666666666666666677776666666666665555556666666666666666666655555555555
55555555555555555555555555555555555555555555555555555699997344566545555556666655666663377766446788534666666666666556666666666555556665566666666667776666666666666665555566666666666666666666555555555566
55555555555555555555555555555555555555555555555666555689998555556544556666666666666653378765456788534666666666655555666666666666666655555666666666777666656666666555666666666677666666666666666666566666
55555555555555555555555555555555555555555555555555555689999655555555456666666666666663488766556788535666666666555566666777776666666666666666666666677666666666666666666666666666776666666665666655567766
55555555555555555555555555555555555555555555555555555689999754455555456656666666666664478777556788655555666666566665566666666666666666666666666666666666666666666766666655555667776666666666666655566665
55555555555555555555555555555555555555555555555555555689999865554455445566666655555665478777446679755666666666666666666656666666666666666665566666666666666666666666655555555666666555666666666666666655
55555555555555555555555555555555555555555555555566555589999865554444444566655555555666579885535688436666666655666666666666666666666667666665566666666666555556666666656666666656665566666556666655555665
55554555555555555555555555555555555555555555555655555689999975544333443556655666656656579875434697346665566666666666656666665655555666666655555555666676665666666666666666666666666655555556666665556666
55555555555555555555555555555555665555555565555555566689999976544322333456556666666556679865444697446665666666566666555666665555555555555555555666555666666666666555665556666665555665555556666555555555
55544455555555555555545555555555555565555555555555555579999986543322222245656666666557678876534796456666666555556666666655555555655555555555555555556666666666665556666555666665555555565666665555554445
55444445555554444444444455555555555555555555555555555579999996544322211125555556566556668888645897566666666556666666666555555555665555555655555565555667776666655556665555666666655555555556555555555555
55455555555544555555555555555555555555555555555555555579999997544332111113555555555556679987655996466666665556666666666555555555566666666655555665555555566666665555565556666655555555555556655555555555
55555555554445555555555555555555555556655444555555555579999998544432111101455555555556778876547996655565555566665555566555555556666666666666555555665555555555555555556556666555555656665555555556666655
55555555555555555555555555555555555555555555444455555579999998544432221000355555555557778987669985555555555555555555555444555555555556666666655555555555656655555555555555555555555555666666666666666665
44455555555555555555555555555555555555555555555555555569999998644333321111145555555557678888899965555554455555555555554444444445445555555555555555555555555555565555555555555555566666555666666666666666
44444455554445544555555555555555555555555555555555555568999998654355544432124544556557678999999965545443454555555555444444444444444555555555566665556655555555666555555555566555555555555665556666666666
44444445454445544444555555555555555555555555555555555557999999755677755432113555566566568999999655434333444444445444434444444555445555555555555555666666555555555555555556666665555555556666555555566677
45555555554444455554444445555555555555555555555555555556999999878888877543355666677676578999997554433323334444444444445554445555444455556666665666666666555555555666566665666655555555555666656555567777
55555555555555555555555555555555555555555555555555555556899999888777777787788888877687579999986443332223233433444445555555555455555555445555566665556655555555555666666666666666555555556665555555566655
44555555555555555555555555555555555555554445555555555555689998776666665777777788866687579999976433222222233333344444445555455555555555555565565555555554555555555555555555555665555555667765555556666666
45555555555555555555544433344556666655554455555555555555689877666666777777666778765588789999865332212121232223344444444555555555555555555555555555555555555555555555555555555555555555566555556666666666
45444444455555555555544433445555666555555555555554555567888777677766667777776666665579889999864222111111222232344444434555555566555555555555555555554555554555555555555555555556555555556555555555566666
55555555555555555554444445555555555555555554445555555568867777777667667777766665556558988988753221111111222222345544324555666556655555555555555555555555545555555555555555555555555555556565555555556666
55555555555544455554455555566555555555555444345555555788756677776667776666665555556646987788642221111111112112245554224555666666655555555455555555555554555555444555555555555555555555554455555555555555
55554454445555555555555555555555555555445555555555678877677766666667666666655554455543676566432211111111111111245553223444566556665555555555555555555555555555555555555455555555555555555555555555555555
55555555555555445544445554455555555555555555556678887777777666667676666665555444445532256545422111111111111111234542223334555456666555555555555555555555555545555444555445454455555555555555555555555555
55555555655555555444455554455555555555555555678998767888876666666676666666555444445532256544322111221111111111134431222234554345566555555555555555555555555555555555555555544455555555555554555555544555
55555555555555555555544444445555555555555556878888788887776666666677766666555544334431235443222222221111111111123311122223443345555555555555666555555555555555555555555555555555555555555554555555555555
44444455555555555555544444444455555444555567777778888877766666677777766666666665444332123333222222222121111111112211111123332234455555555555555555555555555555555555555555555555555555555555555556776545
44343344444444455555444454444555555555555567778888888776677667777677787777776665444332122233222233322222211212111111111122222234455555555555555555555555555566555555555555555555555555555555556777544457
44444444444444444444444444445555444455555568888888877767777667777788776555666655333332222222222233333333222222111111111122222233445555555555555555555555555665555555555566665555555665655566677765445666
44444444444444444444444444334455444455554589888888776666667677777787655555544455433332222222122223333333333332222211111122112233455555555655555555555555554455555555555555655555555556666666665555556666
44444444444444444444444444444434444444455599888888776777777777777777655555554433333332222222222222333333333332223211111111112223445554455555555555555455544555555554444554555555555556766555544455666666
44444445554444554444555555544444333444455568888888777777666777767777776555554443323332222222222222333333333333333222211111112223344444555566665566655555545555555455555554555555555566555555555566666666
44444444455445554445555554443334444433455448988877777776677777767777877556554332222332222121221222233333333333333222211222122222334444555555556665555554444444444555555555545666666554555566555555666666
44444444444445555444444444431223344323333259888876677766677765677888888555554332222332211111221222223333333333333323212321222222233334555555555555554444444444444455555555445676655555666566555665665655
44444444445555444444444445543333333333223379888776777666676675368889997455544333222232211111211222222333333333333333223322222222222234555566655555555544555555555555555666555554345565655555566666666555
44445554554445555555554445554434443211123588877767777766666667778777664333333333222233221122211222222322333333333333333323322222122234555554444444554455555555555556656676655665556655666555566666665666
55444444444445554444555554455555554333445788776677766666666667985443321111112233222223222123322222222222222333333333333333332211111234444444344444444555555555555556777766667776665555666666566666666666
44444444444444444555555555554555555555556877766777665554555678874211100000011123322223222223322222222222222233333333333333333211111233444444444455555556776666555676678876666665555555566677666677766666
33344444444443334566654555444445555555567765556766655444565358852111111111001123322222222212222222222222222233333333333333332211111223444444455666666677765554445787788766666655566666666666777777666666
44444444445443333444555554444555544455666555566655554445676557752223111000001112222222222212222222222222222223333333333333333211112233334566666655666665554676567897677556665555566666666666677887766666
44444444555444444444555544445555455555655555445555544356666666664344211000000112222222322102212222223332222222333333333333333321122222234565443333333446764688777887766655566666666677776666677777765555
44444444455555555555544334555555455666655544434554444356666655665444321111000011222222222102212222222333222223323332333333333322222211123443222222223457655677666666666655666666666778887766777776666555
44445554445555555444444445555455567777776654334443234456666444433444332111000112222222222111211122222232222223322332233333333332222221112222222233334455566666566666666666666666666777888777778766555555
44455443444444554455554444566555566666666554333432234556654344333443332211122222222222222111221122222222222223322333233333333333322222222222212233344344555555555566677877788766777777788888877766655444
55555555444445544455443444467666776655555544433333344455443333333333322222233322222222221111221122222222222222222333333333333333333333323333212223444334445555555555677888888666677777777778766666666543
45555566555444555444443333457779986555555554444444444544333333333233222212222222222222221121122122222222222222222232333333333333333333333333321122343333445555555566677777677666666677777777765556666664
55555555555444554334443345688999998655544444334444444443333223322222222111122212222222221121122222222222222222222222232323333333333344333344322112333334445555555677888876666566666667776677665566666665
55555555554555544333334468899999999975664344333444434433333223321222222111122211222222221221111122222222222222232223223223333333333444333343332111233334444555566678888877776667667766666666666666666666
45555555444444444334555579999889889875553333333334433333322223222222222221122221122222221221111112222222222222222223223223333333333344333333333211123344455555666666777766676666667776666666666666666655
45555555433455543333445799998789977754443333323323343322222222222222222222122222222222212211121112222222222222222222223222333333333333333333333321112344555555666666667656666666666777666666666666666555
44444444444455433444358999998789898656654333322322333322222222211222222221222222222222212211122111222222222222222222223222333333333333333333333321112334555566666666556656777766666666666666666655555554
44444444443334555565699999998789998766544333222232222221112222212222222211222222222222112211121111222222222222222222223223333333333333333333333332111233455556776555556667777766666666556666665555555544
44455444445555555667999999999999998765434433222233221111112222112222222111222222222222212211111111222222222222222222223323333333333333333333333333111123344556776555555667777766665555556666655555555444
54444444566544456666779999999999998764333432222223221111111221112222211111222222222223112211111111222222222222222222223322333233333333333333333333211123334445665555556666777777666555566666555555554444
44444445555554456755559888888876677743333332222222221111111221112221111222222222222232111221111111222222222222222222222322333233333333333333333333221123333444455444556556666777666555566665555554444433
54444555555555556734458677766543357753333333222222221111211111111111111221122222222222111111111111222222222222222222222222223223333333333333333333321122333333344444555555666677666666555665555544444433
54444455555555568424347466543221124663333333322222111111111111111111111111111211111222211111111111222222222222222222222222233223333333333333333333321112233333344334555555566666655555555555555444444433
55544555666666676214335355321111100375333333321222112211111111111111111111111111222232221121111111122222222222222222222222223223333333323333333333332111233333333333455555555656555555555555555444444443
55545566566665565213334354200000000057433333331122112221111111111111111111111112222232221221111111112222222222222222222222222233333333322333333333332111233333333333344444556655655555544555555554444444
44554555445655564213233342100000000028533233332122112431111111111111111111111122222232221121111221122122222222222222222222222233333333323333333333332112333333333333333344455655555555554455444554444444
44433443445555553222232232000000000017522233332111223552111111111111111111222222322222221111111211122111122222222222222222222333333222222333333333332112333333333333333333445655555544555555554444444433
44444444444444543222232231000000000027522333333111222552211111111111111122222333222221121211111111122211122222222222222222222233332222222333333333332212233333333333333333444555555555555555554454444443
44445555444445443223232231000000000046422333333211122342321111111111222222332343222111132211111111122211122222222222222222222222232222222333333333332211233333333333333333344454444454455555555544443333
44445544555445543343232331100000000255323333333211122232221121111122222223322233221111132111111111112211111222222222222222222222222222222323333333332211233333333333333333333444444444455555555444444333
55555555554445544443332332221100013455323333333211112221112221122222223333222233221111121111111111111211111222222222222222222222222222222222333333332211233333333333333333333334444444455555554444444433
55555544444445554433322333333211234443223333333221112222222111121222233332222232221111122111111111111111111111222222222222222222222222222222222333222211233333333333333333333333333444444555544444444433
55666555444444455333333333333333444422223333333221112222222112221223222332211122111111122111111111111111111111122222222222222222222222222222222222222211223333333333333323333333333333344444444455444433
55556655444444555533333333333444443222233333333321112321111113321122222221111113211110121111111111111111111111122222222222222222222222222222222222233211223333333333333222222223333333333444444455544443
44445655444444555643433332233333222222223333333322112211100012321122111111111112211111111111111111111111111111122222222222222222222222222222222223333221233333332333322222222223333333333333444444444333
44445554434334455654433332222111222222222333333332122221100112221111111111111111221111111111111111111111111111122222222222222222222222222222222233333321223332222232222222223222333333333333333444333333
44444444445555556654433332211111222222222223333332122221101111211111111111111111111221111111111111111111111111122222222222222222222222222222222233333321223333223332222222222222333233333333333333333333
45555444455555555654433332321222222222222222233332111122101211111100111111111111111221211111111111111121111111122222222222222222222222222222222232223222223322223322322222222222233333333333333333333322
55444444455455555644333333321222222222222222233333111111111211111001111111111111112221211111111111122221111111122222222222222222222222222222233332222222223222223322332222222222233333333333333333332222
55443333454444455754433333222222222222222222223333222112111111111001111111111111112322211111111111122221111111112222222222222222222222222222222333332222122322222222222222222222233233333233333323333222
55444445555544455776543433111122211222222211222333211112211111111001111111111111122322211111111111111221111111112222222222222222222222222222222333332222122332222232322222222222223332233223333322332222
55555555555555555789876553111122111122111000112333211112211111111001111111111111123332221111111111111221111111111222222222222222222222222222322333332222122333222222322222222222222322233332233332223222
54444455555555554579988764222222111110000000011233311112211111111111111111111111123321221111111111112221111111111222222222222222222222222222223333222222123333333332222222222222222222223322222332222222
44444444445555554456899864222222331000000000001233311111111111111111111111111111223211121111111111112222111111111222222222222222222222222222222333322222123333333222222222222222222222222222222222222222
44434444444444444455566654323445531110000000011233321111111111111111111111111122333211221111111111112222111111121222222222222222222222222222222333222222122333333222222222222222222222222222222222222222
44444444434444444445554544455555541000000000011233321222111111111111111111111233332222211111111111111222111111111222222222222222222222222222222333222222122333333222222222222222222222222222222222222222
44444444444444444555555444444455321000000000111233321222111111111111111111123444321222211111111111111112211111112222222222222222222222222222222332222222222333222222222222222222222222222222222222222222
55544444444444444555555544445554431110100001111343321222211111111111111112344443211212331111111111111111211111112222222222222222222222222222222222222222222222222222222222222222222222222222222222222222
44444444444444444444445555555455531111110001111343321222211111111112232234444421111234553111111111111111111111112222222222222222222222222222222222222222222222222222222222222222222222222222222222222222
44444444444444444444455555554442111221011001111343311222211111112222333455542111112455555321111111111121111111112222222222222222222222222222222222222222222222222222222222222222222222222222222222222222
44444444444444444444455555544321111221111111011233211222211111122211011123211111235554555542111111111122111111122112222222222222222222222222222222222222222222222222222222222222222222222222222222222222
44444444444444445555544444544212222221111111011233211222211112222111111111111123455555545664311111111112111111121111222222222222222222222222222222222222222222222222222222222222222222222222222222222222
44444444444444444455444445633122332211111111011223211222211122221112221111123345555555555666532111111112111121111111112222222222222222222222222222222222222222222221222222222222222222222222222222222222
44444433334444433344444445652234443321111111111233211222212222111223323323335555555555555666753211111112111112211111112222222222222222222222222222222222222222222221122222222222222222222222222222222222
44444443333443333444444444555444465542110111111233211222222221125532445455434555566654555556775322111112111111221111112222222222222222222222222222222222222222211122222222222222222222222222222222222222
33445544444444444443344444444556665432111111112233211222222223455543455554335555566544455555555432111122211111122111112222222222222222222222222222222222222222211122222222222222222222222222222222222222
44445454454444455554443333434455543321111111122222111222222345555443455544455555555554455555555543111112211111122111112222222222222222222222222222222222222222111112222222222222222222222222222222222222
44444445554334444444433333333444332211111122222222112212244444444443455555556655555554555566555555321112211111121111111222222222222222222222222222222222222221111111111222222222222222222222222222222222
44433444554344444444444444422333221111111222222211111113344444444543455554456665555445556776555555542112211111121111111122222222222222222222222222222222222211111111112211211221222222222222222222222222
44444444444455444444444444543222111111121112233332222334455544444443455544455555554444555665545555565311221111122111111122222222222222222222222222222222222211111111111111111111112222222222222222222222
44444444443444444444554444455432111111111112333444444444444444444444444444555555555555555566555555455532121111122111111222222222222222222222222222222222222211111111111111111111112222222222222222222222
44444554434443333334554445555544321111111123344444444444455666555554555556655544445665555555555554455543222111112111112222222222222222222222222222222222222211111111111111111111112222222222222222222222
44544544444433444444444445554443333211112344444444455444555544455444555556555555555654445555555555555555422111111111112222222222222222222222222222222122222111111111111111111111122222222222222222222222
55444444566544455544444444444433344432223433334445555455555445555555555555556666555554455555555555555556622121111111122222222222222222222222222222221122222211111111111111111111122222222222222222222222
55433445555444444433444544554444445544444444444555554455555555555445555455555555555555555555444444555556741222111111112222222222222222222222222222222122222211111111111111111122222222222222222222222223
54445654444434444444454444544444444544444555444455544455544555555555554444555556655566555544445445556555762222221111112222222222222222222222222222221222222111111111111111111222222222222222222222222333
55445543444434444444444444444444444455666555554455555555555555555545544445555566554555555445545555444555673223322211112222222222222222222222222222221222222111111111111111112222222222222222222222333332
56545555554554444444555555555444444444544444555444566555544554444455555455544445555555655444445554444455574223422221112222222222222222222222222222221222222111111111111111122222222222222222222233333322
