33358632222222222112222211123223476321122222125878753322233222221123222574222333322223233322122233467888888888888888888888787548888655455568777786433322344422212323455333678888888888888888887777777777
33248632222222221112111111112221376322322222222586333222332233222212232575322333322223233211122321356888888888888888888888787537888653333467787676433332453333313323443345788888888888888888888777777777
32238643222221222111111111012232476323222322222574323333322334232311122674222233322232224631122222236788888888888888888888787548887533333578654444433333443223212222322246888888888888888875777777777777
33238643232222432222222112234344266334332321121465422233333323132212333675322233322232325841111222222567888888888888888888787548885333332466643322333333333322222222222226888888888888888754444577777777
44459744444444544444444444555555576345444532344344433243334322253324353575322224322233334542112422222434678888888888888888777648754433433334444433333332223322222232222236787678888888887643333357777777
44459744444455544445555555555544676245555555555455555444545444455444453375332334322233332321112421112422346788888878888878777646433435333322335554443232222222222222222334664578888888887433333346777777
44459744444444444444444444444444576344444445554444444444454445555555555565334455443454444533222434344434334688888765588866777644544435322222354665433334421222222222232222334568888888887443333444776777
33349743333333444333344444444444576344444444444444444454444444445544555555345555555455555555555555555555555667777754466754577643564435222222444543323423311142222232322333333467888888887643333345775777
33349743333333333333333333333334576334334444444444444444444444445544444565344444544455555555555555555555555655555655655555677645555556455555555444444545433353333253323333333568888888887533334467663777
33349743333333333333333333333333576333333333334343433344444443334444444675344454444545555554554455555555555555555555555555257535555566555555655555556555555555555566555554544566666666676444333456563577
34349743333333443334443344333333575234444433444444444334434443334443344665334444444444444444444434544444554455555555455555347644555555555555555554555554555555555557555555555655555555565555555556555555
34448644433434443444444444444444576334444444444444444444444444444444444675334444444444444444444213444444444444444444445445577644445555555555555555555555555555554556555555555555555554565555555556555545
33348644343333333333343444444444586334444444444444444444444444444444444565334444444444444444443136444444444444444444444444577644444444444445555555555555555555544444445555544444445554444555555555555544
33349743333333333333333343433444576234334443344444444444444444444444444665344444444444444444443156544444444444444443444444577643444444444444444444444444444445444544444445444444444554454544544444555544
33348743333333333334444443333333576334333333343344443333444444433443434665334444444444444444443365644444444444444444444444577644444444444444444444444444444444445444444444454555555554444544445444454544
43348743333343333333334333344334576334334444443343334333343334334434433675344444444444444433444555644444444444444444444444577653444444444444444444444444444444444444444444444444444444444444444444444444
44448743444434443333433333333333576334344434444334444433443344433344434675333344444444433334444746634444433444444444444444477653444444444444444444444444444444444444444444444444444444444444444444444444
44427744444443444443444334443443576334344333444444444334444444443334444664233444334443333344435846634444333344444444444444477753444444444444444444444444444444444444444444444444444444444444444444444444
44347744444444444444444433444443576334343333444344433434444433444444344764334444344443333444435846624444333343344444444444478753444444444444444444444444444444444444444444343444444434434444444444444444
44448744444334434444444444444433576334433443433344443333444433344444444665344344444434344444435735634444434444344444444444478653444444444444444444444444444444444444444444444444444444443444444444444444
44448844444444444444444444444444375334444444433444344333433444344444444775333344443443344444434535534444443344444444444444467753444444444444444444444444444343444443443344344344444444444444444444344444
44448734444344444333443444444444366334444444334444444333433434344443344775344344443344334444544655644444444344344444454444468753444444444444433434444444444344344444434333333334433334334333334444334434
44448743433334344433444444344433576334444444444444444444444444444433434675344444444444344444445734534444444444444443444444478753444444444444444444444444444444334444444444444434444333333333334444434344
44448743333333333443444444333344576334444444444444444444444433444444434775333445544444444443346745544444444444444434444444477653444444444444444444344444444444444444444444444444444444444444444444444434
44436744444344344334433444444444576334444444444444434443344444444433444775334336754433444433346757544444454444444444444444467643444444444444444443344434344433343433444444444444444444444444444444444444
54447744555454444444444444444444576334444444444444444444444444444444444775334436886544343333346788544343344444344444443434467653444444444444444444444444434444444343333333434434434434344444334444343434
55548844555455555555555555555555576334444444444444444444444444444444442575344465864454444544545995444343444344444444343334368653444344443443333444334444444444444443433444444434443444344434333333333333
34448744554554445444445555555544676345454555555555555545565555554444444665344477764666566666566974444444444344444433444344368754334333443443344334334434444444443443333344444444444444444433333333333333
34347743444344444444444444444444576234444444444444444444444544555555544775344468866776566666567752355455444444444434444444467753343343444343344444444434344444444444344444434444444444444444444434444333
33338843223234344444444443444344366344444344434434444444444444444555655775355556987666666655545541245444444444554444444554467764454444444444444544444444444444444443445444444444444444444444444444444444
34337743223333333433333334433334465333333344444344444334443444444444445775346545987666556554443431144444444444444444544444468764455545555554444455544444444444434443444444444444444444444444444444444444
34445643333333333233333334333443576323434344443444444444444444334444344775334445876665556555543222135555554444444444444444456555555545555544555566665544444444444444444444334443344443444444444444444444
33333444543333333333333333334343576323334445444543344445455444444444444675334456667766556655553223225555566665555555444455565554555665566666666666655556555555444444444444444534444443334333434444444444
44444335432333433343333333333333576324334333444444444444344445554444444775344555677666566654443123333444445555555555556676666666666666667777666666665556666555545545455544444555454444444444444434444444
54444444444443434334433333333333565322223334333443344444444444433434544765335677776666566677543222232234444444566576677776666667777667788777777776655555666544444445444544555555555554454444444434444444
23433444444444444433333333333333444323333333342333434444443433433333444665345546866666554665333222223223444446776666666776767777787777777677777777665555666654444444433444444444455555454555544444444444
33444434333444444454443444333423223323333222333433333333433433444443442575344315766665555510112212222333345543466666677777776777777877777777777777765555566665444444444444444444444444434445445555455544
44444443334444444454454444443432222333333222333333333343334444454433444675334457665565445522111112222223333343246666778777677777767767777777777776665455555566544444444444444444444444444344444444444455
44444443434444444443444323333333333343334433443334444344334433444444445775334466654454444444222211222222333333226777667667776776777777777767776666554455555566444444444444444444444444444443443434444444
44444454444444444444443333444444444443344433444444444344344433344445444776334555654443554333111211222222222233323567656677777776776666666666676665554335555455445554544445444444444444444444444444334444
44344344343344434434333444444434543333343344434443443433344343345444344674233455555544443322212111122222222223322566545677776666666666655566666665444334445445446655554444444444444444444444444444444444
54344444343444443433344433434444444434443455434444344443434443333433344664323556754444433223212111122222222222332565456667776666666666555555667665543333444434534444444445556555544445444444444445445445
44445444444444443344455444434445555444554564454444444444444343343443334664336559997433322133111111112222222222332354346666766666666666666555566665533322333323533333334334555544555555544444444444444444
43344434333333433334444344444445445444443445454444444544433334443444434654355589799632221122111211111222222222222233456666666666666666666655567666422332334432333343333333344443444455555555554444444444
44444333223333334334434344433454334443333444444444455554433334444434333443435799888732222111111211111222222222222123455666666666666666665555577665422332233332332344344333344444333344444444444444454444
44444444444444444444433444444444433444444443344454454455445444444433443332445889886733225111122211111222222222222222345666666666666666555555576554322322233332232334344434434344444334344334444444444444
44444445544454444443444444444444445443443433334445444445444554444544444543343456552243124212223211111222222222222222345666666677676666555655776554322221123222222235544444444443443333433333334444344444
44444444434444445444444444444444443444444344434343333334433454345444444543452333310043213222222111111222222222222222335666666676676665555545765543321221112222222234444444444434544444434444433333433333
44444444333334444444444445445444444333444334433344334443444443444555445545543222100243223122111111111122222222222222233555556667765555555445654434211111111112221123455444433434444444444444443444444333
54344445444454455444444544444434544444334444544344444445544555545544445545543322222322222111111111111112222222222222223455556666666545554555543323111111111112232013344444443434433444444454444444444444
44444454445444544444455543444444555444443434444444444444454544445444445544554322222222221110111111111112222222222222222344556665555554445444432222111111111112243002334444544544444443334444444444434433
33443344344444554454454444554445454444443344443444344444554444434444444454445422221122211111111111111122222222222222222234455655555444555444322211111111111112343201233433444433443443444444333443334333
44444344444544445554444445444554444445544444444544444445554454445443344444434422222210111111111111111122222222222222221224445554455444443443322111111111111122342320123333323443443444433444443443344333
55444444555444434444445444334445454444444433333444455445555554445444344444433433321100111111111111111112222222222222211124444444454444332332211111111111111122333331011234433333334434333443433444344333
34344454455455444344445433343444344445453334344334445444555555444444544455444344310000111221111111111111222222222222111123444444444344332222111112211111111122443433101112334344344433445434433444443333
43344443444454555455544444444444445544443344444335544443355555444544433554444321100011111112111111111111222222222212211112333444443433322221111233222111111122444334410111134433444434444333333453333333
44444444445544444544445445444444444444444444434455444443355554432222344443444432000011122334211111111111122222222212211111233333333333222111122223322211111122444343441111123443443334444344433343334443
44434444444444444444444454444444454445444554444454444444444444432333444434444433111111243454521111111111222222222112211111123333333222222212220003322211111223444333433222212233443433344334433343334544
34444443445445444444444444444454443443444454444444444444445444433444444444444334311122444545541111111111222222222212211111123333322222222223200001332211111223344333333433332223334334333344333333344343
34343433334445445455444444444444444444344454444444445544444445453444444444444333433454544444463111111111222222222122211111112333222222222331001001332221111223344433334444333333344334333344443334434443
34333334333344553554444444444444344444454444554444554454445445434444333444444434345555455433456311111111122222222122222111112333222222233210000000232221122223333333333333444433344434333433334334433443
34444334444344444444444444444433434544444344454444554444444445544444444444543334444445444434456521111111122222222222222221222222222233333100000001222222222223433332233333333344334444444433433345433443
33443344444444444344343433444433444334333344444545454545543445655444455555554445554434333344456621111111122222222222222222222223333333331000011223222222222224333332233333333344333444444333444454434433
34444333443433444433344434444444444344444334444445444555344444555544454444454454444443323233356621122211222222221122233322233333333333221111112334322222222224444333233333433344434444343343344444334434
34443333333333343343344344443444344334443333334343344444444345444543333344443333344443434333345632322222222222211112333333333333333333222222112343322222222224443334333334333344444444343344334443434433
44544433333333444444444443444444444443433444443445344444544443434453334444333443445444434443334553642222222222111112333333333333222333222222222344422222222223233433333343333443333443333344434343333444
44444444343333434444444333434434443333433444444444343443443433333344444434444444444443433444433444784333332222211112333322333333233444222222222344432222222223334433343333344434433443333444333333332444
33334334444333444444444444333334323433333344343453443433333433443344544445444444444444444444344434896543333322222113333233333443333444322222222244443222222323444433344443454344333344333433334333333333
33443233434434433333334443433333333444333444333443333333344434444543433444443334444344444444444435777554333322222124444344444443343343322222222233344222222323334434454443333343333333334333334323322233
33443334434343334333333444343443343344444444334333332233444433443443443344554444544434444444444436744543333332222233333433433553444344442222222224354322222222433335443443233443333334334433333333233333
44443344443443444433344343443333434444444444455444443333344344343444444344444444334444434444444347973333333332222234433434444543444455443222222223444422222222343443333233232323333333333332333333333323
33433344433333444333343343333443434544444444445444344444355443334433433344444444444444443444444348985333333432222234433333444334333454433322222222443432222322243442333333243223233332233333323334432334
33433443333333344444443444433334333343432344434443465344443443434444443334444444344444343345434358986322334952222233334433434333333433435423222222233342222322232343333342223211233333333333333334333333
33444343334433443334444444443444433334433344444444355344444334444444433333334343344443344344344359986332335973222333335643344434434433335433222222233343222332223554333432212222333233333433343333333333
33433433343444443333334435444444444445543333344444355443344444434444443444344444444333333433434459986443335984222433334433344444444434334333322222243333222322223553333333323334433443423333333343333334
33333333433333333343323344334443344445443343443433344433334444444444443443444434433333444444443369985433436974223433454433455433444433334333322222343344322321112443334443334443433333344444334444333334
33333344344333434333333333322333334444443434443343433344444334223344354444444343433444344444343269985433337864223434444344444434444333344332222222444444332221112543434443333333333333353443344433343334
23333433333233333233343332333323344444443333445444443343433333333344334444444333344434444344443468985334448753224444544334433334433233354332222224544444422222123544344443333344333433444333333333443333
32232333332333322322222343334433343345443333444444444443443333344344443434444334344434544444443477785334358543224356455445433333322233455432222234545443322222224333334343333444433333333333333333344435
33333443333333333333333434334433333344334434433343444333443433334433333443333344444333454434433577465243467544233445444445343323232233444522222234444443332222224343333343343354433333344333444433333445
23333332233333333333344533223333433444443323333233443233443454343334433333333343333234443334443678644343576544343334334334232334333333544322222354454344442222234344333443343454333333444433445443334444
33332233333333433333433433333333333333433332233333532333443443333343433433333333332223342333344667754433576543344333333344332344433445442222222453454344442222234323322243433444334433433333345544444544
43333223333333323334343333333333332322332333223333543323333333333333234434434222334323333433344766654433676543343333333344322374333444333222223433343323332222223222222233333334644433334334544333454332
33334333333333333343333433333344233333333333333344342333333333332332234333333333333333443333435866654434876544334333222333432265434333432122223442243224232222222112211232333223344333333443444443444234
33434333233333433343333333333433333333344333333333352233332333343343343333332333333453333244345766654434776544233333323332323364334334531122233431333323222122222123221232223223223333233322333334443333
34434433334444333333332333333433344443333333333333333343333333333433344332223444434553333344234566653334766543233333433333333342243233311122233432332212221122211113121222322112223322222221133533343223
44334333345334433344333323434443343333333443333333333334344332334432333323333433335543433443344565432324655543243323323333323432333232211222323332333111221222211113111221211112133211112253121112232113
33333323444333343434333334334334333344333434333334333444344432334433333333343333444334434432453565422334654332333333323233423324332232111222323322322221111222211121111211111122143211302232132110321112
22232212233343333444344333333334433334433443433344334333333333334433433333334333343333433333433344322343554321322322223332223323222222111223323322321121112222211111111122231112132312512324235211331123
32223222223333234343333233343444433433333334433343343333333333334333333334344444333333343233323333222232474322332423223222323333223421111123223221211111111122211111111121141111243111223246654423325233
33333233343333433333333432323433233333333433422233333443444333333333333443333343334334343332233323222222485423333323233322433333433221111122223111110110111122211111111111122221264232233333433223435434
33344433344333332343334332233343333333343333333223443344444334434433333333344344324443443332333343322222576422333333344433233223433211111122222111100111111222101102401111122242333443334434333234554334
33334444344333233333333333333333333433443333444334333444444444344333333333443334334443344333334444432122675321232323233333233233332111111232111111100001211222100012101011123123235433235433332334433444
33333443434333333433232223343333333344343333233333333343433434433443334334333434333422355433333333433212775321133323332234343223222111112221211111110011111111100022100112023232235434532334322333323455
33444434322322223343333432333333223334233223322333333333333334443333333333333443343323333333333333354311776321113223232113333233222111111111111111110121111211000012211113333232333223443234313335433334
32333433221122333333333443233333332333333333222444334433344333443333433232333443443344343343443433345433776311111124233233333223322111111111100100120111111111111213312122332234233222334433323335333333
12334433332222213322334453233332333334443344333454444343334444444344335433444434454444233334434433334336875321012223223333332222221111110111110000121111113101102222111233232233233322344344323335333434
33433332333233211232333343333343344334443443344454333333433544433334334444344334344444344444334433334337765321232223333222222322221111000110011011221111114201112323232333235333333322233453332335332564
33332333443333233333344432333334454334343334444433333333334534333344443333444334443444433343534334433446664221122111222132222333222210000100001111541112112111222233233333335334553533323554224433344654
34333423333232222432333333333444332233343334444433333323234433443454343333344444444443333333432334333346554122123101113333222222111111111111111111221111132222123333444443443343233643333444343333344434
44443333333322235443333333444454433343443433534344333333333333343443344443444443434444333443343244333443344232232322233222211111110121111111111111111111233222232334443354333443233433334454343324333334
33333333433432334544333444444443333444343433344343344344434433344334444443444433334443343333343333344443323233234323222111221122232222211111110111111222223233233233332333233333333323323334232224323334
32333343333333333443334444434443444343454443444334434324444445455445543344445543444333333234443333433565532233222221223223322343333332111111211111222333333222222243323333333344333323323333234223233342
23443333334333333344444444454344334344345444433334434554454454445434543444444444444333432235554334444555532211112323343343433442333331111110111112233333332222222343223333333333323332333332334333232333
32344333334332333244344433333433434444443333333334444343443443453344433333444334334334443444444443344554432212333224554334444444433331111111122233333333332233333343222335332343232322322332322234344333
33433343335443344334543333333433443444343333223333443333444443444333344333333433434544434444444433344444443333433233433334443444434333422233333322333333323333232233232334323333221321222321221334443333
22333333344443343334444333434434334433343333323343443344333343343333444343432333344443333543443334443444333444434344333344343443333333333433333333433332333333323333332333333333222453333222233222222332
23333433333433333534444334434455333333343344333333334343343333443333443443433344444444444443333433343333322345444233444444344433344434333334333333333433333233343433333333333343333344333222133122223232
34433333343343434444433443333344323333333444334443344433443443333444333443444343443433333343443333333333333333443234334333334344333345533444333333334433323324443433323333333332223222232222223333233333
33333333343343333444433433234434433433344333433443344433344443233334443343443233334433333333443333344433333333444434333333334433333443344343332333334333432334444224323434333333334322322332333323323323
33334443233432344434333433344433433334334333323533334444333334444544443433322244344333333333443333344323333333344444443333333334445433333334333332343433543433333334434644333323434333323332322232323313
33344353324443334323322333454322432354333333333443444544444433544543334432322333343334433434443334333333222334344443433333432344446433334433333323332323444443422422345442334433334333323332332233323332
