74212222232223677543232222233333123222575322234333222346433333334888888888888888888888888777658888655456665667886543443333332223333353234788888888888888888888888888888888888888888888887777777777777542
74222222222211578733222232223222123222574222335432223256633222224678888888888888888888888887548888545566566777786433333344423223333454334688888888888888888888888888888888888888888888888778887777786455
64211122222224778854322233212221133221574222333322222234422122232367888888888888888888888887547888654443468788787434332453333213334443445788888888888888888888888888888888888888888888887778888777777765
64221222222214776443222332232221212222575322333322222233311122321246888888888888888888888887647888743333467766455433333443223312222322257888888888888888866777888888888888888888888888888777877777777766
64223222222222674323333322234232211132674222233222232223731112222235688888888888888888888787647886433332478743333433333333322222222222237888888888888888644545788888888888888888888888887777777787777767
74223222322122664422233323323232212233675322234322222335852111222222466778888888888888888787637875333333345543322333332223322223232222247787688888888887543333478888888887777678888888888777788888877777
75344333421232344322233334312142223343575322224322233234442112332222333567878888878888888777646643444433323335544443322222222222222222345664678888888885433343457878888887776478888888888778888888887777
74255445544454445444344445433454334353375322334322233332322112321212332334678888877788878777645543435422232344675443334422222322222332223334578888888886443344446857888887776468888888887667778888887777
74244444455554444445444554455555555555565333445333454544543222434444444443678888854467864577643554435322222354654333423311132222222323332333578888888886433333456746888887876478888888875546567787678767
74344444444444444444444444444544544555544345555555455555555555555555555555666666655555655577744565546433333554444333444432353222253223234324678888888876433334575645888887776478888887863334334576367546
74344444444444444444444444444444444444565344444544445555545555555555555555555555555555555567634655566555556655555556565555555555466555555545666666666675443334555544766677775367767776644343333444344334
75333333434334444444444444443344444444675334454444554555554454445555555555555555555555555237644555555555555555555555554555565555556555555555655555555665555555555555555556776455555555555555555555555555
74233333333334333333333334443334444344675334444444444444444444444444444444444445555455555447644555555555555555555555555555555555556555555555555555554555555555565555455556776455555454455544455555555555
74233444443444444444444444444344444344675334434444444344444443444444444444444444444444444468644444444455555555555555555555555544445545555544444445554445555555555555455556776445544444444444444444455444
75244444444444444444444444434444444444565334444444444333344444444444444444444444443344444477753444444444444444444445555445555554544545555555554555554555555555555555555555776445555555444444444444444444
74244444444344444444444444444444444444565334444444443444444434444444444444444444443444444477753444444444444444444444444444444445544444444454555555554544444455544545555556876445555444444454444444444444
74233333333333433433333444444443443444675334444444444444444443444444444444444444444444444467753444444444444444444444444444444444444444444444444444455444444444444444454545776434444444444444444444444444
75233333333343343333333343344334434433675334444444444444433333444444444444444444444444444467753444444444444444444444444444444444444444444444444444444444444444444444445531476444444444444444444444444444
75244334434433334333333343344333334444675334444444444433333444444444444443444444444444444467753444444444444444444444444444444444444444444444444444444444444444444444444442575444444444444444444444444444
75234344334443344443333443344443334444664333344433433333334433344434444433333334434444444468754444444444444444444444444444444444444444444444444444444444444444444444444444676444444444444444444444444444
75333334333443444444434444443444433344664334444444443333344444444444444433334344444444444468753444444454444444444444444444444444444444444444444444444444444444444444444445666554444444434444444444444444
76234333333433333433333344433334444444675334344444444333444334444444444444444434444444444467764444444444444444444444444344443444443444444444344444444444444444444444444445776544444444444434444434444443
75234433443333333444333333444344444444675334444443443334444444444444444443334334444444444457764444444444444443434444444444434444444434433333444434333343333344444344444445776544444444444334444444444444
74344444443333434334333333443334444344676334344343344334444434444444444444444334444454444458764444444444444444444444444444444434444444444444444444444444444444444444444435656544444444444344444444444444
75344444444434444444334434444344333434676434444444344334444444444444444434444444443444444458764444444444444444444444444444444444444444444444444444444444444444444444444435665544343443344443343344343444
75234444444444444444444444443334443434675334344333434444444444444444444444444444434344444458743444444444444444444344444444444444444444444444444444444444444444444444444436776534344334443433333333343344
75233344344444444434444343433333443444675334444333333434333443444434444444444444444444444457653344444444444444444444444434444444443333334444444434444444443334443334433336886544344334433333333333333334
75234444344443344334443344444434434434675334444444333333333443444434433334444444444443333458764344344443344443444434444444444444444443444444444444444444433334333334433336876544333334333333343333333333
65234444444444444444444444443444444443475434444444434443444433444434433344434444443344334448764344433344344444434334444444444444444433344444444444444444444444444444444346776333333333333333344433333333
65234444444454444444444455554444444443476434444444444444444344444444444444334444444444443347764343343343344334344444434344444444444344444444444444444455545555555555444446775534343333334333444444444443
75244444455555554554444555555555555444675434444444444445444444444445545544444454444444442236765344344444444444444444444443444444443444444445555555555666556666666666666666665444444344343333443343444444
75233334444444444344444444444445555655676445555555555555455554444444444444444443454544432544765455444444444455444544444444444434444444445555567677776676666766666666666666666544554444444444443343344444
65343344344434333444333334444444445555675436555555555555555555555555444444444442464444443564575455555555555555445555544444444444444455665677787776666676666666666665666666666665444444444444444343343334
65233333343434344444344443444434444334676434443334444444555555555555555555555543366544444446365355455545454444445444555555555544456778877777776666666676666666666666666666666556655444444444434443333333
65233434344443443344445444444334444333576434443433334444444444444445555556666555246765455547455354444444444443344443444544455554577777777666777666666766666666665556666666666665566544444444433333334434
65223334434444443434435445444454444443676434444343433334443344333334444444454446535676555546535444344443322333455543444444678853566777777776666666666666666666655566666666666665556654433333333334344433
65233333333444444444443444444544434444675434544444444444345433334344433333333434844566765544635442244433445544666565555778998843677777777766666666665555666666645556676666666666556666433433333333333433
64312223334333443344444444433433333454676435544444444444555544444554444454443333674545544532534432345566777776877787788988888843788887776666666666555556666666556656766666666666666777644443343334443343
43313233223342333333433333333444343443476435454444544444444544444464444554555544456653222455334421247788887877887877888877777744788887777776666656666666666665556666777666666666667777754444454544433333
23223233222333443333333343443444343443476434443455445444444444544453444544554444445664211354343422237877777777777777777777778735777777777776666666666666666665556667777666666766777777764555454544444444
22333333322333333333333234444454444444676433443445444444444454444433334434443344444565444565542211224666666666766666667666778747777777777777666666666666666665566678888766666667777777775555445555555554
33333333433333334444334333333334444444676533443344444444444444345544534434444543434467677567542111213666555666666666666666777647777777777777766666666666666665666678888776666667777776776455554455455544
44443344443444444444333334343344434344576323433345444344444444433444444444534544444446877677431111214665555666566666666666777567777777777777666666666666666666776677777777776667777766776444444454444445
43333333344433433343433334433333433334565323333334444454434445434445444444444444344445777547322111125666555666666666666666777567777777777777666766666666667667666766777777777777777765787544444444444444
43334343445434444344443334443333343333565421223334344444433444434344345334344333443446666545532212246666666666666666666666777577877777777777777766666667677677666666677777777777777753487545544444454444
55444554554454444434443344334343343333565421212233443333332333334343345343454444544456766644532234456666665666566666666677777678877777777877777776676676776776567666677776667777777652287555444444445444
44444443445454444444554433334443344433454432322333332333433223443344443343433444434467766654431354455556555555556666666777778778877777777787777677777776766765567666666666667777766542388554434444454444
34443333444344444444455434434444433343332333333333332333444444444444333444444433334576556664443343324454445555556666667777778777777777777777776666777776666665557676666666667777665431388545544443344444
33344344433344445444445544444444444443443333233334344434334444444443334444444334444565556665555444312334455445566666677777777677766777777777776666777766666554556766677666667776554320597545554444444444
44333343333333444444435444444334545444554334333333234433333433443444344444334344445665455655654455311334444455555666666777777666666666777777766677677766655454457766677666666766543311887544455544445444
43444344344434343333333444444334545434543443444433334333333344442234344434434444445764554554433455321133334445555666766777667665565666777666666666667766544554457766677766666665543214886444444434444444
43333444334433334334344444454444554545545544444333443334444433333334334444444434445654434443233355321123344445555566667776667765565667777666666666666665545544467766677777766666532116886443334433344334
44443334443443444444444454554545543444554454434444544444444433344444433444433343444654455542233324322124445445556666666766677654666666667766666666666655545543467766677777666666431038875444333333333333
54444443334444444444444454444444444444444455444455443334444443333434434334434343334554531111234334322114444555555566666666776446777766666666676666555555455534568866677677666665421488765444333343333333
54444443344443444334444554443434443444444444354434344434444433332332323433343343334544512223333443432212444445555556666666776357777776666666666666555445554445568866677766567765346886554444434454344344
44444444444444544444445554444444443434444443344333344333333323232334433334544444344544436644334553222211333443444555666666666467777777656666665655555455555556677776677765567766788764455334433343334334
54444344433333343455444455555445443444445444444444354444444344433445333445644434545644455444234543222332223333444455676666665677777777656666665555555555567667776776666544433455565544454343333333334343
44445443324344334544444455555444454544455444444344444444444444444445444555643455545545544343235532212333333433444444566566666777777776666765566566555666777677776676654222221233333445433464333433333333
44544443344344334544443335455443333333454444444344444444444444444445555655555454545555543432236312212333333333444433345555556667777666667765666666666777777766654354322221112222224435333443334444433343
44444434444443445444433345454432122344433344444444444444445444444554544544444565555556533322256213213444333433444334333443335566666655568866777766767766777666543233333434454431135234344333333454453344
55445444444444444444444444444433343444334444444444444445455555544554445455555455446665433222365113235555433334444333343332224555554444557867767777777545677665432256556667787631144232343433333443444454
43444444444433434444444444545443344444444444443444455454444444444444445455455444447986433332442014345544333433444343443343335556654333444866778865565345666433222247777677876511133222344433334544444345
44444344454444444444554444445544344333444444433434555445543344444444444444454444455678643343531034245443223444333333333333335666665544422455557863233234554322233347766788876311132233444334444444433333
44444444444454444454445444545443444434444444333444445544443444444543445444444344355555554443421153243333222333333333333333336666676555312222344543332223543333454336756888755311122233444444444444433343
44544444334444444554444444444555545445454554333455444433334444444444444433333343377665455432110252333343323333334433334333347666775443223433344444445343344334444434767988754321122333343344334444334444
44334333334444545545455543444565544445444454455454434332233333333344344443433343488886434332421353433343224444433333333343357666764542234333344433444343344434343333578987434332122365444443444433343433
34334434333444435444455434334455554444334344333344444343433333343443344444444443577774565323212554444453344434444444443344467766654532334333444433443333444333343322478863344322222597443332343444333333
34333443333334333334444444434443444323344433344334444443444333344444443444445445455343476211113443444444454434454444544445577777654322344445445444344333443334334333368644677612223796443433333444333333
44333433344443345434444454443334444334433444444444444343344442333344434444444444433113354111243333345444444454445444445444677667644323334344343333334344333334333332347667878722223853344444333443333334
33333443343444444333343343333333334454444444444444444333444433443444444444444333432122121111344334344333433454434345434435777667557322234333344333334344433333333233337888888842224533443333344434334434
33332333334343344343343333433344344444344444333334334444443344433344344434434344444321001112355344434444445444444445445447776666557211233233343333334333333333333333226998888962323433333333333433334334
33433333343333343333333444443344443343344445443444443444444444444454345544434444443332222234354344435544445444444344444457886655465211233233223334333233333323334333335998888984323434433433333433334333
43334434344333433332233344333344344444335454444433444443444444334444445444334434433443333444333443445543344444443443344477887853265222334233222233333333343333333333333898888886323568854454333322334333
34434444444445444343333335444433444434434443444433443343444443433444443344343343433433333343334333333443543443443333234477888742144233333212222233333333333344333333333598888888533888864333433333433333
34543444434445444334334435444333443443333444444344444434334543434434543444333443333233564334433444333334543433433333333477778752233233333322223433343432333333343443334489978787532888764333333333433333
43344343334433434346434443333333444444333443434334344334434333333433433333433444433333453334443444444434434444334343333376666653332233334434444443433344444334444333334369867776532688864333333334444433
34333332334444444336434444433434444433333334444344433333343343443443443333344444333334443344543444443333434444444334332366554334352223333333343333333354444344433344334359866666532488863333333333333333
44334543333333334335433344443343444344344434343443333344444444334434343333344444443345544444544434433334434443663344532256544554353223333333334333433354433334333344334469855776532288763333343443333334
44444543343343333334343343444444344434433344434443344434444433333333334433433454433453433544444444323334444433453234322234445655543222333333345333334333333433333343334347955766532248863333334433322333
33344443343443333333334344333322334444444443433343343444434434344443334434534565445544533443333332223245533423332145422224245656764222333343344233333344333444433333343336877876432226863334443433333332
33434443333344444443343343333334324433443443333433443454444443344433334434533443445644444543432223222244332321232225312224235666788742543232333234432444333344432323223224778885422224963344443333433333
43345544333444444434443344333334434433344343334333333355444444243444334344433444344433444433333432332343332321332435322335553566777754542232322333322333333343333323212222778876433222763224433223333332
43334433443433343344433344343333433333334333334333333444333444344433443344433334343434334433234444344443222222353335223433453466775444543232333221222222223233222232221221588876333222563223222223333433
32344434333333323343223344345434334443333333334333212334223334333433543333444434433343334443346543343442121334333234212333344456664344453121222221121213212222111141112311488875222222352222111122333433
33333433332233333452232344333333334333443333323233332333243333323543543333334433333333333433236543432242333346334334222643233443543444443222322221122213323331211231111200488775221222331111111112322213
22222333333222333353332333333333233223443433333233332344334334323323343334435432333322333333335643442354334445333433334532233223544564336533222231132123434322531231112211588775221222332111221111222223
33332233333333334333233333233333233224333333333333334333323434434333343343344433334334443333334434332334332344343333323422332332333453336521221231133223456323321341132324687665341222442311221111111136
22333334332333333344223332333333334344433332233344345333334422444444433343333333333233333333343223323332322344333333322322344323332332223322321251133333445334322443232432687765452222543420221131111124
33433333333333333333334333333333443334333222344433554343344424443344332433234433332333323333333333323333232333543332322333333332332331222343221253353433545443543543342433777775412223542231212221111111
44343333443333333333333434333233443233333333333344443443443235344333332333223233323223334333333333212333332343543333223333544322433332454366421354443345555744555533334445677764433223642122111111111121
33234333343433333433344334443233443344333333333334333343333344323333332223323333233232333232333323232332333333433333334434645433653332333245343456333344433444333444435645678764233234642111132323101124
33333433343333334433333333333333433343333434434433333234333332333333333223343333332222333243333333333333334643323433333333334343334423433433454344334435533343333454445535778764332245651111263622111223
43333433333444344334333333333233433333334433334333333434323223332333333333433343333333343333332343323333233433323433233332222233323532333344433434543335534333334434455435788763431247641211122411122322
33333333433432223333344344333333343333334323334432443344333223333334433423443333333323433323432343332233333333332332222332331133336532333344333435534553325422324444345445567642432136542210243323122333
22333334333332223343343444433333443333333334433433444334433333344444333333434333333333223433323322321333333233343332323332332233236533233344333333422443324323435533334345567652422555431322344222225444
33333344333344433433344444444433433333333343343433343234543333333344343342543333332333222333333322322333332334342233233333354332234543323333324323332334443323434433334556656522313555442322534532346332
33344344333333343333333343343343333333333433344334332333333333333434543343433333322333322333332333323334333344233233343333333353433332333333223323332334344333335433454455655413342444454333335653343322
23333323322322233334333233333344333333232333344334333433334334343334553344344323433342333433332343333334334344222334343333542233433332233324533333432233354333335432576356544324434653344343334453342222
23332332333222233333433333433344433443333333343445444433333444344333443333444334432233333444433333333333234222233345333443543233433323334323633464353333454423434344654344433344433444343333323332234422
32233433333332344444433333444444344432453334443444544433344433443333443334434444333334334434334332333333343222333355343343333333333333334344334334474334445344333323444333323433333333332333333333335423
23333444344334445433333343354443333443443334433434344443334344333343344434334333333333334344333322334333333333343344333223333333333444445333344323453334445334224433334322224546443333345333334443233333
45433434334444444333333333353334334444333344444444444433332343332443333333344333333344443343333322323333343344333333432223322233233434233333443333332332334323323433334322223245344443456233347433333565
43323234333434443333332223343344335434344334544343444433344333323443333333432333443343443333332333223333443344333434542323322323334333333323344433332332333324423223233334322244345444334332335323433564
33233334333453434433333333333334443334444344443333444433433324333334343343322432444333443333233433334333433343433423433344332122235422333333333333333333333233323333323434222343333232313322332334334564
33343344343334434333334443343444433344434444444333333333333344333343343343324543444444344343234334444333333332334533433333223332334322333433234333232232233232224444323434534335433423333533333245355455
33444344444334433333432444444545554454334434444344433333223455443444445434444444343345433344344343344344343434433433333333323433323323233433333322232232232232233433243333444224332553432343322446544444
34334345444443333434543344545444443453333344433443433343334444444443455433444344332354433444444443344454344443333233333333333332333334333333333322355343322223323222232222232343332563332432233333345343
33434433433433333444443344444345433443333333443333354444344444443343444444334443333343333333334333333333343433333343333333333333343333333333344333344433322223223223332232233454332355333333323333344333
43444334333323333344333344443334433334433333333334444343345345333344444433334544443444344443444333443333333333333333443333332344343333333343333323423233222332333323333222333232333234223233423443342233
43343333333332334344334433333334323344334333334333444434344433234334333333233444432344444343344433434464344433233333443343232344333343443433333333432232333233322332322223334433222332123222433333323223
33433334333432333343434333333344334333344343333444443333433434333333333333433334433433333333444433335444434433333333443344333344433543464433333333433333333232222333322333333343244333332333434433323212
33333333334433444333433334333343333443343345433333333333333344423334444333333344444444432333333334444333332332333234443244434343233234554333333343433332332233234433433433333333544433231222234333322212
