26642112222122366763432233222321232222223333223533433333366434434468888888888888888888888888888888888655667777888876533543222222232223223478888888888888888888888888888888888888888888887777777777777755
26642122222212246764432323322333321232226643223343332233464333333358888888888888888888888887776788887654667666778765334433222222332324423368888888888888888888888888888888888888888888888778887777777776
36742222222222126785322223332222221232226632223453322233565332232257788888888888888888888887764488874465765666678753333333443222233335533347888888888888888888888888888888888888888888887778888777777864
37632112222222247787442222332122212332126632233343222232344221222334778888888888888888888887875488886544445787878864343225433332232244434467888888888888888888888888888888888888888888888777877777777876
26632112221221268865422223322222121222226642223333222222332111223213568888888888888888888887875488886433335776755754333334432332122233223578888888888888888667788888888888888888888888888777787777777777
27632222222222226633233333222432222112236642322332222322246211122212367888888888888888888887875488864333335786433334333333332222222232222588888888888888886445457888888888888888888888888777788777777777
26742332223211226534222333232332222122337742322342222223268411112222225677888888888888888887875488743333334555433223333322233222222332222578877888888888875433335888888888877776788888888788888888887777
25743433333212324543222433342222422233436752222253222332345421123222224345688788888888888887775486444344333333464334433322232222222222223557656888888888854333334688888888877664788888888888888888888777
57733554554435544454443444453334543443524753223342222323313221123211123223457788888787888787776454334353232223446644433343222222222223322234355788888888854433444477688888887764788888888877677888888877
57733444444555544444454455544555555555545643334453334544444322224233444343346888887554778656776445544352222224456543333243112322222223333323346788888888864333334577478888877764788888888756465678876886
56743444444444444444444444434445555445554543555555555555555555555555555555556666776555556546776445654453333335444433334343223532223422222343346788888888764333345756378888877764788888878634344456764775
47743444444444444444444444444444444444455643444445444455555555555555555555555555555555555556775355555665555566555555565655555555554754544444456677777776754433345656357667777753787778766433333334442553
47643333334333444444444444444334444444446653444544445455555544544455555555555555555555555541575455555555555556555555565545555555555665555555556555555556655555555655555555677754665566655454544445444444
47743333333333344433333333344333344444446653344444444444444444444444444445444454455554555554576445455555555555555555555555555555555565555555555555555556555555555655554555567764555554555555555556555555
46633344444334444444444444344443444443447653344444444444444444444444444444444444444444444445775444455445555555555555555555555555545555555555444544555445555555555555554555567754555444444544444445555554
47743444444444444444444444444444444444446653344444444444434444444444444444444444444434444445776444444444444444545554555555555554445445455555545445455545555555555555555555567763445455544444444444444444
47742433444444444444444444444444444444446653444444444434444444344444444444444444444434444445776444444444444434444444444444444444455445454455555555555445454444555555555554567764445445544444544444444444
47742433333333333334433334444444334434446653444344444444444444334444444444444344444444444445776444444444444444444444444444444444444444444444444444444544444444444454444455467764444544444444444444444444
47742433333333433433333334333333343344346653444444444444444333344444444444444444444444444445776535444444444444444444444444444444444444444444444444444444444444444444444454326753444444444444444444444444
46742443343344333333333333433433343443346653444444444444433334444444444444334444444444444444777534444444444444444444444444444444444444444444444444444444444444444444444444325653444444444444444444444444
46742333443344433444433344443444333344446642334443344333333344333444344443333334444344444444777534444444444444444444444444444444444444444444444444444444444444444444444444447654444444444444444444444444
46752333433334434444343344444334443343447532344443444333333443444444444443333343444444444444786534444444444444444444444444444444444444444444444444444444444444444444444444466665444444444444444444444444
46752433333333333333333333444333444443447643343444444333344443444444444444344443444444444444677534444444444444444444444443444434444434444444444444444444444444444444444444467764544444444443344444344444
46742343334443333344433334344443444444447753433444434433444444444444444444333443444444444444677535444444444444444444444444444444444444443333333444333433433333444443444444467764444444444443344444444443
34743444444333344343443333334333344433447753343433433443344444444444444444444443444444544444687534444444444444444444444444444443444444444444444444443443444433444444444444466665444444444443444444444444
45643444444443344444443344434443443333346753344444433443344444444444444443444444444434444444687534444444444444444443444444444444444444444444444444444444444444444444444444366655343334333444433433443434
46752344444444444444444444444343444334347753334433334344444444444444444444444444444444444444686434444444444444444433444443444444444444444444444444444444444444444444444444367755333433333334334333433433
46742334443444444444444344433333344434447753343433333334343344444444344444444444444454444444676534444444444444444444444443344444444333333444444344344443444443444433344434468764443443343333333343333333
46742344444444334443344433344444344344347753344444443343333334444443343333344443223444433344686534443434434444434444444444444444444434334444444444444444443343343333333333368765443333343333333433333333
45652444444444444444444444444334444444425753344444443344434444334443343333444442243443443343587544443344434434444343344444444444444443333444444444444444444433343343344333367753433333333343434444333333
46652444444444544444544445555544444444435653444444444444444443444444444444443442355344444444577533333434444433443444444343444444444443444444444444445444444444444444443343368754333333333343334444434434
46752444445555555555544445555555555454447753444444445444444444444444455554444443345345455544577644444434444444445444444444444444444434445445555555556556555555556655544444468655444433333433344434434444
46642433344444444444444444444444455556557753455455555555554555544444444443444454436536555555667654554444444444544444444444444444344444555655566666666666677667777766544444477665444544444444444433434444
34643433443444344344443333444444444455557753465555555555555555555555554445444555635524455555555544555555555555555445444444455545556666677777777777666666666677766666666554578675444444444444444434334434
35642333333344433444443444434443344443447753344433444444455555555555555547655554644624235444543434435555554455455555555555565568777777666777666776666666666666666666666666578774344444444444444444433333
46642334343444334434444444444443344443346763344434333344444444444444455557866544542634214343342333433444444444444444567776887888777777767777666666666666666666666667666666666664333444344444444343333343
46652333343444444434344454444444544444446753344443344333344433433333344568876533432543122222222223433334444454444577788777777777777677777766666666666665566667776677766665666664333333333333343433333444
36652333333334444444444433444445444344446653344444444444434554333343343577787433454342232323423335543344444678754577777777777777766666666666666666666665566667777666766666677654333443333333333333333334
45643122223343334433344444444334333334446653354444444444445555444455544585455543464352344556656556655556878988873467777777777777766766666666666666665555555567777766666666677764444444444434433333343433
33433132322233323333334333333334433434425753344444445444444445444445544575333442465454345777777777767788888887873478888777777777666666666666666666655555556657788776667666777765555555554444444445444333
22222232322223334433333333434434443434435753344444554454444444344444444465654644557744556777777777777778777777885478888877777766666666666666666666665666566667888777667767777766555544555555454445444443
22223333333233333333333333344434544444446753344344454444444444544444334466777666568632345665545566766667767777885478888777777766666666666666666666655666666567777777666677777766655555445555554455555445
33333333344333333344433443333333344444446764344333444444444444444454444478776776477531122233222235655656766677875588778787777777666666666666666666666776666567766777666677777755754444444444555444544555
44444433434334444444433333343433444343446763234333454434444444444334444477666766556422122222222223545655656677775577788877777777777666666666666667667776666666666777766777877644664444444444444444544444
44433333333444334333434333344333344333435643233333444444544344454444444467666666644531122222222222345555566777775677887777777777777666666666666676767765666666666677766777777642665454444444444444444444
44433343434544444443444334344433333433345643222233343434444344444443443566667665544322222222222222244444567767775677787777777777777777766666666766766765677655666677656788876531575444445444454444444544
55554445545544544444444434433343434433336643212222334433333323333343433576666555553211222222222222223545567767776677777777767777777777766676667767766665676555566666555777876521476444434444454444444444
44444434434454544444445544333344434444335544333224333333334332344434444666666555453211112222222222222445676677776677787777667777777777777776776667767655565555555565556677765410367544444444444344445544
33344433334443444444544554344344443333433323333333333223344444445444445666555565554321221222111222222245676777777577787777777777777777777777776666666545565555555555556677764313578644544454444444433444
33333444444333444554444454444444434444444433333333343444343344444444466666555666644422432111111222222245666787776566777777777777777776666777776666665445555555555555555677653243578644554455555544444444
44443434433333334444443444344543345454445433333233332443333334344434566676555544433221442111111122222236766787666566666667677777777776666777766665544345555556655555566677653563577644444444444555444454
44434443433443343433233334434443344444445434434444333343433334344322366676555445542221343111111112222226666787666555556666677777777666777677665555443344455666666666666666644663567654443433344444444444
44433334443344333343343444444544445545455455444443344343443444333333357765555664332211243111111112222236667787656554555556667777676666666666665544344344455676666666666666645663556654334333333333333443
44444333344434443444344444545554455434455444544344444444444444334444446665556630011111133111111112222246667776555554554556666776676666666666655443343234456777776666666566547765456744433333333333333333
45554444433344444444444444544444344444444444543444544433344444433344346665556311121211133211111112222357677776555544555456656677766666666666544433332234467777777666655567547763356754444443343333333333
44444444433443444443344445544434354434443444434544443544344444334224236655556346322111124211111122233456667776555445655556555677666776666555544333222334588766677666554577557753356754433344444344543433
44444444444444444444443455544444354433344445433443333443343333232333446655545554321112123111111133334456667776555345666565555677666666655555433233333333479876666666554787567753346753433343344333433343
44444443443333333334554444555554454434444454444444443544444443444334456544555542231122212111111123223346667776555345666555445666666666655554323344434333228877666655545887577753446764453343333333333343
43444454433343443245444434555554444545444554444444444444444444444445456545565532311252212111111112223356766765554345665555445666666666555543344554433332113987666655457886577653445765444344543333333333
44444444433443433355444433455554333333334444454443444444444444444444456544555323211462144211111111123346766665554455555544556666666665554443455544333321100587666655577775577653434765454344433334444334
44444444344444334554444344454444311223444333444444444444444554444455556665554222112542244442211111122345666665654456544444667766666655566655554443332232011387766566677775577653334566443443333334544533
44544444444444444444444444444444323434443344444444444445454555554456655567764311114521144243331211112323566655654455544344688766666666676554444433322342111248776676677765237753433565543433333334434444
44434434434444344344444444445454433444444444444334444545444444444446665554454212133211232234443443221221245555543454433334598777656777765533333333334444112327876677777765326763443455543444333344435444
44444443444544444444445454444454443443334444444334345554555433444444589744444323231113432334445445453332123432332444322333488677667865554333333334444444334325877777777764456653333344544443344444444333
33444444444444544444544443455454334444344444443334444455444334444445799976543542232334443234334444454433222332223443333443367666556753322233333344444444543333777778777765576753433344454443444444444333
34344443443344444445544444444455555454454545543334554444333344444444898886442341013444333334444544533333423454325654444433234444344433222233333444444443433442587778878875577653443234343433443344443334
34443333332344445454455554444445555444554444544555544343332333333334666652232331124444433244544544444433433334326765444333223444333333333343333444334443333443598778888876577753343123334443334443333444
44443343433334343454444553343345455544443343443333444443334333333433333312322232134334333334443544454444433333325765544443333443234333443343334434334433334443599878888887577653243112334433333334443333
33343334433333333433344544444444434443233444333443344444434443333444222112122222254333432444433443334444433322222766544544455543344433433444454454433433334433499988998888777543133111233334333334343332
33343334333444433453444444444433344443444334434444444443433444333334422212221211244434433443444332334454433332222676544544444454444433444444443433333343343333379988987888877642123211233333433334433333
43333334333434444443333434433333332344544444444444444443344443334434433322211112334434442443433343333443333333223576544544444443333444544543333443333343444333359998887888876642123211244333332444343344
43233223333333333434433333344333443444433444443334443344444434444333442221101233444443342334433543444342233333234576654544444434433344433332334433333343333333338999988888986542133221133333333434343343
33234343333433333433323333444433444433433444444434444434444444444444543111113343444433333334443643444332133222444466654554444334444433333232322233333333333333336999988888886442233332123334323334343333
33333343343443344333322333443333443444433345544444344444344444343344444443333344344334333334443444434322232014444346554454444434333432323432332122333333333333335988898888888433332332112333433333233333
33344344444344554443433333354443334433343344434443344434444444444334444433443433333234333334443343333222222234343336655444434433322343333422222222323333333333436988899888888743333333122333434333333333
33345434444344454443443343344433334444433344444443444444343345334344345434343334434332356334444344443222233333333436665433333542333243333433222233333434333333335888899987888654333333322333233333334333
43333443323444334333553344433333334444433334343343444433344343334334334333333334444333355433354444343222333443344346677554333334323343333334334444434434444443345887899986876654343333222233333333344333
43343333233334344443364343444344344444333333344434444333333433434334434433333444443333334333455444443222234344343436667655443445434533344333344433333333534433445887788985666654443332333233333333333333
44444455433333433443354333444334343444433443443434433333444444443344433333333444444333454444454443343222223354444335767776553444434433343343343333334333543332443788878986576655444333333343333334333433
33444444433433433334333443344444343444443334443334333443344444333343333344344345444445444344344423443222223345544235777666544444434343344343333444334343333333333788877886577654333333334343333444333224
23333444433434433334333343433333233343344444443333334434443444343444333343345346544455444334333333323221122334533334777655444334433333333333333443333443443334434888776687787643443332443433333433332333
23344344433333444434433433433333343244334434433333344434544444433443333344344334434465454445443333222232112233333334666554333333343433333532443543344334444434445888774577888754333333455533434433334333
33433454333334444443444433433333334344333443433343433333544334433434443433444223444344344444333334323333421122222333566543322321222322322332433532433334333433447888764367788754332333346434334333333333
33333343334434333333443333443333334333343333333443333333433234433444344433444343353434343344332344434444431222221221255433322351221112322233332232221333322345448888642337778754332333543333333222323344
34323434343333332234432233443453333344433333333333322123332333343334335433334443344443432244433465434443333212211111134443211121211112222122332121222332333333378887532214877654323322432233222222323234
33333334333322333434423323433333333333334433333222333323333433333244435423334344334333323344332364434433423321221112115543311111111121211221221211112212332222478876411112877763122111112111111111123232
33222223333332233333533323233333332322234434333332333323443333333332223433344454323333323333333364434423423421111123116764311121014311111651112112111211231131678875311112787663111111111211112111112222
42333323333333333343332333322333333332343333333333333443333244343343334323433344333343334333323353432333223211111111114654421121111201111432112102111211231353788863211112677664111111111211112213211122
33223333343323333333442233323333333433444333222433343543333344234444444333323233333333323333324432321232212121111111102654422221212101101111332102301211243345788752211112676764121100211111016213311111
33344333333333333333333343333333334433343322224433335543433443344433343324332343333323323242323333221222221111221221102765643211313101112213432104513412365356688632111113777764221100111111123135410112
33442333334433333333333344334332344323333333333333444334434432453443333233332222323232233342323333232111111111221441012766665321222211234544743203433313454567665543121234666765221011111111133124321223
43333443333434333334333333334433334333443333333333343333333333432233333232233332332322223332223332223211111111222211123776666542126323223333544423662323443556543434344345666865122111111111223324432233
34333334333433333444343333333333334333333334344333333332343233333333333332233433332323223322433333222111112225222222323655444331223343234244335543442333354444433343544444667875222111311111124646533332
44434333333334333443343333333332333333333344333443334233343232233323333333343334333333333423333223211111122223232223215664322221122235223244444433344433354333332354334553567875333212412211122345333323
33233333334334322233332433443334334333323343233344324343443332333343343333234343333333343433233222211111122223323323345556532211233365322234443333355335433343223344333454456675344332234431323444232223
32333333443333332233433434444333344333333333344334334443344333334443432333334333333323332234233223111013233222333424444334413312332375323434443333333234533243133355333233556665234344333423323442222234
32333333443333443333333434444344333333333334433434333422355433333333433434335433333323332123233333222123333323344423443333324533223355333233332343233223344433233354333345555554123145542323225344223463
33333443343332333433333333423433433433333334333433343323333333333334345433334333333233333223333223333233242334432332334433333333534333323333332233233223443443333354334454566443133324444543334356434443
33232333233223222333333322333334433333323233333433343334343343443333345433434443344333423334333223433333343343442323343433335423334333322333244333234222334543333354325753565443244446544443433344633422
33332323323332223433334333334333444344434332333434454444233334434433334433344443344322333344343333333333332342222323543334345422334333233433245245644423344543234343455543444333344345443433333234323343
33232334443443333544443333334544433344325443344434345444343444334433334433343344443333343343333333233333333432223334653433433433333333334343443443435633434443433333344343333234343334443324333333323364
33343334443443344444333334434544333334444433344334444444333343433333433444333343333323343343433333222343333333334434443432233333333334443553433443234533344453443344333343222245454433333443333344433333
33544334343334444433333333334433443443443333444444444444333333432334333333334343333334434433433333232233333434433334333222233223333334342333334333333333323343332244333343212232563444434552343573332345
33332232343334444333333323233333443454344443344443434444333443333234333333334332234433344433333323332333334434443334345323233233333343333333333444333323323333344242233332232222442554443443323452233236
44333333443434434344333333333333344433344443444333344443343333343333344433433234334443334443332333333343333333434334234433433322222343224333333333333323333323333233323334352223433333433133223322333445
43333433443433344343344334434434444334444344434443333333333234443333433434332245434444434443433343344443333333323344233333332233323443233334332333332323322332222244443234344333454333223335333333344654
33334443444433444334334324444445455544543444444444444333332235554334444553344444434434444333433443433443443433344334333333332233333232232335333343222322322322322345332423345542353335534323433234465434
44343333444444333344334443444454444334433333444334334334443344444444344554334433443233543334444444434444543444433332333433333334333233333333333333223553332221233232223322222323433326633324422333433443
23334443433333333334443433434433453344333333334433334544534444444433444444443443433333423333333443333333333433333333433333333333333433333333333443333454333222232232232322322334533324643333322233332444
23434433333333233333443333444343334333344333333333344443433553443333443443332345444344443444434433334433333334333333334433323334443433333333433332233232332223323333333332323333323333342322333244333323
33333433333343323343443344333333343333443343433343334444333443332443343433232344444323444443434444343344533444332333334433433324443333334434333333334323323332333333223222233344332223321322234333332332
43333333343334322233434333333333333343333443433333444433333344343233333333333233344334333333334443333354434343332333334433442333444235434644333334333333333332322223333223233333431433333323334343323233
