22222333322222234454322234432334332223333333322233333333333333333323333322222222468999999999999999999999999998679998776489999976323444443333322211013333321112334454444544433233321222233454333454566777
22222233332222234554322233223444322222333333322334444332233333332223333322222223799999999999999999999999998987689998676558999986423444444333222211123333321122334555444444322123221222233454333444456677
22222233333322223333322222223333333322333333333344332222223333333333333322222237999999999999999999999999998877899997555548998876532444444333222111123333232223345554334443221112211122122343223454566677
22222223333333333332223332222333333333334444322233322222223333344455543333333589999999999999999999999999987767899986355548988777632344443333222111123333333334444433233332111111111121122333222343455567
22222222233332222222222222122233334444334555432233333322223344445555443332347999999999999999999999999888887658888875334448987777631344443333222111133332333344443221122221111111111221122333222343455555
22333222222222223322222221112233344443334444333333332222333333344433333334689999999999999999999999998887776668877775323447976677631244433333222111233332223344333211112111111111111222212232222333454455
44433332222222322222233331122333344433333332233333333333322333334443334468999999999999999999999999999998877778767764323557875556522344433333222112333333222343332222221111111111112222211232222333444455
34433222222222222222233332112222444432334443233433333322323333333333345799999999999998888899999999999888889988767653324567775456522344433332222122333332222233232222222111111221112222211222112333444454
33332222222222333222233321111123444332234444333333333322233333333345689999999999999987776668999999988777768988776544323456765555422344433332222223333322222222233332222111112222222222211222112223443454
33222222222223333333222222233454433332335676543333344432223333345678999999999999998876566667789999976666656766665543333444555455423344433332222223333322222222333333322111112222222222111222111222333443
22222222222223333332222222333332334433335676543333445443333334688999999989999999998888655556789987775545555665555543333444444444323333333332222233332222222222233333322111122222223222112221111222322442
22222222212224443333322222333222344433224555443323334443223447999999999899999999998888776555689977775444455555444443333444443444323333333332222333322222222222233333332222222332233322212221111222223332
22222222222333332233332222223334454333223456665433334432235789999999998999899999988888866664568656665434444444444433333444433343322333333332223333222222222222333333333333333322333322212221111122222321
22222222222333322223333333323455544332223345554433333333358999999999999999889999988989987754665445554433444444444333333444333333222333333332233332222222222222233333333333333323433222222211111112222221
33222222222333333333333334555443433322233344443332233334469999999999999999889999989999987754554334444343444444444433333333333333222333333332233322222222222222233333433344344334433332233211111112112211
44322222222223333333333334554433444432233334444333233356899999999999999999999999999999987765643333433344344444444433333333333333222333333222233222222222222222223333433344444344433333333222221111111111
44332222222233344444333335555433344443333345443333356789999999999999999999999998899999997765443333333334344444444433333333333332222333322222222222222222222222233334333344444444434433444332221111111111
33332222222233444443333345565543556653335654444334789999999889999999999999998877899999887765433333333333344455444433333332222332222233322222222222222222222223333334333344444444444444444333322211221111
22222222222222333322333444454444555544466556776678999989988889998999999999888755667888887865433333333333344565444433333332222332222233322222222222222222222233333334433444444444444444444333332222322211
22223322222222222345555444334444444555775688799999999888888898888999999998567522344567767775433333333333444654444443333332222322222233322222222222222222222233333333433444444444455444544444433333333321
22333222222222223555555543334444444578989997799999888888888887789999999996454212234434546765433223333333344544444433333333322222222233222222222222222222222333333333433444444444454445544444443344334321
22333222222222223344555553333433335699999988999988888887888876799999999973332121122333334665443323333333334443444333333333323322222222222222222222222222223333333334333344433444444445544544444444444321
33332222222222223344445544333333347899999987999887888866777777899999999977886311122223334565443333333333344443344433333333333322222222221122222222222222233333333334333333333344444445555555445554444321
33233222222222233333445555444443469999999986999887887655567777999999999999996311112222233465443333333333334444444443333333333332222222113466543222222222233333333333333333334444444444555554455554444322
32233322222222233334455555544345899999999975799878886655578788999999999999996322212221223455443333333333334444444443333333333333232222146667765322222222333333333333333333334444444444444455555554544323
22334433333333333344444444344589999988899965699877886666688889999998899999997522221222122345443333333333333444444443333333333333332222587445654332222222333333333333333334434444444444444444555555554334
34444445554433334443334433357999999987888964689988888778889899999988999999987632232122211234443333333333333444444444333333333333322215787433454434322332333333333333333333333444444444444444455555554444
34444323344333444433344433599999999987778864689999889989999999888888887889977644222212211123333322223333333444444444433333333333222137764333344545433333333333333333333333334444444444444444455555544444
34544333333334454433444337999999999986777874579999999989999999898888877888876654432222111111233322223333333444444444433333333333221257633333334675533333333333333333333333333434444444444444445555544445
34444322332344443334555699999999999876667785469999999999999999988887778888766665543232111111222333333333333333333344433333333333221466433333333467642223333333333333333333333334444444444444444554444455
33433322234443334567889999999999999755556675457999999999999989888887788877665565554442223333333343333333333333333333333333333333222554333333333346852233333333333333333333333334333444444444445554444555
34444332355543344545799999999999999974556676446799999999998999877888777766555445554444455554444443334444433333333333333333333333223543233333333335863233333333333333333333333334333444444444444554445555
44455544666644445666999999999999999985456666545678889999998888876886655555444434444444555555544443334444443333333333333333333333224542233333333335763333333333333333333333333333333334444444444554445544
34556666665433478889999999999999999986445555544568888998899777765775443454444434433344444455444444444444444334444333333333333333224433223333333344432333333333333333333333333333344333434444444444444544
44555566554444566699999999999999999877544455554457888877777566655654433445444444443333334444444444444444443344444343333333333333224433322233333344323333333333333333333333333333444333334444444444444545
44445677555555555799999999999999888898744445455456887666554445545654443344444443444333444444433344444444433344444443333333333333333433322223333454323333333333333333333333333333344333334444444444444544
54445655445554446999999999999997677999754344455445776555433334344443343334444443334333343344332334444443333344444433333333222223333443322222334675323333333333333333333333333333343333334444444444444444
44454444455555458999999999999976666899754434445444565444333333334433344444444433333333333333332344433333333334443333333332222333332453332222234664223333333333333333333333333443333333334444444444444444
44455555665555579999999999999755667799764344445444454443333333334433455554444333333333333333333456433333333343333333333332222343332354343223233443223333333333333333333333333433333333334444333444444444
44555554555555579999999999997555666799764333345544444443333333334444566566434333333333333333333444323333333333333333333332223443333234554223332322333333333333333333333333333343333333334443333444444444
55444333445555577777888999986555566788765433334543333333333333334445666666543333333333333333334433333333333333333333322222233333333322454323332333333333333333333333333333333343333333333444333344444444
44444433334444554333333799865555556777765433333443333333333333334446655554443333333223333333344443334433333333333333222222343332233332233222222333333333333333333333333333333333333333333344433344444334
45565544334445422222222599744455556676665433333343333333333333334456654433333333322223333333434333333433333333333333222224443332233222222222222333333333333333333333333333333333333333333344443344444344
44444444434455311111221399544455566666665443333333333333333333334655543333332332222323333333333333333333333333333333222333333332223322222222222333333333333333333333333333333333333333333334443444444444
43445555433444311111111299544455566666665543333333233333333333334554433322222222233333333333333333333333333333333333223433333333223332222222222333333333333333333333333333333333333333333334443444444444
33444443444444311111111299534455555566666653333333333333333222234443322222222222233333333333333333333333333333333222224433333333323332222222222333333333333333333333333333333333333333333334444444334344
33333333333455311111111498434444555566666654333334433333322222223332222222222222333333333333333333333333333332223333234333333333322332233222222222333333333333333333333333333333333333333334444444344444
33333333333456422111111797333334554556666665333347643332222222222222222222222223333333333333333333333333333323344334444333233333323332223222222222333333333333333333333333333333333333333433444344344444
33344444333456665321114995333334444555666665433479732222222222222222222222222222333333333333333333333333332344433224444333223333323333222222222222333333333333333333333333333333333333333433444444433333
34456566433345677753349974333344455555566666533699743222222222222222222222222222233333322333333333333333333553222223333333323333223333222122222222333333333333333333333333333333333333333333344444443333
34445334333345667777899843322444555555555565544688743332222222222222222222222222223333223333333333333332224532223222223333323333223332222112222223333333333333333333333333333333333333333333333344433334
35555322233345566788888533223454455555555555554688643332222222222222222222222222223333223333233333333332234322233222222333323333223332222122222223333223333333333333333333333333333333333333333344333334
35555323333356667777775332334444445555555555555687643322333222222222222222222222223333223333223333333322244222333333222333323333233332222222222223333223333333333333333333333333333333333333333344333334
34444444333356567766543233344444445555555555555687643323443322222222222222222222223333222322222333444333344322222333222233333333233332222222222223333223333333333333333333333333333333333333333343333344
33333333222366544543222333344444445555555555555686554332222432322222222222222222222222222222233344444344455422222233322223333333233322222222222223333223333333333333333333333333333333333333333333333344
33333332222366532332223344444444445555555555555686544332222333443112212212222222222333333333333333343333555322222223332223333333333322222222222222333223333333333333333333333333333333333333333333334333
33444333222366432332233344444444445555555555555676444333233222345223223443344444344444443334444444333334554322222222332223333333233322222222222222332223333333333333333333333333333333333333333333334433
34444332122366432222333333444444445555555555555565444433333333334323346543333444333443344455544454433333445422222222232233333333333322222222222222222223333333333333333333333333333333333333333333333333
33343321122366532223333333444444444555555555555555433432222234433323444433333333344554455566543444334443444422222222222233333333333322222222222222222222333333333333333333333333333333333333333333334333
33333222333477632323333333444444445555555555555554433322221223333334433344444444455555545666543344334443343321112222222333333333233322222222222222222222333333333333333333333333333333333333333333334333
33333223333379743323333333333444444555555555555554433322222222224444433344455555555554444665433333333333333332123322222333333332223322222222222222222222333333333333333333333333333333333333333333333333
33333234432369843333334433333344444444444555555544344333322222123444443334445555554443335654433344433333232233354322234333333322222322222222222222222222333333333333333333333333333333333333333333333333
33333333333459943432225643333333444444344555555554444333322222123444443334444455543333335654433333332222222222574323443333333322222322222222222222222222233333333333333333333333333333333333333433333333
33334433344447964443234533333333333333334444555554444433332222123444333333334344443333335654332222222222222212663333322333333332223322222222222222222222223333233333333333333333333333333333333443333334
33334456665324775444333332333333333333333444444555444333332222123333333333333334332233334654322222222222222222542222222333333333223322222222222222222222223333233333333333333333333333333333333444333333
55544666532222465444333333332223333334444334444555544433332222223333332222222222222222334553222222222222222222332332223333333333223221122222222222222222223333233333333333333333333333333333333344333333
66555544212222344544432333332222222345555554344555555433333222233322222212111222222222223554222222222222222223332332223333333333323321112222222222222222233333333333333333333333333333333333333333333333
54444332112222233444333333322222223345665444334445555444333333222211111111111122222222223354222222222222222146432232223333332333323322112222222222222222223333333333333333333333333333333333333333333333
55554332222223333333334444332233344455555554323444555544433333222221111111111122222222222244222222222222222235432222233333322223223332211222222222222222223333333333333333333333333333333333343333333333
54443332112234444344444333233344444445557877622344555554433333222321111111111122222222222234322222222222222223333222233332322222223332221122222222222222223333333333333333333333333333333333344333333333
55444332211234554333333332233444334445689989722344555554433333322321111111111111222222222224322222222222222223343222333333332222233332222111222222222222223333333333333333333333333333333333344333333333
44444443221223555533344443455554444457997534211334555555543333333211111111111111112222222223322222222222222222333222333444333222223332222111122222222222223333333333333333333333333333333333334333333333
33344443221123343333345555555434445799997432112334555555543333333221111111211111112222222222332222222222222222233223333444333222223333222211112222222222222333333333332233333333333333333333333333333333
33344555433333433322344455544344457998888743112344555555554333333321111111111111111222222222222222222222222222233223444444333222233333222221112222222222222233333333332233333333333333333333333333333333
34444555544444444322344555444444578999998642223344555555554333333321111222111111111222222222222222222222222222333234444444333322233333222222222222222222222223333333332223332333333333333333333333333333
44334566653334444444456665555566897999985322222344555555554333333322111222222222222222222222222222222222222222333234444444333322223333322222222222222222222223333233333333332333333333333333333333333333
54444566654334444334555543333345875999952222222244555555555433333332111222222222222222222222222222222222222223333244544444323222222333332222222222222222222222333223332333333333333333333333333333333333
44444444432233443233445556665346976887422222211234444555555433333332211222222222222222222222222222222222222223333345644455322222222333332222222222222222222222232223332333233333323333333333333333333333
44434444443333333235667788775357974332222221111123334555555433333332211222222222222222222222222222222222222233343344444555322222222255432222222222222222222222222222322222233333323333333333333333333333
43344444444433333345667788764458642222222111111223344555555443333333221222222222222222222222222222222222234333443334445555432222222345543222222222222222222222222223322222333333323333333333333333333333
44444443333333334444556888875567522211111111111223344555445543333333322222222222222222222233222222222222356554333334455566432222222345543222222222222222222222222223333222333333333333333333333333333333
44444444444444444433445577777677421111111111112223333443355543333333322112222222222222222333333333333322344334444345455666433322223445544322222222222222222222222233333332333333333333333333333333333333
33333456666543434444455567766676421111111111112233323443455554333333322112222222222233223333333334433333333333344344445555433322222444544432222222222222222222222233333332233333333333333333333333333333
33333344443323334444555544555665321111111111122233233344555554433333332212222222223332333333333344444333333333334454345555433222222345555532222222222222222222222223333332233333333333333333333333333333
33444444333334434433444544556776311111111222223333333354455555433333332222222233233333333333332112233322333223333454345555433223233344455553222222222222222222222223333333233333333333333333333333333333
33444553332334444333344444456799642111122222333333334454334554433333333222222333333433433333221111122222343333333334355555533223333344556666422222222222222222222223333333333333333333333333333333333333
33334444333334433223334444555667887642222223333333334554444544433333333322223333344443322232211111222221344433333323345544433223333355555666642222222222222222222223333333233333333333333333333333333333
33333444433344443234455554333334455554332223333333444555444444443333333322233333333332222222222222222222334333333333345444443332333355555555564222222322222222222223333333333333333333333333333333333334
55433334333345543234455555443333344443333223333334444555544333334333333332333333223322233333333432344433333333333333555554433333333345555555566422222322222222222233333333333333333333333333333333333334
45565554333344544333344555555555554443333322233333333444443323344433333332233344445444333444444434565554433333333334555555433333333334444445566642223322222222222233333333333333333333333333333333333333
23566654444334433345677765556777643333222222333233334555543222222334443333334334555443334444333334555544444433333454444444433333333333455555566653223322222222222233333333333333333333333333333333333333
34566554444344433333344555555555433333333323333445677775443332222333333444444445544322234455443444444333333344335776543344443333332333444555555554322322222222222233233333333333333333333333333333333333
66544433332333443332223333444554444333333333322345566555444443333222333456655567665433344444444444443233333344435666655433443333222233356776555555433322222222222232233333333333333333333333333333333333
55554443333344444333233233344444555433333443333344555554443333222222334455433456666544444444333344433333333333345566665433333233222222367777655555543333322222222233333333333333333333333333333333333333
44444333333555554333223333223334444444434555555556554444444333333322234555433346666544444555553334433333333333344444555554443233222222355555555555553333322222222233233333333333333333333333333333333333
44443333333445455433233333333333344544444444444444554433333222233322345665433335555544433444442234443333334444444544444556553233222222246665556677654333322222222233233333333333333333333333333333333433
55555444433445554333333333344567777544445555443445665433333333445666776543333334555544433444433234443222234455555665555555554333222222235666666666554433322222222222233333333333333333333333333333333433
55444445555555444333333334445566655555544445443345565433223345555567777533233334555543333444433333442222234555544467787644455323212222223555557777644443222222222222223333333333333333333333333333333433
44444445555555555544334333345666654443333333333344444433333445555434556554322234565532222344443222332222233455677888876533455332211222222445555666544554322222222222222333333333333333333333333333333433
44444444567787666554444444445444444443333433333333344444444433444433333444433345677654333333333333333222234567777765544444455332221222222455555666544456532222222222222333333333333333333333333333333333
45445566787666666555544444444444444444333333322233333334444444444443344444444444445555433333333333223334566766665544444444444333211222223455566666655556642222222222222233333333333333333333333333333333
45566666677665566655444444444444444333333332223334444333334444433334555555544444555554443333332222222335566544444554455455555333211122223567777766666666653222222222222233333333333333333333333333333333
34445555667766666665555555666677776543333222222233444433333345544445556655555455544444443443322223333333333334455555554444444332211122223567877666667766664322222222222333233233333333333333333333333333
44444344556555544545544444454444444433333222222222333333334444444555555555554455444455554444443456655433334455555554445555555322211122223568888765555555565333222222223333233333333333333333333333333333
33333344555544434445444444544345556555443333333333333333333333455555544334444445566666655555434555433344445666655444445555445433211122224678888655566666655433222222222223233333333333333333333333333333
33333334555432223334455665555567777754322222222322222233322223333344444433334445567888765444456555333344556677777655555555555433211122223567776555566556665543222222222322223333333333333333333333333333
55655433444443444433333333344567776532233333333333333344433222334567776543334444567666555544666653333345666556777765444556666532211122223567766667766555566664332222222333223333333333333333333333333333
55555543334455443222233433334566665554443222223444444444433333333344444444444444445555544445555543444444444444555555455555666532221122223555566778766556667776432222222333223333333333333333333333333333
33444442234555543333445554445444555544322222223334333332233333334566654433334444444555544455554444555555444455555555555655544442221122223445567888766555555666543322222222223333333333333333333333333333
33444443334455543223334456666554444443333333333333333333345554443322233443344555555544444444444444444433333444445555555555554433221112223344456777655555554444543322222222233333333333333333333333333333
44455544444445554332333444455444444443333333433333333333333222212222333333344444444444444444544433333334444433444555555665554433221122223333344555555555555444544332222222233333333333333333333333333333
23345555433345555443323334444433333333333332222333333223222111111112333332334454444333333444554433333445555433344455555666554333221112223333334455555554444445555433332222233333333333333333333333333333
