64211222212225676443223421232113222222333332343343333336643443445888888888888888888888888888888888865566777678887654354322223222233332346888888888888888888888888888888888888888888888887777777777776643
74212222221224676443233322233333223222564322333333222346433333335888888888888888888888888877668888765466765677876543443322222233332342335888888888888888888888888888888888888888888888888778887777788633
74222222222212578632222233223222123222664222335332223356533323224778888888888888888888888776448888446566566667886443333344422223333453334788888888888888888888888888888888888888888888887778888777786445
74211122223224678844222233212221133221673222334322223234422222233467888888888888888888888787547888655444578788886434322453333213324443445788888888888888888888888888888888888888888888888777877777777665
64211222222115877643222332222211122222664222333322222233211122321256888888888888888888888787548888643333567776565433333443233212223322357888888888888888866778888888888888888888888888887777777787777766
64222222222212674323332322233232211232674232223222232224631112222235688888888888888888888787548886433333478643333433333333222212222222247888888888888888644545788888888888888888888888888777788888877767
64223222322122653422233323333222212232674232234322222225851111222222467888888888888888888787648875333333455543322333332233322222233222257887688888888887543333588888888887777678888888887777788888877777
74343323321132354322243334222142223343675222224322233234542112322222334568878888888888888777647644434433333345433443332223222222222222345765688888888886433333468888888887766478888888888777888888877777
74355445433454444444344435333354334352375322334322233332322112321212432345778888878888878777645533435323222344665443334322222222222332223435578888888886443344447867888888776468888888887767778888887777
74344444555554445445445555455555555554575333445333344444432112433344434333678888855478865677644554435322222345655333424311132222222333332333578888888886533333456747888887876478888888875546567887678767
74344444444444444444444444444555554555554345555555555555555555555555555555666777655555654677644565445333333544443333434322343222252222234324678888888876433334575636888887776478888887863334344676377546
74344444444444444444444444444444444444565344444544445555555555555555555555655555555555555677635555566555556655555556565555555555465555455445667777777675443334555535776777775378777876644343333444245334
74333334444344444444444444443444444444665334454444545555554454445555555555555555555555555247544555556555555655555556554555555555566555555555655555555665555555565555555567875456556655555554444544445444
74233333333334333333334334443334444444665334444444444444444444444444444444455545555455555447644555555555555555555555555555555555556555555555555555554655555555565555455556776455555555555555555555555555
63233444433444444444444434443344443344665334444444444444444444444444444444444444444445444577644445544555555555555555555555555554555555555555444455554545555555555555455556775455554444454444444455555455
74344444444444444444444444434444444444665334444444444333444444444444444444444444444444444477643444444444444454555455555455555554544555555555554545554555555555555555555556776445555555444444444444444444
74244444444444444444444444444444444444565334444444443444444434444444444444444444443344444577653444444444444444444444444444444455544545445555555555544545444455545555555556876445555554444454444444444444
74243333333333343344433444444444443444665334444444444444444443444444444444444444444444444578654544444444444444444444444444444444444444444444444554455444444444445544455546776444455444444444444445444444
74243333333343343333333343344334433434665344444444444444443333444444444444444444444444444467653544444444444444444444444444444444444444444444444444444444444444444444445532576344444444444444444444444444
75244334334433333333333343344334434334665334444444444443333434444444444443444444444444444467753444444444444444444444444444444444444444444444444444444444444444444444444442565444444444444444444444444444
74234344334443344444334444344433334444664333344333433333334433344434444333333444434444444468753444444444444444444444444444444444444444444444444444444444444444444444444444766444444444444444444444444444
75233333333443444434334444443444333344663234444344433333344444444444444333334344444444443368753444444444444444444444444444444444444444444444444444444444444444444444444445666554444444444444444444444444
75233333333433333433333344433344444444665334344444434433444344444444444434443444444444432237753444444444444444444444444344443444443444444344444444444444444444444444444445776554444444444334444434444444
75234333443333333443333434444344444444675334344443443344444444444444444433332244444444422545753444444444444444444444444444444444444444433333444434344343333344444344444446776444444444444334444444444443
74344434444333434334333333433334443344675334344343344334444444444444444444442244444454433554654444444444444444444444444444444444444444444444444444444444443444444444444446656544444444444344444444444444
64344444444334434344333434444344333334675334444443344334444444444444444444443145443444444454563444444444444444444444444444444444444444444444444444444444444444444444444436665544333343344443343344343444
75234444444444444444444444444344433434675334444333434444444444444444444444446336544444445465443444444444444444444344444444444444444444444444444444444444444444444444444436776534333333443433433343343334
75233444444444444444434444433333444444775334344333333434334443444444444444446724565444446355353444444444444444444444444434444444433333344444444434444444444444444444343446876544344334433333334333333334
75234344344443444334443334444434433434775334444444333333333444444434333334444853566543446446254444344443444443444444444444444444443443444444444444444444434334333333333336876544333334333333343333333333
65244444444444444444444444443444444443575334444444334443444433444434433344434773356654445326354445444444444444444334444444444444444443344444444444444444443434444444433336775343333333334443444443333333
65234444444444444444444454454444444443475344444444444444444344444444444444334576443445444334354434444444444444444444434344444444444444444444444444444454444554445444444346875434333333334333444444443443
75244444555555555555445555555555544444675344444444554444444444544445555444444467642112445643454323443434334444555544444433444444444444444444444445555555555555655555555557865544443333343334443343444444
74233344444444444444444444444455555555675345545555555555455544444444444444444457753111245634453223333333333334445544444444444434443444445444555566656666666666666666666665566544444444444444443343444444
64243344344434433444333344444444455555775346555555555555555655555555444444444447874433545656443334443343333334344444444444444544455555556666676667666666666656666666666666555544444444444444444334443444
64233333333434344444334443444444444444675435443444444445555555555555555455445445896667656674233434643345554555333445555555554444566577678777766667666666666666656666666666566444444444444444344443333333
65233434344443444444444444444334444334676434443433334444444444444455555556665555578777756853211233333336776776444444445555556677887777777666666667666666666665566666666666556655444433444444434333334334
65233334444444543434445445444454444444676334444333433344443344433334444445555555557667654843111222222225778887766567678885457777777766677766676667666666666655566666666666655566544333333334443333344433
65233333333444444444443344444544444444675334444444444443345433334334333333443444466676664554211122222236667777778889888884356777777777666666666666666666666545566776666666665556654433333333333333344434
64322223334333443334444444434433333454676335544444444444555544444454444443443333566776664453211122222256666767767788777884377887777777666666666655666666666456556776666666666666776444443443333334443344
43313232223342333333433333333443343443575335444444544444444545444554445555555445667656665442122222222466666666767777777884478888777766666666656655566666665456656777666666666667777645444444454544443333
33223233222332433333333343443444343443475334444454444444444434544454444544554446666556665342234323334565666656656766677873588888777766666666666666666666665556667777666666766677777755555555444544444434
22333333222333333333333334444454444444676333434445444444444444444433444444443456665556665554333325555555655656656666677864787787777777666666666666666666655566667887766666667777777764555555445555544554
23333333433333334443334333333343444444676434443344444444444444445444434434444567655556655553344214555556656666656666677755777777777777766666666666666666655666678888766666677777776765444455554454455544
44443344433343444443343344343344434444676423433345443444444444334444444444434667655544444432354313445556656656666666677756777777777777776666666666666677666766677788777766667777766676444444444454444444
43333333344433433443433334433334433343565323333334454454434445434444444544544577655445543223355311444455656666666666777757777777777777776666666666666776667676776777777777677777765777544444444444444444
33333343444434444344443434443333343334564422223334344444434444444344454334334466555653432223354311344555555666666667777757887777777777776667666666666676676576666677777777777778753577645445444444454444
54444454554444444444433344334343443333564321212233443333333333334343245343454466456510112223234311234544555666666667778768887777777777777777666666676776676566666677777777777777651267644445444444444444
55444443445454444444554433334433344433554432322333333333333223443344444443433465456323222224114311124444555666666677778868887777777777777777766766767776765566666667776667777776531247755444434444554444
34443333444444444444555434334443433343332333333333332333444444444444333344443465445556333334333321113444555666666677778777777677777777777777777777767667654567666666666667777765431226765444444443344444
33444344433344445444455444444444443443433333333334344434334444444443334444444564555554443334533211112444555566666677777777676677777777777766667777766666554567666666666667777654321126785455554444444444
44333443333333445444445444444334544444554333323333244433333433443444344444334554565543433345432211111344555566666777766666566677777777777766667777676665444567766666666666777543310136887444455544445544
44444343344433343333334443444334444434543443444433334333333434432334344433334555555433322364322211111244555566667777666665565566677777677667777777666544443567666776666666766543211235787644444444444444
43343444334333334334344444454444555545545544444433444334344443333334334434445655654333222562112211111134555566667776667654665466777776676666766777665444443567667777776666666532112235767654433333344334
44433334444443344444444454555545543445544454434334544444444422344444444444465787653323214641123321112125455566667776676444665457777766666666666666655444434577666777777666666532112344556654444333333333
44444433334444444444444454444444444444444455444454443334444433434434434334565557754233235521113432112213445556667776675345765466667776666666666666554444434678666777777666666431122344445765443333333333
44444443344443344334444554443434444434444344454444343434444443432432323333377455554354343211123542321212444467667776764356776566666776666766666555554444335689666777777656776421222333345676444454343333
44444444444444444444445554444445443334444443344334344334334323222334333334589665545543452111243432323211334467666777764466776666556676666666666554444433345678766677776557875311222344334577544443334344
54444334433333343455445455545445443434445443444444354444444344433445322345688876545432231124452433333322134457766777655666666656556666666666555554444455556655776667765568875312222345334467754543334333
44445443323344334444444455555444454544455444444444444444444444444555434556666544455331121135542334434433323335766666656777666655556666666666555555445665566654776666655688865212223444433456765443333343
44544443334344334544443345555443443333454444444344444454444444444445555655343123267422422333533343344333333322566666666777766655656766666665655545566765566543576666666878764212223444434454676554533443
44444434444433445444443345454432222344433344444444444444444444445554544544321232264322214434633454443344333433345555566666666654677766666666666556666665555322377666677778753222223444334344365654553344
55445444444444444444444444444432243444334444445444444445555555444554445455532211132111124334632355544555433334444444555566555554598876676666676676655555543322267666777878652222223433333333344345444454
43444443444444434444444444545443344444444444443444445544444444444454445454453211111111123444544455445544333333444344555565545554499888777777766654456655432222367767777778641122224554344433333334433344
44444344454444444444554444445544344433444444433434555455543344444444444444454321111123343443444545445443233444334334566565555544379778777876655533345443222223458777777788631122334445344334443223322221
44444444444454444444445444545433444434444444334444445544543444444543445454443343111234454433344455444333222333333333366665555542247766657775333333333332233444457777777787521122333433444344444312333343
44544444334444444554444344445554545445454554333445444534344444444444444433334343333434444444454443433333323333334433366665555532223334445543222222333333344334445877788887621123333443343444334431234444
34334333334444444545455543444565544445454454455554433333233333333344344443333343433433444445454444443343224344433333476766665422221123334333344333344343344334443577898888731223333543344433444433124433
44334333333444435444555334334555554454344344343344444333433333333443344444444443433333434444354445444453334444444343577766665311122333334333444433443333444333343368889888742223333443443333343444223333
34334443333334333334454444334444443323344433344334444443444333344443343444445445433433434444344333444444454434444444577767664222222343344445445434444333444334333337899888862233347533343433332444233323
44333433344443344344444454444334444334443433344444444443344443343344434444444445443343444344443233345444444444454444677777654222222344444345344333334333333334333326899888884233369733333444333443333334
34443443344444444333343443333333334454444444444444444343444433443444444444444333343444544344334333344343434454344334577777654332333345454333344333334344433333333224898788896233389943433333334433334334
33332333333343344343343333333343344444444544334444334444444344443344344434444344444444433443344344434434445444444445676676644333333343343233444333334333333333333333798888898322389963333333344433334334
23433333343333343333333344433344443343344445443444443444444444434454344544434344443333343344364344434444445444444345677776544333332333323333323333333233333333334432599888898422399983333423433433334333
33334434344333333332233344333344344443334554444434444443444444434444445444334434433443343444443443455443344544443445766665543323211233333233222233333333333333344333489988888732399996333344333333334333
33334444444445444343333334444433344434434443444433443344444344333444344344343333433433333344433333344433443444333336787754443332211334343222222222333333333343333233359988888862389876434343433333323333
34543444434445444333344435444333443443334444444344444434334543434435543344333443333333643444433344334434643333333336777874422266222334343322223333343332333333343343337988888884268886433333333333433333
43444343344433434355434443343333444344333444434334344334434433333433433333433444433333653344444434444434434433334447777863332368433333433333344443443443344334444333335998788764258887422333333334333333
34333332344434444346434444333433444433333334444344433334443333443433443333344434443333543345543444444334434444344456777863333447523334444334444333323344444344433343334898677765238877423333333333333323
34334443333334444335433344433333444344344434343444433344444444344444343333344444443345444445544444444434434444433466676863333437523333344333333333433354433234333343333698666666325876434333343443343333
44444543343343333334343333444444444434334344433433344334444434323333334433343444433443434544443344433324344444423466666753332336522333343333344333434333333333343344333598557765322786433333344433332333
33344443343443333333334344433312334444444444433343343444334434344443334334534564445544433443333332324345533444333466665433332234622233333333344233333344333444433343344479657765322487443333343333223332
33434443333444444443343343333333324433443443333434443454444443344433334434533443346645444544332322233255553343332256554431222233532233323333333233433344333344433333234258788764322267553343443333433333
43344543333444444334443344333334334433344443334433433355444443343444344344432343345544444433332333333354352322322246666533323433342223222233222333322344333343333334223337788864322236433234433333333333
43334433443433344344433344333333433333334333334333333344333544344433443344424334334443334433233443344434233323342235666534542312234122212232112322222222134343222333311226878764222224433223322233233433
32333334333433333344323344345434334443333333334333222334222334433433543333443324433333324443336543354533233222331126776532233442355212222122211221122222222232111222211213878763122222223222222232333434
33333433332233333442232344344333334343443333333333332323243334323543543333444423333333223433236543433342222136223225766533232441234212221112211121122212212231111122111112787763222233211111111112323223
23332333333222333363332333333333333223443433432233332334333333323323343334435433333332233333336543442453222324224424666643222322534312246212111121122122322221521122111211787763222222211111221111222222
33322233333323334333233333333333233224333333333333334333334434334332343343334433334333333233435434343344321333232325766643322322332412256231110121131123346112211121111213887763232222221111221111112245
22333334333333333344223332233333334344333332233334345333334422444443433343333333333343333333343234323333311344223334776652232322232422233232210131131133456223100221111423776663342223321110221321111135
33333343333333333344333333333333343334333222344433554343344434443334332434234333332332324333343333223323332354343334777763223221321222232332220251352343545333421443331433877765322222321111111221111223
44343333443333433333334333333234443233333333343334443433344235344333333333123233323333324333333333213433232354443324776674322221331223365475320343342344545644654533333435777764312222321111111211111233
33233333343433333333333334443233433343333333333344333443343344334333323323323233233222433222333223232432333333443324665465634222642332244356442457432345443544333434435646677653222322221111121122102234
33333433343333333433433333333333433343333334433333333234333333333333333223343333242322333242333333343332334533312325654443324232433323433543454344333333433343333355445545778753222333211111362542112134
33333433333444344334333333333233433333234433444333333334323223342333333333333343333333333334432343333333333533322236566542122122323432324444443433443325643343334444454435678763421253321121233521232322
33333333333433223333343344333333333333344333334433433344333223333334433423443333333333443323432343332333233332333344455431231123325532323444333335643443334332334433455445667752421233542220233423122223
22333333433332223343344444433443443333333334433433444334433333344434233333334333232323323323323322322333333233343443434321221233337532343344333333433453324422435533334345667643432333432321344322223443
33333344333344333434344444444433433333333343333433443334543333433343333433543333332333212334333322322333332334342344333332353333235543322344334333322333443323434433334355567643313654321322434332336433
33344344333333343333334343343443344333433433343433332334433333323334443333443333322333322333332322323333333344233233343333343353333332333333223323332334444332335433444555655522332344354323435543444322
23233323322222233334333333333344333333233334344334333433333334343334543344444323433343333433322343323334334444232334343333542333333332233323333323431233454333335532475356654423443654444443334464242222
23323322323322233333433334333344333443333233333345444433333444343333443333444333432232343434333333333333334333232245343433542233433323333324633454442334464323434444665344533334434544344333433342233322
32233333333332244444434433444444434432443334443445544433344433443333443334434444333334434434433323333333333222233365343343333334333333333344434344463343444434334334444433423434433444332323333332236522
23333444344334444333333343354433333433444333433434444443444343333443344434334333333334334344333322334333343333343345443233333333333444455343344323454334446334324433434333224545443333344333333343333323
45333434334344444433333333443433333344333344443444344433333343332433333433334333333343443343333323324333343344343333332223323223233434333333443333333332434333224433334321223346434443455234347443233454
44333234333434443333332223443344345434334334544343444433343333323433333333433333443344433333323332223333443344333434532222322323334333333323344433332332333323424323333223222145345444345332336323333664
33233334333443434433333333333334334334444344434333444433434324333334443343322322444333443333233333333333433344433423443334332222234432333433334333332333332233423332233435222243334343323322333234334563
33343344343333434333334443343334433344434443444333334333333344333343343343223543444343344343234334444333333332334423333333223232334322333433333333332232233232224444323434423334433322323533333344356455
33444334343334434334432444444545544454334444544344433333323454433444445334444443443444434344344343344334343334433433333433223433334323233533334322232232232232233543243334544235333543432343322347544444
34434344444443333433543444445444443454334344443443433343333454544444456433453344332355433444444453344444343443333233333333333323323333333333333322245233222223323222242222233233332663332443233443344343
33334433434433333444443344444344433443333344443333343454344444444333444444444343333343333334344334433343344433333343333233333333333333333333344333355434322223223223322232222464332464333332223333244443
43444344333333332344333344443344433334433333343344454343344445433344344444334444434443344443444333343333333333333333433333333334343333333343233333323233222222333333333232333332333335233233323433332333
43343333333322334344334433333333333344434333334334444433344333244334343333234444433344444343444434433454344433333333443342332444343343443433333333432332233333332322323223334333222233132222433333333224
34433334333432333344344333333334333333344343334444443433434433334333333323333334432433333333444433334454444423233333433344233344433443454434333333433332333233222232321323233343133333232232433333323312
