63222222221112212211121322237532122322221488764332233222221112322257522233332222333332112223336788888888888888888888888754788865545556777788643332334442221232345433357888888888888888888888877777777777
63222222222111111111111222137632232222222258533333233223422221123257532233332222322331112232124688888888888888888888888764788865433346778767643433235333331332344334568888888888888888888888877777777777
64323222232211111111102323337632322232212257442323332333423221123267522223332222222373111222223568888888888888888888878764888753333347865444443333344322331222232224688888888888888887677787777777777777
64433323343223322222334445436633433343112235542223333332313221234368532222432223333575111122222246788888888888888888878764888533333346664332233333333332222222222222688888888888888885455567777777777788
74444444455444455555555555567634544554345534443434343443225433435247632222432223323343211242222243456888888888888888877764775443343333444443233333222332222223222223678767888888888864433336877777777777
64444444444444555555555544457624554455555544554554555544455554445347533333532223333242211242211343234578888887888887877764653343533332233555444333322222222222222233466557888888888754333334688877777777
64333444444444444444444444457634444444454444444444444444555555555556534445544445554554322343434444443467888885557886667764455443532222235466543333442222222222223222343456888888888744333344477677777777
64333333334433334444444444457634444444444444444445444444444444445555534545555555555555555555655555555566667775546565457764356443532222234454332342332114222222233233233346888888888754333334477577777777
64333333333333333333333333357633333344444444444444444444444444444456534445454445555555555555555555555565555565566555567764555555655555455544444454543335323225322233332357888888888763333445666377787778
64333333333333333333333333357633334333343433333333344444333444444467533444444443455555455454334555555555555555555555525753455556655555565555555555555555555556655555554456777777777643333355656367777777
64333333344344444344444343357533444444444444444444444444333444334467533444444532344444444444124444454445555555545555534764455555555555555555555555455555555555755555555565555555556555555455655456556677
54443343344344444444444444457633444444444444444444444444444444444467533444444631344444444343146444444444444444444544557764454555555555555555555555555555555555655555555555555555556555555555655554555567
64433333333333333344444444458633444444444444444444444444444444444456533444444641344444444443266544444444444444444444457764444444444444555555555555555555555455455555554444445555445455555555555554555567
64333333333333333433343334357633433333334334444444444444444444344466534444444761444444444443455544444444444444344444457764344444444444444444444554444555544454454455555444444455445555454455555554555567
64333334333333444443334433457633433333334434434333344334443343343467533444444782454444444444646634444444444444444444457765344444444444444444444444444444444544444444445555555555455454445544455555554567
64333344443333333333334433457633434443444333333433334333433443443367534444444783554433344444746634444444444444444444457765344444444444444444444444444444444444444444444444444544444444444444444445555568
74344444444333344333443343357633434443444433444443444334443334443467533334444783554333444435846624444344444444444444447775344444444444444444444444444444444444444444444444444444444444444444444444444346
64444444344444444443344444357633434433344444444443444444444333444466323344434783554334444335745624433334444444444444447775344444444444444444444444444444444444444444444444444444444444444444444444444315
64444444444444444444344344357633433333344434443333344443334444444476433444444794465444444434625634433334434444444444447875344444444444444444444444444444444444444444444344444444444444444444444444444436
74444434444444444444444443357633443344443334444433344444444444444467534434444696555544434443535634444444444444444444447875344444444444444444444444444444444444444444444444444444444344444444444444444457
74444444444444444444444444436533444444443444434433333344434444444477533434444597534544444444744534444334434444444444446775344444444444444444444444444444444444344434434444444444444444444444444444444467
73443434444433444444444443447633444444443444444433444443444443334477633434444588532344444445743544444444434444445444446875344444444444444443444444444434434444444443333334443333444444334444434443444467
74333333334444444444433333357633444444444444444444444444444443343467533444444699531123444335755644444444444444444444446875344444444444444444444444444444434444444444444444444433433333334444443434444467
74333334333333333444433334457633334444444444444444444443334444444477533434434799532112444345768544444444444443444444447864344444444444444444434444444444444444444444444444444444444444444444444443444466
74444444434444444444444444457633444444444344443444334444443443344477533444434699645321354445797444545444444444544444446764344444444444444444444444434443334444444444444444444444444444444444444444443466
74455545555545445444444444456633444444444444444444444444444444444467533444444589767655666655895444554444444444444343446765344444444444444444444444443444444433333333343443443443434444434444444444443477
74445545555555555555655555557633444445455544555444445444444444444247534444444469876666666657764232355444444444434433446865444434444344343344434444444444444444344344444443444444434443333433333343333478
73454454444544444444444544467633444445555555555544555555555554444467534444444457766666665555652131244444444444444444446875433434344344444433433444444444444344433334444444444444444443333333433343333377
74333333444444544444444444457633434444444444444444444444445555555477534544445457666666655453442121235454454444444444446776334334344434334444444444434444444444434444444444444444444444444443444433333477
74322234434443344334444434426634444434443444444443344444444445565577535655555666666666555443332111134444455444444455446776445444444444444444444444444444444444344544444444444444444444444444444434443478
73232333333333333333433333347533443334444434444433444344444444444477534554456676766566655554222211124444444454455444446876445555455544445444454444444444443444444444444444444444554444444444444444444477
54444433334323333333433344457632344444544444444444554444433444434467533444365567766566655554212322123444444444444444445876444455555555555554444456665454444444444444433444334444444444444444444444444577
44554333333333333333333334357632333444444454343444545544444444444467633444357777666666654543212232222566555555554444445775445554555555555555555666665555554444444444444453444444343443344444444444444578
34543333343333333333333343347632333333344444444444334444554444444467533444425777666666786543212223321345545555555555555566566665566666666666666667665556665555545554444555545444444444444443444444433487
45444444444433443333333333356432222333433344334444444443443333344476533554423866666655652122211222332123344444555565677776666666666677777777777777765555666654444554455555555554445445444444444444433577
34444444444444333333333332333332323333334233333343333333344334344367534544445766665556410001211222233222223356776676777766667667877777787777777777765556666655334344444444545555555555554444444444444477
33433445444445444444433343222323333322233344333333334344344444344257534454467665554356432112211122223333333224566666667877777777878777776677777777765555666665334444444444444444443455544555555554444577
44333444334444445443333333322233333333344333344434333444445444444467533443466654554444444222211122222233333423566666787777777777777777777777777766654455666666523444444444444444444444444445554445555577
44443444444444444322333343433344333443344334444434433443334444444577633443455654444554332121211122222233333332566677777677777777777677777777777666654455556565523444444444444444444444444443444445444578
44434444443444444334445544455444334444444444444434434444344444544467633343455555544543322222111112222222223333467776666777777777777667776677776666644445555553322345544455444444444444444444434444444575
34433334443433333344444444444333334334443444344344334443333444334467423344456544454432233212111111222222222332245665567777776667666666666666776666544334556543221135544444444454544445444444444444444565
44444444444344344553443344544444444445544444444444344444333344334456432256579874434321232111211111122222222232234554567777766676666666656666676666543334555544122112455655554444544444444454545544544576
44444444443334444444443444555554455455445444444454444434444344343466431255698996333221221111221111122222222222133435666777776666666665655566676765433334444434311121245554455555555444444444444444544676
43322333343433444434443444444544434344555444445455443333444344443455432236998897432211111112211111122222222222123335666777676666676666666565677665333333444433431123114444344445555555555544444444444687
34333333333443443434444345433444433444434444445455543433444443433343343337999887332242111223211111122222222222123345666666666666666666666556677664334333344432442112212344434434444444444454445444444587
44554444444444344344444444444434444443334445545445544544444443344443244345777755432242113322111111112222222222233334566666666667666666655556776654234322344432343211221244444333434444444444445444444577
44454445444454444444444444444544444434433344444444544455444454554454333433444210432132122221111111112222222222233334566666666766666666655556766543233222334322343532112133444343443333343444444444434457
44443434444544434444444444444334444434443434333333444445434444544454444432332001432131121111111111112222222222223434666666667777656655565557665543233222233322233554421123554444443444443333443333343127
44434334444444444445544543454443344433443334434444444445445455544554554433221023322221110111111111112222222222212333555656667676433346655467665542133222233322224544442124444444444444444444444433333337
44544445445544444554444444444444433444454444444444555455554554444554554433222232223211100111111111112222222222222222555555666665322224555566554542122222233222224444444333444444444445444444444444433567
44444444454444435544344444455544444333444444444444445444444444444554455444222211222211101111111111112222222222222222454445555433222222355565443331122222222211123444453454444444333444444444443443343577
44434444445445444444454444544444444334444444434444555444443444444445444444222212101111121111111111112222222222222222333223322222222222245554343211112222222222233343344444444344344444433444333433333566
34455444444555444544443555445444544444444455444444555445444544433444443344322211000111111111111111122222222222212222222222222222222222234443332111112222222222243334332344444344443344444344334433333577
44445544443444444643443344435444534433333333445544555555544544434444443444443110001111222111111111111122222222222211222222222222222222223433221111112222222222243434433333333443433344444344334433334677
45445445545444444544334444444444544333444433554444345555544444454445544443331001111123334211111111111222222222222111222222222222222222222332211111211222212222343443333434434443344544443344444333344677
44344544455545554444444554444444444344444343554444334555544344433354445444321000111133444411111111111122222222112111122122222222222222222221111222211112111222444443344444344443444433333345333333345677
44444444444454444544444444445444544455444445544444444554443222234443344444342001112344444431111111111222222222122111111112222222222221122111112332211111111223444433443444444333444434443334333444345777
44444444444444544445444444444444444445444444444544444444443234344443444444444211144445544442111111112222222222122111111111222222222211111111122332221111111223333433344444344343334433444334333454445676
44334554544544444444444445444344334445444444444444444554544344444444445444444433444444544553111111112222222222122111111111122222222211111112210233222111111223333344443344333433433334433333334435434677
33333343444445544444434444444444444445444444444555544444545434444444444443444455445444445442111111112222222221222211111111112222221112112222100133222111112233333444443344334433433334444333443444333677
33433334445355444444544344344444445444445444455444444544543444433444444443444455544543344431122111112222222222222221111111112222212222222321000133222111122233333333444444334443433343333433443344342267
34444434444444434444444443343444433434445444455444444444555544445554454333444444544443444442243211112222222222222222111112222222222222223200000133322222222333223333333434443444444443443334543344333157
33444444444433333343344443444433433333444454544555554444565554445545455445555443433334444443455322222222222212222222222222222222222233331000000023222222222343223333334344443444444433344445443444334556
33344333334344334433444444443434444433343434544455434434455564445434445344444444432333333333345532222222221111122232222222222223333333331001111122222222222333322333443344443444434334344444433443444776
33333333344444334444444344434433344333333444333444444434444454333334443333334444444444333344444653332222221111112333333333333333333333343211111112222222222333433333433334444444434334433444343443334777
44333333344444444443334444444444343344454344534444454444334445433444434344344544443344443344444465753322222111112333333333333333333344434432112222222222222333333334333344343344333334443433333344434677
43433433334445444433443443443333343334344445433343344343333334455444444444444444343344443333344456863333222211123333333333333322233454444454212222222222222444333333434444443344333344433333332244434676
33354433443444444444434333332343333334433344444343333443344334444444544444444444444444444443444446663333322222123333222223333333344443454445421122222222222343334444445444443334433343333433433333344676
33333443343333323335443333333344443444433333333333344443334444344344435433444443444444444443344344553333332222222333333334334434333434444435443212222222232344445444333334333333344433333433232223334676
34444444334433333444444443333334444444444443333323334433344434444334455444444444444444544444455344563333332222223343443465344434444445444444445422222222222234444344223344333334434443333333323333334666
34444344344433334334343343343444444444445544444333334444433444444434444444433444343444444434444445465334322222333343444443444446444444444454444442222222222234333423223232333333333333333333333333334665
44443333344434444334333333444354444434444544435444434444333443344333444445444454444334444433445444356435222222443333344434433345443343444443444343222222222223233233324322323333233333333334433333444555
33333333334444344444443334433334433234443444335534444333343444444333444444434444434434543333444543445557222223333553444443343333333553343333434334322222322223323334222221223333333333333333433333344443
33333443444333434443444344444333443334344445435634444433443444443333433444344443334434334443433433335679422223333563334444443444433543333343343334332222233222334344221222233333333343334333334333334333
42244334434333333344444444444444554333334344434543334444443444444344434444444433344443343444444443334689622223333443344544444443433434433444434334432222232222233333332333443344342333333334333333443333
34443333334334333334433344333434444344344343333344443444444444444444444434443333444445444334444343333488632233345444345543344443334434444454434434432222332122243443333444343333344444433444433333433333
33334433333433333333332333233444444333344434443334444433322334434444444434343344434444433334443334433576542233443434544444444433324444444663444544422233332111244334333333333333345444334443334333433334
33333323333323333333333333334444544333344444444444344333334433443443444433334443444444444344443334434765543234454433443334343323335544445443464445322223222112234434333334443343344433333333344333345544
44333333333232233234433443334334543443344444444444344343334434543344344433434443355444444343434334434766642235655544544333332324246543444343456545212122222222333433333344443333433333333333344444434644
43333333333333333353433443333234444443443334344433344343333433333334333334434333345433454344444334346766543334544444533332323233244454442343444544111112222223333444234335443334334433344444333344555434
23223334333333334453332333443343443432333323343323345345434334443333333334333323434223444444433443347765443434433433423233433333355344442454455532112112222223432344244345433344344443344544343444455433
22333333343333444333333333333333333333223333354233344343334334333343333333333322334233334433533553348665434433333333533335544344543234443444345432112222222222232223243334433443334333334553344444445533
33333333333333334333333343423332233333322333344333333333333223223443443432233332233344333323433443367765534323333333432236533343343333343343334321122233222222222223233333464433333433454434345433354333
33223333333334333344343334423333334333333334334233333233333233323333333333333333334434344333322343377665533223322233333326543442353234343344223311122232222222321122123322344333433343344444344333333233
33333343343343333333333343333333344333333333335323333233334334344433333233334345333333423445333443376655422223333333333335423343355333444342133211122222222222321122223322322323322222223443335323223333
33333444433333333233233343334434333344333443333333333333333443334433222344443455333334433444444433366655322223343333333333234323333332344233223211112211222211212122232211222222211222113541224453223222
33334533334333433332343434334324333344433333333343434443234443233333333343334443343344334444344333465443232223332333333333323233322332333233222111111112222211211121121112221111101226212111223353222432
22333433334443434433433433433334443344443333443344333443333443344334334333344433443443345334334333366542144223333323233332433123323232333232222111111112222111111111111113421111131223213311022022233333
11222334333344334423333334443333443333344334434433333333333443343333434433333333333333333323333333347542244323222433223333322222322232332332222121111112222111111111114211222123343222522541132122133334
22333333234434233333333344433343333333343334334343333333333433333334433444433333334323332343333333248642345323322322232333323243332323322312121121111112222111111122115211225422323424553543332433234455
33334433343233323343333333322333333343342222343234344433343443333244323334433433444334223332333433358643345434323343243323344333333223222211111111101112222111110111112212235522223333253332343443454544
44433443323234234433323333333333344433344333344344444543434443333333334433443444344433333344334333357643345555334433323332333222332122121111111111101112221001241111123434343334312543433323333553453455
44444433333333333333334333333344445433344433433334444434443433333333343333433443334543333444443333367543344432233323423223333322232122111111111001111112221002421101234433333534322543333334433354434454
44342333232343323333233333333333434332323233333333343343344344333433433344433342234443333323333343477643365432233222333332321221122112111110111001111112210005611113214333333543454333432233343345544454
43432222222334433343333333323332333332332233333433233333344333333333334344334433433333333333434543477633456765333321333323322222211111111111111012111121110014432223333323333322343323432333553233433343
33323222232343223444423334333233333333332244444444433443344433443333334343344344433333344343334543577633344554332323432222223212211101111001012022111111131122342333333223423332333443332333433333423333
33333233321222233345333333333333344434433345443433343354434344432554344443445544533343443443333443677633344322222223332222233113211111111010012122111430221232332233333333323432234434433333533343434433
43234324322233233333333334445433443434444444433333343354443333443444433433434444434444443443343443666433443233212333333433322233321011101111133122222430232433323334323643433332223355323333533256445444
42333333323332334443333333444333324333444443333333333443344334444433344443444344433333354333443345765422343322333334333333222222111111000111154331332332333333323333333533455353333355432443344565434543
33333323222343233333343344443223334334354443433332323333344335434344334544343445433333343333433335555523333333343443322211111113111111111121123332233333333333344445344334323365333344434333333433443332
33333332223554344334444445444444444333343444433434443333334443334444345444333444433334334323433344333423223333443321212111111113221111212111333322223322223233434334433344333343333345434323443333423222
33333333333344333344444344333344434444434534334433444443444433444434444444333444334333334333334455443223322432222211232222333222211121233222334532222322323323333233323343333333332333423222432334422223
34434433333333444444344444444434345544443333443443444444545554454334444554344433333323444433343356654213322222222333342234333333211232343323423443344332222224432333333334433333332333323432423334222221
33333433233324444444345343333434444444443333444455444445444443453333344443444433343223555444444455543221112332334434343344333444333233332334423333333223222234322333433333332333233333233433333233333411
33333433233423444443333343344444434333333333344433344443345434443333344443434443454344444444334455444322133322454433444444443444444343434433433333333223433334322233543234333232232233232223444432343433
33333544444433444333333353344344333333332333344333344444334433334433333343344454343444455443344444444334343433342333434444343434454344443333233333333333423323323333433333422133222222223233443333333444
33333343333343444433443444433443334333432333344444433333334333344334343334334444343355344333444343333344544434443344444444333343333343333333443333333333332333334233333333423346433322223322322233222234
33333343333354444434443334533333334334433334333433334333344334333344343434444444444444433244333333333234444433344444343443334443444334433333333443333333334343333333344234333334433322223322322323223222
33344434333344443344333344432333334333333444434443334344333344443344345434344443333333444323334333334422334333433333333444433334453344433233333443342332444343333333333333323332223222332333323333323233
43333333333444443333323443343343433443343344334444334344333343444334334323333433333333344433334443333333344443444333333443344444334433433333333443344333344433443353433333333432232233233332332332322334
34432343234433432233344442343334433433432354333444443333344464443353233223434433333333344333334432333333434444444433333334444553333333432333234443345444443333443465433333343433333333232223232331232333
25443444433322332333334443343345333333323345434444444653354344333443233333344333443443344333433333322233334444343343344324344553333443433333333232344435342233234543233443343443332233233223332333332333
