33444444444444444444548854454454554445555555555554577335555555555555555445545444455434353276334434322233332322222321212432345778888878888878877645533444433322334555443222222222222222222333465457777777
33444444444444444444447854444444444444445455455444577334444455555444444544454445555555555575432245433444444533333423334433333578888866578876777644554444422222244565443334431222222222233222343456777777
42333333333333333333337854334444444444344444444444576334444444455544444454444444544554555545651145555555555552134555555555555667777754456764577643565435322222253554322422321123222222232333233357777778
53333333333333333333337854333333334333333333444444477434334444444444444444444444445554444566761044554455555541265455555555555655555655665555677644555556545444554444444444443344333335222223432457888888
53333333333333333333337854333333333333333333333333477433333343434444444344444443344444444676772045444554555531466455555555555555555555555555347534555556555555655555555655555555555556555555444466666666
53333333333333333333437854333343444434443344433333476334444443444444444344434443334444444666874134444444444432656444554454555455555555555555337654555555555555555555455554455555555556655555555565555555
53333333333333433444437744443444444444444444444444476434444444444444444444444444444444444656886134444444444445647444444444444444444444445544567643544555555555545555555555555555554455545555555555555555
53333333333333333333337844444443434443444444444444587334444444444444444444444444444444444547887234444444444447458444444444444444444444444444477644444444444544555555555555555555544444444454554444444554
53343333333333334433337854443333334333334444444444587334344443444444444444444444444444444537787234444444444468467434444444444444444443344444477653444444444444444444444444444444444444444454454444444454
63343333333333334433337854333334333344444444434333577334433333344343443433444444444443444637777234444444444387466334444444444444444444444444567653444444444444344444444444444444444444444444444455555554
63333333444433334444347854333344433434334433444434577334444444444344334333343444434444433646676234444444444387457344444444444444444444444444467653444444444444444444444444444444444444444444444444444444
64344443444443444444447954444444444333443333434433477434444434444334444433443344444444444656766134444444444275256344444444443444444444444444467753444444444444444444444444444434444444444444444444444444
73444444444444444444434954444444444443444433443443477424444433444444444444444444444444444665776233344444334264356344444444333344444444444444467753444444444444444444444444444444444444444444444444444444
74344444444444444444435854444444444444444443444443477434344333444444443434444443444444444665587322344433344376456444444444333333344444444443468753444444444444444444444444444444344444444444333344444443
63333444333434444444437854444434444444444444444443577434433443444444443333444433444444444766688422344322344575255344444444434444444444444444468753444444444444444444444444444444444444444444444444444444
63343344444444443344447954444444444444444444444444366334444444444444344334444444344444444777788421244311334575355444444444443344444444444444457753444444444444444444444444344443444443344344434334444444
73343444444344444444447954444444444444444444444444366334444444434444444334433444344444344788888421133311334576476444444444444344344444454444467753444444444444433334444444444434344333433433333334443333
74343444443434334444437853443334344433444444344434576434444544444444444444444444444433444689997422134311334676785444444444444444444443444444467763444444444444444444444444444333334444444444333434444333
63334444444443434344436853333333334444444444333344576334444444444444444444444434444444444779997434334323444579965444444444444444444434444444467753444444444444444434334444444444444444444444444444444444
73334444444554444444434854444444344433444444444444577334444444444444434444444444444444444777898676656666755599744544444444444444444444444444467643444444444444444443344434334433333333444444444443444444
74224444544445555555445854555454444444444444444444576334444444444444444444344444444444444776788766666666656788544444434333444444444444443434467653444344444444444444444444434444443333333333443433443443
74222334443334444455546954555455655555555555555555576434444444544444444444444444444444442575787666655555555666445444434433344344444444343334368654444344343343333443434444444444444443343344444433443444
64222233443333334344447854555554445544445555555554576335555555555555555545565555554444444676776666555555444344345444444444444344444443344343357754334333443444344333334444444444443433333334344444443443
54444443444344433344436853444444444444544444444444576334444444444444444444454544555555444755667766555565555333324545555455444444544444454444457764333343443333333444444333334444444444344444434434444444
44444443445444443344336953323334334444444444444444366344444444444444444444444444445556656656677665555565444422313455445444444544544444444454457764444444444444444444444444443444444443444444444444444444
34444444455443443444436953322333333433333334434334366334444444444444444434444444444444456677777765555566654322213445554444444444445445544444467764455544444444444444444444444444434443444444444444444444
44344454445443443433444643333333343233333334333444576323434444444444444444444444444444445336877655555467744321112345555554454444444444444444457764454554555555555434444444444444444444444444333444344444
43344433234334444433433444554333443333333333344444576323334445444543344445455444444444442127776655545553212222112344455555566655555554444444457753344444444444443334455555555555443444444444444443444444
44343344344334445444444334532333433343333333333333476324344333444444444444454455554444444366665555434551100122211233444444455555555555555554446764344444444444432344444444444555544544445444444454444444
54444444444444555554444445434444444334443333333333575323223334434444344444444444444434545665654444445454300123211244344344444444555544445665424764344444444444222344444444444444444445444544455555555554
54444444444444468722443445444444444443333333333333444313333333342333434444443433443433445655555543345333411212222345555444544445555545555555545765455544444442123444444444444444444444443444444444445555
54344444444454456533444434343444544454444444333433223323233332332433333333333433444443445555775444444322211211233445654456655555555555655555446765355555444321244444444444444444444444443444444444444444
44555444555555444444444443344444444454454444443333222333343223433343333343334444454434456458889643333222212221232456654467655555566667766666544555344445553212455544444444444444444444444444444444443444
44544444455445454444444444434444444443454323333343333343334433443334444343334443444444465589779743222212222211222223456676655566776677766666654455344344453112455566555445544444444444444444444444444444
55444554455444454444544444444444444444443334445444554443344443444444444344444433444445465899988853221112212211123223556555666666777777666666665455444444452113444444555555544444555544444445444444444444
45445543454444444454444345343344434444344445444444544333343344434443444433344343445444466889976663321111111221123322345555677666677766667666665544454455452113453445334444445555566655554444444444444444
44444444445544444454344444344444443433444433444444444434443455444444444443445443334443453456664244222311111111112332234556776566666656666666655443335555552103444455343434434444444444444444556555544444
45454444445544444444445444454444444344455444444455555544554564454444444444444443443443541334431015212411111121122333214555665656666666666566654433333687763102354444444444344334333333333444555544555555
54544444323444444443344444333333434334444344444445455444454445454444545544433334443444432323310014212321122221112333212455555666666655555555554332332268763100245465443443444445443333333333344333444455
55534434333344434444444433223333334434434344433454334443333444444444455554433344444434432333210134211321222321112233321345446665555555554454554222232127864200345454444444444445444444344433344443334344
43343444443344454444444444544444444454444444444454434444444443344455454455445444444433443332222332212112222211112233321233345665555555444444554322223334775213454444444344444444434444333433443434334333
44444444444444444444444455544455444454444444444444445444443433344455444445444554444544444322222222221112112111112222222233334555555555444444455321222344565444444443454444534534333334544444443443343333
44444444544443445544444454434444445444444444444544444454444344434343333344444454345455446433221222321111111111112222222233323455554555555554455421222333344444444343444444544434434444544444443443444444
45545554545555545544444444344344444444444455555444444344444334444344334444444544444555446432221222211111111111122222222123222355554455544443455421122234344444433334344444554444444444345444543334444544
44564444544555555554444445444454455444444554444434544444334444544444444445544555555544445433321111111111111111122222222122222234445455444443366321122244434433334433354444455444444443344444443434433344
33354445455455555444444455545444554444455543444444555444444444544444444454554544455544444455421000111111111211122222222122222223345454444443354321122244444443333334344433334444444443344444534444443443
34444444556654555443444344344554554454454444554445455444443344444444344445554444444444444332111111111111111211122222222222222222234544554344354221122234454344334333334333333334444333324343444444344443
44444444554545555445444444544544445554444445445554454455544444444544444445554444445444443331011111111111211111122222222212222222223445544343343221122233443344333424323434334323343233423333323443443444
33344455444444444445445444465444434554456444434545454444444433343444455445555554445444434322111111111111111111122222222212222222223334433333233211112233433333333332322334423333333333334434433333333433
44444444453554444544444454555455444444445443344444344445453334454334555444555555444444444422111111111111111111122222222222222222222233332322222211122233322332333222332343433543443333433433334343334433
44454444444554444443444454445454555455544544445544445544443444444335544443455555444544333542211111111111111111112222222222222222222222322222222111122333232222344323433433344444444344444433434443444443
33334444444444445444444444445544444545545445444444444444444454444455444443455544422223334432112112322111111111122222222222222222222222222222222111112434334333343333334333344444444343443434434444343333
43444444544444545444444444455444444445444455444444555445444554444454444445444444322333444334334456432111111111122222222222222222222222222222221111113433333333333443433333334344444333434333434443443343
43443334433444433334444544445545445454444544544554443444444454444444444444445454433444443334544367544321111111112222222222222222222222222222221111124433443333334433434444434344344333333434433343434333
44444444444443434334443434334445445455444444444444444444444454444444445554444455553444444444444477643331111111112222222222211122222222222222211111135445554333334443333443333333344432333434433343434334
33334433434334443444433334333344554555444444444444344444454444554444555454455455444444434444444477754222111111112222222222111111222222222222211111144445442333334443333333333333333333333334444444344434
44444433334444544444454334444344444444444455444433444544444345454445554444444455545444455544543577753211111111112222222222111111112222222222222111254344331234343333333333333333433332233333334344334444
33434333344344343343444344444444444344443444444434444344333344444545455555544445655454455555644576763211111111122222222221111111111222222122222111344333332213333333333333333333334332233333333344443444
33343344443333333344444434444434444443344434444444444344444334444445445554344445555544564444554676664321111111122222222221111111111221112222222212433333332233333334333343333344334333223233333333433444
33443443443344344434543333333333444443344444544444344344443333334343344544444344445534333344443677665321111111112222222221111111111111112222322212444333432243444333333333333344444334333334333344444445
34334444444444444444555433343334444444444443444444444443433444443444344444544443444553334444433677766321111112112222222221111111111222222222322222444444533344344433333433343334333333333334333343433444
34444444333334444444444444344333444444444333444444433333443444444454333444444433343344544434444677665522111111122222222211111111111222221222322222333444444544334544434433445543234333343334334444433443
34444433223333334334334334544433444444444444333344323433333344443453433433334433433345544445444566665542221111222222222211111111222223211222332223333444444444444454444444444444434443333444355444433344
45433344443443453434443333434434433333334454433333334444334444333443333333445434444534433444443346665553322212222222222211111122222232111222322223333343334334443343343344343444334433444343343343333334
34333334444444444443444344444443344333334454443433343444444444334433322343444433444434443445554445665464332222222222222221112222233321111222222233444334444454444444454444444443333334443453333344333334
23233333444434344344444344443443444433344443443433435444444444455444443343354444444444444454444444665688344555554322222222222233333221222222222233444454444444434443344444434433443344333232232433333334
33333333433444344333444444433334444333343443333444434544544444455443344444454543344434433344444544457899656655565422222222233333332222222222222234334454433434444434443444434333444432333333232223333333
33333333343344444433444443333333344444443444443344343343433344435443464344434433434444443344444444358999779866654322221123233333333212222222222233333334335433334333332344433333332333233343233212233333
34433233444344333333544343334434443444444444443444443334433444444444365344443334444444433334334343457889779987543222111122233344434321122222332323333433245433323333333343333343232344233432112222232233
33433333334334334333433432443344343333334444444444444455543333344443355443444444444444433444444434446768768788643322211123344444444332112222322323444444344334343344333343333343433554332333322233333343
33233433244332323333333334433343343343333444334443344445443443433434343444445444444444444443443434446875656458754322221134334444434333321222222323443333334344443434343343343334433553333443334444433433
32232322233332322333333344344433434333333333333332334444544434444344433344444334233454454444444444435796454445654322222243333444444334432222222333344343344344446544454344453345443443334443333343333323
22223333333333332233233433333233333333343333333333344444443333445444443443443333343344334444443334445788534333354576422243344345644445434222222333433232353444456535534444443444543443344443333333333433
22333333343333333332333433433333333322222343334444444345444334444444444444443333443344343444443344444678743332368998742344345344544456454322223223322342465344444334555443344434544443344443333344443334
33333333332323223323344433334333333333333434334433433344444434433443444334444433344343334443433344433577764323499888742333434334434455344422223223232332544433323433455343343434443443333343333444433333
33422323333222232223333332234343333333345533323334433444443333333234433333443454343344433344333443333378875433498887642334443343343444334332223224333333544434323434554344453445544444334443343553433333
33323344433222323333342233334433433334433433333333333334433332333434533333444443443444433333333333322157876633489877543433334443354433333332233224444444432334334544544345455644434434333333433443334433
23343343443222332343333333333333333333343333334433232322333333223333543323333333433332334434333223344346787643389776544433434444333343333333332123334444333333333333443333332434433322334234334444534433
33343323332223333433334333333333334343334443333343233333333333333343332333333333333332244333333333333335677753476666434333344354333333233333333223444334423433353442343233332335522222333234333333444334
33443223333333333333434333333433434433333333334433333333443333333333442333323333333433443333333333333546665553475556434323333444333333323332333223434334533344453343333245322333224223333233323323333334
23333333343443333334434433334444343333333333333433344433433433334333343343333333334433444332323444344545576544666665444334333333333333433333222222343323433323433333333244323233224323233333322333223343
33333423333344433344334333345334443344333323435443442333333443343333334344344333344422333323334443345435666764766666433234332333333323333333222223233223223233433343333223222323222213323434432332223333
44334333434454444333333323444433344444343334334334333444333434333334333443444433434334433343333343444335655567766665433233332333333333323332222224232232232333334433323223323333323223322444343322242232
44334344434454344432232212233343334444344334333334433334443444443444343333333333335334433333343343433333655558666665543222222222322322234332222223322233233223334433333232333223223322333343333322433322
34434443334454334432223222233333344442333233333444434433333334333443343333333333334333333344344444333333566577666655433322233433332423223322222222233323223333334332332242333333222321222332233233343322
43443333334444534433343333444333433333334433334333233333334433322233433443443333434333333443333443333343566677666554333333333333333333233222222223333333333445333232322233322222222211111211122122365212
34443322334434434433444443344433332342344333233343333333443333433233443444454334344333333333343344335443555686665443233343344333333333343212221123332323332334333322322223321112311111111111112241343333
33434433333332333333334444444333333433333333343333333444443333444334333444444444344333333334443344344443455676665543233333333333332333232112342112232322332323333222222222211112211111101111112123224333
44334443443232332343344444434333334433333333333333333344343333333433333444423434433433343344334434334322456676655432333334344333333333332122332111123123233323212223211222111111101122000111011232235433
44334333443232333333444444322322233343334433333333233233233233322334343333333334443333333333334433443233355476544322444334434333333232332122322111112223233233321212111111111110010121111111011132334233
33332334333333334422333433222122333433244443333433332333333333323444344433344334443344433232433434433443355456443223455434443332222333254123433321112223333233211111111111111111100112111111121133223222
23333333333333323322334333332333112222333443333333233334443444333544443344334444444344335333444334554443335546532123444333344333332223366423444421112232322221110100111111111101101101001111111233223322
22233343434433323434433432343333222332333333333343454335443443444444333334434544333334344443344334444444335646632123334333343443343332465533333211113322112110011000111111112101101111001111124333224322
32233333433333223333333323433333243333344433333434444333343344444433333333334434433444443334444344434444334656754223334443333334333333565533332101013221110100001111211111111101111011011212126334443322
32332442433332334434344333333232223432333333433444332343343334444343333323234433443554343443454544444443334556653223333333333433333235655533333220111111111100011111111111111111111111112222333333332552
33333342444333343444433333344322245544443334444554343444443434434344333334333433343443344434454433444443334656743222333333333333333336556533322332210011111111111111111100111010111111132232222343222542
43333333343433443333333443433433333544333444444443334444443433344443444344434444444334444444444333344443343666754222334333333232234345445423323222111011011111111011111100000000111111121112222332222212
43323333443333333333333354344333333444344444444444444443554444433334334234444455555445443444445434444333332556654322334334432244334444444323312221111111111111111111111110100000000111111111111221222322
23323333333334333333343333334332343244444443444434344344444444433344445544454454455345433434444444444333332566654322344343443444334554334221111211111110111111110111001111111000000111111111111122222332
33234333433444333333334333334332343234444433433424444444443333333334444434434444453344333333444334334344433776654222244433345433433455431111212221111111111111111111011111110011111111101112111233222332
24334333433333333223432343445444444334543433334433443444333333234333443334444343344343344333334434445434434676533112233444444433334543320111211111111111111111111111100111010011111011010014322233231322
33323334433343333323343333333433334434444334434444344433343343323343443444333343443334443343433433444444334765631122233443333443334553322111111111111111111111111111101110111111111011111112233333222342
33333323333333333433443333333434434544444444443454333333343344333343344433433434443333333444333344444443435655532122133333323344433222211221111111111110111111111111111111111110110111111012333343333454
44333333344333323434433333343343434444433443333444323333343334344443444333443433333444334434444334444333345324533211123333223232211111111223311111110112111111111111111111111111111111101223432333223223
44333334433333333433333433333343334444333433344334433434444434334543344433444443334344443433442333343333344223332211134322212211111111223233333211110111221121111111111111111111112111112334333333334322
33333333444344333433334343323432344334323333444323433344344334324533344434333334445544434433322343443333345443232111232111122111233323333333332111112112322221111111111111111111112134334534333333333323
34333345443333333333343354434444333233323333444433433543333333333543444534456334534433334433323333443334346653222112111111122222344434333234311111136223333221111101111111111212211322345543333323434333
33433344433334434333444455564333333233333343354444435533333343334443344444356344433443434432332333434444456543212221111211322122234433333323211111234333333211111111111111111222322332334322334333324333
23432344433333334444443333443333343333334443343433333533333433334433344444334333333333444333233333344444555432222231112313322223332344332111111113333323222211111111111111011133333333344233333333324243
23333444434333433443433434433343442333333333334533434433344334224334333344333333333333433344334433433443544332233233223211122123211212211111112334333333333322111111111111111134433333333343334333332333
33334343333334333343444333323333343434433334434433434333433323333333533332342332334433443343443333334334333233333332233212321222111113311122233343333433333333211121111122111134333323333332322232233234
44344342333344444433444334334433433344434443333453323334222233333343422332232234333323334443553333344434432333223333323223523221122223334443344334432333344333333232232333333333332223333333333233233343
