44444444333333444445666666555555555666666665555666666666666555555666666666668999987799999889986545554444455666665544333333456677777788877777777666666655555566666666666666666667777776666666666666555555
45555444333333444445566655555555656655555554445556666666666666666655555556678999987789999988986545554444455566665443334444456667777777777777777666677776666666666666666666666677777766666666777666555566
55555544433444444555556655556666666655555555555566666666666555666665555666678999987689999988987545554444445556665433334444455566677777766666777777666677777777777777777777777887777666666666666666555566
45555544444455555555555555555666666666666666666666677776665566666655566666678999987689999999997545554444445555554333444444455556666666666667777776666666666666677777777777777776666666665666666666666666
44444444455556555555555555666777777777766666666666677776666676666556566666668999997789999999997555554444444455554444444444455555555556666667777776666666666667788877666666666666666666666667777777777666
34445566676666556655656667776666777776666666666666666666777776666666666666678999998889999999997555544444444444554444444444455555555655555566666666666777777777777777766777777766666666666677777777777777
44445566665555566666666666666655566666666666666666667777666666666666666667788999999889999999997544444334444444444444444444445556666777777677666655566677777777777777777777766666776666666777776666666777
55556666655555555555555555555555555666666666655556666666666666555555566788899999999999999999998544443333444444445444444334445556667777787777666655556677777777777777677777666666666666666666666666666667
66666666666555555555555665555555555555566665555555555556666666666666678999999999999999999999998544433333444444445444333333445566666777877776666555456677777777777777777766666666666666666666666666666666
55566666666555554455555555555555555555666666566555555666555656667788899999999999999999999999998544433333334434454433333333456677766677777666666654445777777666666777777666666677777666666566666666666666
55566555556666655555555555545555566666655555666666666666666666789999999999999999999999999999998544433333334433344433223334566777776666666666666654445677776666677766666666677777666555555555555555555566
55555555556665555555555555545555566665555556666555566666666678999999999999999999999999999999998544433333333332223322222234456777777777777766666543345566666666666666666666666766666555555555555555666666
55555555555555555555555555555555666555555555555556666666778899999999999999999999999999999999997544433333333322112222222223456666666777777777665533334556666666666666666666555666666666665555555566666666
66666555555555556666655555556666666556666666666666666677899999999999999999999999999999999999997544433333333322111222222223456666666666666666554433334445666555666666666666555566666666666666666666666666
66665555566666666666655556666666666666666666666666667778999999999999999999999999999989999999986444433333332221111222111223455566555555555545443322233444555455566667777666555666666667777666666666666777
66655556666666777776666665555555555555555555556666667889899999999999999999999999999878999999986444433333332221111222111223455555555555555444433222233444444445566666666677776677666677776666666666667777
55556665555555666566566665555555555555555555556677789999999999999999999999999999998778999999986444433333332222111222211223455555555665555544433222223345555445555555666677777666666666666666666666677777
66666655555555566666666555554555556665555666788899999999999999999999999999999988888778999999986544433333332222112222221223455556666666555444432221223344554445556666666777766555556666666666667777777666
55555554455555556556666655555566666666677788999999999999999999999999999999999987777778999999986544433333332222112222221233455666666665555554432211222334444444555666666666666556666666666666666776666666
54444444555555555555555555555677776656666689999999999999999999999999999999999988777778999999986444333333332222112222222234555666665565555555432211122234444444555666655566666666666666666666666666666666
44444455555444555555544445555666666666556789999999999999999999999999999899998888887778999999985333333333332222112222222234555666665555444554432111122334444444566666666566667777776666666655566666566665
55555544444455555555555554555566777666667899999999999999999999999999999889998888887767999999975333433333332222111222222234455555555444334444332111112345554344566666666666777777766666555555666666666666
55544444434444555555444444556666766666678999999999999999999999999999999988887788876666899999975333443333332222112222222334444445555443223333321111112334443334455666666666777666666666655556666666666666
44454444434455555555444455666666666666799999999999999999999999999999999888876778876655689999985333444333332222112222333344455445555443222233211111112234433333455555555555666666666666655555566666666666
44455444444444444455555554555566666667899999999999999999999999999999988888876788886655578999986433344333332222112223344445544433444332111222211111111233332334455555555555665555555555555554555566666666
45555444444443333445555666666566665667999999999999999999999999999999998877767789976555578888876533344333332221112233344455443322333321111111111111111233332233455555555555555444444544545554455555555555
45554444433333333344455555554555666689999999999999999999999999999888888776667788875444568887777542334333332222112233445566543221222211111111111111111223322233445555544555555544455555555555555555555555
44444444444443333333344444445555566899999999999999999999999999999988777766667777765333457887777642233333332222122223345665543211111111111111111111111222222234455554444555555444455555666666655566666655
44444444444433222333444444445555568999999999999999999999999999999998887766567777765333456776566542233333332222222222233444332222211111111111111111111222222234445544444555555444445555666666666677777766
44444333444443322333344444444555789999999999999999998899999999999999988777777666764333456666555542233333332222222322222222222222221111111111111111111222222234444443344555554334455555555666777776665555
33333333333333322233333333445678999999999999999999877777789999999998766668888766654323456665555542233333322222223322222222222222221111111211111111111222112233344433334455544334555555555666666666655555
33332223333333332223333445678899999999999999999988766666678899999877655556677766544333345565555432233333332222223322222222233332222111222222222111111111111233333333334555554334555555555566666666666555
33333233233332322223345678899999999989999999998887766555666789998776544555566555544333334444444433333333322222223222222222223333222222222222222211111111111222333333334556553334555544444555555566666655
33333333333333333333467899999999998899999999988887777655445679997665544444455544444333333334444333333333322222332222222122223333333333332222222211111111111122233322334455543234555444444455555566666655
33344445443433344455789999999999988999999998888887777766555568987655544444444444443333333333333332233333332222322222211222223333333333332233222221111111111122222222233454432234544433333445556667766655
33333444444433344678999999999999888999888998998887777776555556776555543344444443333333333333333322233333332222222222222222223333333333333333322222222111111111221111233444332234444333333444556666666666
33333344444443345689999999999999999999998899998887667777665555544444443334444443333333333333333322233333322222222222222222222333333333333333333222222211111111111111223343322234443332333444555566666666
33333445444444446899999999999999999999998999999888888887776545433333333333444444333333333333332222223332222222222222222222222333333333333433333333322221111111111111122333222344433222233334444455666667
44444455544445678999999998889999999999999999999989988887766544433333333333344334333333333333332222223322222222222222222222223333333334444443333333333222211111111111112232212233332222233333444445556677
44444444445678999999998888899999999999999999988888888887766544333333333333344344333333333332232222222222222222222222222222233333333344444444444443333322221111111111111222111233322222233334444455566778
44444444567888888888887888888899999999999887777778888877766543333333333333344333333333332222222222222222222222222222222222233333333333444444444444433333222222221111111121111233221222233334444555667788
55677777888888888887777787788899999999987776655667777777766543333323332333333333333333332222222222222222222222222222222223333333333333333444444444443333333333322111111111111233221112223334444556667788
88888898888888887777777777778999999999975555433344566666676643322222222333333333333333333222222222222222222222222222222223333333333333333444444444444444333333333211111111112222211112222333344556667778
99888888888777787777777767789999999999854433111233344555566543322222222333333333333333333222222222222222222222222222222233333333333333333344444444444444444443333221111111112222111112222223345566666778
99888888887777777667776666889999999998532211111122333333455543332222223333333333333333333222222222222211222222222222222333333333333333333344444444444444444444433222222111111222111112222222345566666778
99888898776677766556666667899999999998666543211111222223345544333232333333333333333333333322222222221123444322222222222333333333333333333344444444444444444444433222222211111111111112222222345566666677
98877888766677654445566677898899999998877654211111112222334554333333333333333333333333333333222222221234566553222222223333333333333333333334444444444444444444433333333221111111111111211122345666666677
88766688766666544445666678898888889999887764211111111122234444333233333333333334443333333333333222222444455554322222223333333333333333333333333444444444444444443333433321112211111111111123345555556677
88765677766666555555667778888887789999888765321111111112223444333222223333333344443333333333333222234555434444332222223333333333333333333333333344444444444444444334443322222211111121111123445555556677
88765567766666666666777778888777789999888775422221111111122344333222222333333344443333333333333222234555433344444333333333333333333333333333333344444444444444444444444322222211111222111123444444556666
77765567777776666677777777777777777777887765532222111221112333332222223333333333444333333333332222244554333335544433333333333333333333333333333334444434444444444444444333332211111221111223344444556666
77765556778777777777887777776667776667887665543221111111111223332222233333333333333333333333332222344443333334565432222333333333333333333333333334444434444444444444444333332211112222211223344444556666
66665556788877777778777777776666666667777665544332222111111112222222333333333333333333333333332212344433333333356542222333333333333333333333333334433334444444444444444333332211222332222233443345565555
55665545678888777777777667666666666677776555554443222211111222223333333333333333333333333333332213344333333333346643223333333333333333333333333333333334444444444444444433332222223333222344433345555555
55555544567887767777777666665666666676666555554444333333333333333333333333333333333333333333332223343223333333345553333333333333333333333333333333333334444444444444444444332222333332223344433344444444
45555544456777777777777776665566655566655444434444443444444444433333333333333333333333333333332223343222333333334443233333333333333333333333333333333344444444444444444444433233343332233444333344333344
44555544445677777777777666665566554445554433333333433444444444433333334433333333333333333333332223333222223333333333333333333333333333333333333333333334444444444444444444433344444333333443333333322333
43444444444567777777777655555565544334444433333333333344444433333333444443333333333333333223322223333222222233333333333333333333333333333333333333333334444444444444444444444444444333334333333332222333
43344444444456776666665555555555433334444433333333333334433333333333333333333333333333333222222223333322222223443332333333333333333333333333333333333334444443344444444444444444444333443333333222222222
44333444444456666655555444444555433343333443333333332333333333333333333333333333333333333222222323343322222224554332333333333333333333333333333333333334444333444444444444444444444444444333332221122222
44333334444444555555444333334443333344333343333333322333333332223333333333333333333333332222233332344333222223444322333333333333333333333333333333333334443333444434444444444444444444444433322211122222
44333334444433344444333333333343333444433333333333222233333332223333333333333333333333332222333333234443222222333323333333333333333333333333333333333333333333333334444444444444444444444433322211122222
44333333444433333443322333333333334555444333333333222223333333332222233333333333333333322222333333323454322222222223333333333333333333333333333333333333333333333333444444444444444444444433322222222223
44333333333333333333322233333333445555555433333333222222333333333222233333333333333332222222333223332244432222222233333333333333333333333333333333333333333333333333444444444444444444444433332222222233
44333333333333333333222223333344455555665543333332222223333333333333333333333333333222222233332222332222322222222333333333333333333333333333333333333333333333333333444444444444444444444444333322223333
54333333333332333332222222333334566554544333332222222233333333333333333333333332222222222333332222222222222222223333333333333333333333333333333333333333333333333333344444444444444444444444443322333332
54333333333332222332222222223445666544333333322222222333333333333333333333333222222222223333332222222222222222223233333333333333333333333333333333333333333333333333344444444444444444444444444333333322
54433333333333222222222222223456665433332222222222222233333333333333333333332222222222333333333222222222222222222233333333333333333333333333333333333333333333333333344444444444444444444444444333333322
55433333333333322222222222223466544322222222222222222233333333333333333333222222222222333222333332222222222222222233333333333333333333333333333333333333333333333333344444444444444444444444444433333332
55543333333333322222222222223444433222222222222222222232223333333333333322222222222223333222333332222222222222222233332333333333333333333333333333333333334333333333334444444444444444444444444434443333
55544333333333322222222222222333322222222222222222222222222223333333332222222233333333333222333332222222222222222233322333333333333333333333333333333333333333333333333444444444444444444434444444444333
55554332223444432222222222222222222222222222222222222222222223333323332222233343333444333222233332222322222222222233322333333333333333333333333333333333333333333333333333344444444444444433444444444443
55555433233577632222222222222222222222222222222222222222222222332222222222334432222333333222233322222322211222222223222333333333333333333333333333333333333333333333333333344444444444444443444444444444
55555433235788632222222222222222222222222222222222222222222222222222222223444322222222333322223222222322211122222222222333333333333333333333333333333333333333333333333333444444444444444444444444444444
45555443335787632222222222222222222222222222222222222222222222222222222223333222222212233322222222223322211112222222222333333333333333333333333333333333333333333333333333444444444444444444444444444444
44444444334676532222222222222222222221122222222222222222222222222222222233332222222221223322222222223322211111222222222333333333333333333333333333333333333333333333333333443344444444444444444444444444
44444444334676432222222222222222222221122222222222222222222222222222222233322222222222222322233222223322111111122222222233333333333333333333333333333333333333333333333333443344444344444444444444444444
44444444334666432223332222222222222221222222222222222222222222233333333334432222222222222222233222223222121111122222222223333333333333333333333333333333333333333333333333444344343333444444444444444544
44444444434565332223332222222222112221222222222222222222222222333333333344432222222222222223333222222222222111122222222222333333333333333333333333333333333333333333333333343333333333444444444444444444
44444444444444333221112333332211111111112222222222222333322333333333333344432222222222222223333222232222222111122222222222333333333333333323333333333333333333333333333333333333333333444444444444444444
44444444444443333222122223333212211222222333333333333333333333333333333344432222222222222333333222232222222111122222222222233333333333333333333333333333333333333333333333333333333333344444444444444444
44444444444433333322232222233322223444333333333333333333344443344333333344432222222222223333333222222222222211122222222222233333333333333333333333333333333333333333333333333333333334334444444444444444
44444444444433333322222232222222234443333333333333444444455543334333333334432112222222223333333222222222222211122222222222233333333333333333333333333333333333333333333333333333333344433444443334444444
44444444444433333222112222222222333333333333333444444444555543333333333333332112222222223333333222222222222221111222222222222222333332233333333333333333333333333333333333333333333444433444443333444444
34444444444433322222111112223333333333344444444444444434555443333333333222222122322222223333333222222222222221111122222222222222233322233333333333333333333333333333333333333433333444433444433333444444
33344444444433332222221111123344433333444444444444433334555443333333322222222334432223333333332222222222222221111122222222222222333322223333333333333333333333333333333333333333333444433334433333444444
33334444444333333322222111112344433233444444444443333334554443333322222222112344433333333333332222222222222222111111222222222222232222233333333323333333333333333333333333333333333333344334433333444444
33333344444333333322222111112344333223333334444433333334554443222221221211111344433322333333332222222222222222211111222222222222332222222333333322333333333333333333333333333333333333333333433333444444
33333334444433333322222211122333322222233333333333332334544333222221111222211233222222333333333222222222222222222111122222222222333222222323333323333333333333333333333333333333333333333333333333444444
33333333444443333332222211122222222222222222232222222233444322222222222222212233222223333333222222222222222222222111122222222222333222222223333323333333333333333333333333333333333333333333333334444444
44443333344444333322222111222222222222221112222111122223444321111222222222222333322223333333222222222222222222222211122222222222333222222223322223223333333333333333333333333333333333333443333333444444
45433223344444443322222222222222111111111111111111111222344321111111121111134433222233333332222222222112222222222222122222222222232222222233332223333333333333333333333333333333333333333444333333444444
77543212334444443332222222222111111111111111111111111222233321111111111111123433222233333322222222222111122222222222222222222222232222222223333323333333333333333333333333333333333333333344333333444444
76654211233444444333222222222111111111111111111111111122223321111111111111123332222233333322222222222111112222222222222222222222222222222223333233323333333333333333333333333333333333333344333333344444
88864211123444444433222222222211111111111111111111111111223322111111111111122332222233333332222222232211111222222222222222222222232222222223333233333333333333333333333333333333333333333334333333333444
66532111123344444433333222222211111111111111111111111111222332222211111111112232222333333333222222222221111122222222222222222222222222222223322223333333333333333333333333333333333333333333333333333344
43221111123344444443322222222211111111111111111111111111122222222222111111112222223333433333222222222222111122222222222222222222222222222222222223322333333333333333333333333333333333334333333333333333
33333111123344444443322222222211111111111111111111111111111122222222111111122222233334444433222222222222211122222222222222222222222222222222222222222333333333333333333333333333333333334333333333333333
44443111223344445544322222222211111111111111111111111111111112222112111111122222233344444443222222222222222122222222222222222222222222222222222222222333333333333333333333333333333333333333333333333333
65432112223344455554332222222211111111111111111111112111111111111111111111222322333344444443222222232222222222222222222222222222222222222222222222222333333333333333333333333333333333333333333333333333
64322112223344455554432222222211111111111111111111122211111111111111111111222333333344455543222222222222222222222222222222222222222222222222222222222233333333333333333333333333333333333333333333333333
43211111122344555554432233322211111111111111111111111111111111111111111112223333334444555543222222222222222222222222222222222222222222222222222222222233333333333333333333333333333333333333333333333333
21111111112344455554432233322221111111111111111111111111111111111111111122233333344445555543222222222222222222222222222222222222222222222222222222222233333333333333333333333333333333333333333333333333
11111111111233344544432333332221111122222222211111122221111111221111123333233333344555555543222222222222222222222222222222222222222222222222222222222233333333333333333333333333333333333333333333333333
11111111112233344444433333333222111111122212222211222222222111222222124454433322344556666543222222233222222222222222222222222222222222222222222222222333333333333333333333333333333333333333333333333333
11111111112234444444433333333222111111111222222222222222222222222222223333333333334566666543222222343322222222222222222222222222222222222222222223233333333333333333333333333333333333333333333333333333
11111111122233444344443333333322111111111222222222222222222222222222223332333333334556666543222222344422222222222222222222222222222222222222222223323333333333333333333333333333333333333333333333333333
11111111222223333344443333333322211111111222222222222222223333322222233223344444433555555543222222334432222222222222222222222222222222222222222223323333333333333333333333333333333333333333333333333333
11111111222223333455443333333322211112222222222222222222222222222222222222334444434555555543322222334443222222222222222222222222222222222222222223333333333333333333333333333333333333333333333333333333
11111222222223334455444333333332221112222222222222332222221112222211223332222233334555555443222222345554322222222222222222222222222222222222222222222233333333333333333333333333333333333333333333333333
22222222222223344444444333333333222122222222333333332222111111122111123333222222234555444433222223345555443222222222222222222222222222222222222222222233333333333333333333333333333333333333333333333333
22222332222233443334444333333333222222222333333333222211111111121111223333222222234554444433222233344544554322222222222222222222222222222222222222222233333333333333333333333333333333333333333333333333
