45445555555555544544598454444445544444545555555555763455455434544454343434353323543353524753222342222332323221124222224335688788888788888887676476434344333333455333333322222222222222222355775677777778
44444444444444444444597444444545444455555555555446762455445555554554554455554445554454534753333443323334324222224222234233356888888777888787776455434353233223445654432333222222222222232224544577777777
34444444444434344444487443344444444444444444444445763444444455544444444444444455555555555543444554445555555433344344544444346788887544778646776445544353222222546653334334212222222222332222334578777777
33333333333333333333487433333334443433444444444445763444444444444444444544444444445445555433554545545555555542234555555555556666666555656546776445654453223324544433324233212332212332222233333578777877
33333333333333333333487433333333333333333333333345763343444444444444444444444444455544446411444545445455555541364555555555555555555555555555775355555665555556555555555555544554444564443344334677777777
33333333333333333333487433333333333333333333333335863343434334344434333344444433344444448611444444444444455532665455555555555555554555555542475445555555555555555555556555555555555575555555555655555555
33333333333333334344488543333434444444434444444345763344444444444444444444444433444444448831344444444444444433656444444444444444455554555554576445455555555555555554455544555555555565555555555655555555
33333333333334444444486444434344434444444444444445863444444444444444444444444444444444448851344444444444444446557444444444444444444444444445776444445445555555555555555555555555544555455555555555555544
34333333333333343333487444443433443334444444444445863344444444444444444444444444444444448983244444444444444457467344444444444444444434344445776444444444444444544554555555555554444444444545444444444544
24333333333333444333487443333333333433343434343445863343334433434444444444444444444434447996244444444444444478477344444444444444444434444445776434444444444444444444444444444444444444444445555555554544
23333334433333444333387433333343334444444434343345763344334334443434433334444444344434346998244444444444444486466344444444444344444444444445776534444444444444444444444434444444444444444444444444454444
23333334444433444444488443334444333333343333444345763344444444443443443334434444444444335998344444444444444386466344444444444444444444444445776534444444444444444444444444444344444444444444444444444444
24444434444444444444488434444444443334433344334335863344444344443444444344443444444444444898334444444444334375365344444444334444444444444445777534444444444444444444444444444444444444444444444444444433
34444444444444444444368444444444444444444344444435863344443434444444444444444444444343445799434443444433344364465344444443333334444444444434777534444444444444444444444444444444444444444444444444444444
33334444334444444444477444444444444444444444444435773344433334444444334344444334444444446789734444444444344476465344444443333443444444444445786534444444444444444444444444444444444444444443434433444333
23344443444444444444488444443444344444444444444435763344344444444444443334444444444444457779843344444434444574364444444444344444444444444444676534444444444444444444444444444444444443444444444444444444
33433444444444443444488444444444444444444444444443753444444444444443443334344443444444447778943224434434434675464444444444433443444444444444677534444444444444344444444444444343433434333333333344334334
23434444443444444444488444444444443344444444444444753344444444444444443344444444444444457888953212434444434675574444444444444443444444544444686534444444444444333444443444443343343444444333334344433333
23334444344334343444488444333333444444444443343335763344444444444444444444444444444334447899973311344433334676864444444444444444444444444444777534434444444444444443444444444444344444444444444444444443
23344444444444444444378433343433443434444443333445763334444444444444444444444444444444457899974332244433544589854444444444444444443344444444676434444444444444444433344444444343444444444444444444444444
23344444555555555544358444444443444344444444444445763344444444434444344434444444444344457799985666555656655699644444444444444444444444444444676434434444444444444443444443344433333333333344444434444444
32234444444455455555478445555555554544544444444445763344444444444444444444444444444444447669997766666666656787544443343333444444444444433344676534443444443444334434344444344444444433333344444334334343
31223334443343444555488444554555555555555565555556763344445555554454544444544444444444425656987666655555455665444444444334443444444433443333686534343443434433434443344444444444444444334444444444434444
32233334443444333344477445545544454444444555554446763444545555555555554455555555555444447654876666555555544353354444454444443444444444444444676534333334434433433333433343444444434443333444344444434444
44444444454444333443378433343444444454444444444445752344444444444444444444444445555655557755667765555565555332245455554554445445444444444444676534434434443434444444444444334444444443444444444444444444
44444444454444434443378533233443444444433444443442753444444444444444444334444444445556567666677665556665444422145454444444444544444454445444677644544444444444444444444444444444344434444444444444444444
44444444644444434444368423233333333333333353333445753344333444444444444444434444444444457667777665555567744321134555554444444444444444444444687644555455454545544444444444444444444444444444344443444444
34444543444434444344445434443333432333333343334446753334444454444444444555444443444444456326777655555456433321113555555555555554445554444444677544444444555555445555555544444444434444444443344434444433
34443322343344444444334455433333333333333333443445763333344444445444444454544444444444444127766565444641101222113444455555666655555554444456677534444444444444444445555555555555544444444444445444444444
33433444443444454444443354333334333434433333334335753343333344444444444444444455444445456376654455444542100123212333444444444555555555555555555644444444444444444444444444444444444454555444445555554444
44444444444445676445444554444444443344333333333335643132333343434433444444444444434345457665555544345344311122222344444444565555555555556555554554444444444444444444444444444444444444444444544555555555
44444444444544686234434454444444444433333433343233433233333333423334344333334334434434446655665443444323312212332356665445676655556666776666665445555544444444444444444444444444444444434444444444444455
44454444445544454334444343344545445544444443334332233333332223334433333334344334444334436557888633433322211211232246764557765555666667776666666545555555555544444444444444444444444444444444444444444444
45554445555554444444444433444444444544554433343332233333433334433334333433354445444444466479779743332222222211222133355666665666677777766666666555554444445555566554544444444444444444444444444444444444
55444444554454545444444444344444444444443233334344344433444334434444443443434334444444465699988853221112322211223222356555667766667776666777676554554544444444555555555555444444444444444454444444444444
54455544544444534444444444444444444444433444554445544433444444444444444443444434544454466789986663321112212211122332245555577666667665566666666554344355444556565555566656555556665555544444444444444444
54455434444444444543444443333444343343344444444444433333433444344444444334444333444434453456553244222311111111122233223455677666666666666566666543333335777787777777888887665555566555544444555444444444
44444444455444444544454444444444444434454344344454444444444554444444444444444433334433451333320015213411111111122233322355566566666666555555556533323323688888889999999886554333334334444445665555554455
45544444445444444444444444444444433444554444444555555445545544544444444444443434434434432323310024212321111221122233321235654566665555555445456533222321268876676777777776555433223322333334444444555555
55444443233444444443444332233334343344443444444454454444434455544444455544333444344444332333221233211321222321122223322123444566555555555444455543222334346775444445555444443333322222223333443433444445
44344343433444444444443433333333344444343454334533344433444444444444545544343445443344343332223322211212232221122223332113333556655555555444545553212235434455544444444443332222222222212233444443333344
34434444434454544444444555444554444544444444444444443444444333444555544554454444444444344323222122221112122211122222222213332345555555555555445653212223454444544344544444444333333344333234434444433333
44444445445444444444544455444554444444444444444445454444444443344444444454445544455554446533222222221111111111122222222212332234445555555554435753212223444444444434454445444443343345444334444434434434
44444545444444454444444444344444454444444444445444433444443444443433333344445443454543455532221222221111111111122222222212322223334555555444435643211222444444443444444445444444444444444444434345444444
55554555455555555454444443443444444444445555554345444434443344333443444444445544555554555545431100111111111121122222222211222222222345555444435632211222444444344333544445544444444433444445434344344444
44644445445555555543444454444545554444455444444445444443344445444444444455445555555344455444421000111111111121122222222221222222222334555544435532211222444333344343434434444444444433444444434344333433
33544444565545544444444544455445444444555434444455554444434444444444444545544444445444454331001111111111111111122222222221222222222233454444434422211222444433333343444333333454443333344335445443444433
44444445656545554434443443445445544544544455544454444454434444444443444455444444444444443322111111111111111111122222222222222222222222344334333422111222543443334333334443343233432334233333334334444434
34343445544455454454444445544444455544454444455544544455444444445544444455545444454443444422211111111112211111112222222222222222222222333223332321111223433333323333234343333333423334333343334433434444
33444554434444444454454444654444344444564444344454544454443333433444554455555554555444444442211111111111111111112222222222122222222222222222322221111223323333332213223434235444333334344344343333344333
44444444545544445443444545554555544454454433444544544454533344543355444435555554445455445543211111111111111111112222222222222222222222222222322221212223222323342224333333444444443344334333343444444333
44444444444444444434444434455545554555455444455444445444434444444455444433555554344343345443212111211111111111112222222222222222222222222222222211221133332233443334334333444444443344444334444434443444
33444445444444454454444444455444445444454454444444544554455544444554444444555443222234454334434334643211111111112222222222222222222222222222222212221233333333334334333333344444443434433344334434433333
34444445445445353444444444544444444454444554444444444444445554444444454454444444324444443444444545853321111111112222222222222221222222222222222221222333433333344434333343343444433334344344344434333433
44443344334444333344445434455554454544445444445544444434444544444444454444455544434444444445444446765532111111112222222222222211222222222222222222212444543333344433334434343333444333334344333434343334
33444444444434443344433343344444444554445444444444444444544544444444455554444554544444444444444346776533111111111222222222222111121222222222223322213554443333344433334333333333434323333344434443444343
43344333344345434444343343333444545544444454444434455444544445544445544544554554344443444444443457777542111111111222222222221111111222222221223322224554422343443433333333333333333333333334444443344344
44443333443444443344543444443444444444444444444344444443343454544455544444444455554544555455433357777532111111111222222222221111111122212222233322224443322233333333333333333333333322333333343444444444
34333433443343433434443444444444443333444444444344443443433445455454555554444456555544545555445567776532111111112222222222211111111122221222233322233333332233233333333333333343343322233333433444334444
33434444433343343444444334443334434433443344444444443444443343443444445543443455556445534444534467776653211111111222222222211111111122222222233322233323322333333343333433333444443343333334333434344443
34434434443443445345443333334334444433444445444444443334433333444433445444444444445433334444333357776553211111111222222222211111111122222212222222343344322344444333334333333444333343333343333444434443
44343444444444444445554444433334444444444334444444444444334454444543444445444434444533444444335446666554211111111222222222211111112222232112222222344444444443444444334434444442334333333443334433334433
44444433333344344444344443443334444544443344344444333334434434444534334334344333333445444444454455665545321111111222222222111111222222321122222222334544445444445444444444445533344433333443444444333433
44444333333333333344333345444344344444444443333333244333333443334444344333444344434444444454444444566533522221111222222222222222222233222222232222334434344445444544444544444453444333443433443433333343
54333444434444534334443333344444333332333544333433334444344443334433333344444334444334334444544344566543632222112222222222222222233332222222233223443433333444443433543443444433334344544533333333333333
43343334444444444444443454444433443433444444444333444444444444444444333434433334434444433555444444466666772222222222222222222233333333222222233223443444444544444433544544444434333444433422334333333343
33333333444343443344434444434434443333434434334334354444444444554544333333544443444444444444444443447888996322222222222222222233343344222222233324344654434444444434444444344334444433343332323233333333
33333334333443443334334444333344443444434433333344445545443444454434543444545433344444333444445444445898997554222222222211223233343343321222232233334443334344444344334445443334334322323332332122333332
44333333433444344334443433334433444444444444333443433434323444444434653444333344344444433444444434444777786588643222222111133344343323331222222234333343464333334333333444344332323342333421222112233333
44432334344443333335443433344444434343444444444444443444333433444543553444443454444443333343444434443674455577665432221111134444443333352122222233444433444333333333343333333533335443333422122233332333
33333333333343333333334324433433433333334444444444444455433333434443544334444444444444434444444344443697334565555432221111134444433334453222222233444343443343434343333343333334336533333333333344334434
32333332343323233333333444333333434433334443334433444454434434434333334444444453444444444444444444333589733444445433221111344444444334544322222333443333443444435344443334533454435433344433344433333333
22323322233333322333334333443333343333433333333323344445434344444444333444443332333544444444444344344479963333444443222221343445443354343432222332443333434444466455444444533444434433444433333333333333
23233333433333322332234333332333333333333333444334444454433334454444434434433343433443344344443343444478986333444443222222553456544454443333222322332334543444444345344444444445444443454433333444434333
33333333433333333333334434333333333223323443344334433454444344444444444444433333443444434444433443443368997533344345674222443344345564444443233322322334553344333335654433444444443333333433334444333333
34324333223222333233444333343333333333335343343334323444444344333434443334434333443333334433334433333348998654334379987422432343434453344443333222233335445344134334544434433346434433344433434544333333
34223233332222322233322332343434333333444333233344344344333233333344323335434543434444333343334433332336998765444499987423433433533433443333333222233335434343344355543354555455444344344433435533333334
33332444332223333433422233333334333344433333333333333233333322334336333234344334434433344333333333332235899765432499986423344433443333332333333222234454323344344434533453446444333223343334244444344333
33333334432233333433333333333333333333433333444342333223333332243334433333333334323322344343343223433235788876432389986323343443333333333333333222223344333333433233433233324445323223342343343336443333
34432233322233334334343332333334343433334433334442333333433333333433423333323333333323433333333333333334676676333399875323444543233332233333333222222244324434643433332352323344232233333343333233443343
44433233334333333334343333334334344333333333344333343334433333333334433333333333334434443333234334435434677546434599864344334333333433333333322211222345433344433333332453222222232233332333223333233443
33333233333433333444334333344443433433333333334333444333334433343333333433343333344333433323234443455434677776544599754343333333333333333332222211222333333234333332332342222232222232333344322323233432
33334233333444444443343334443334433443333234353433333443334343333333334444444333454333333333334434444343666677544698653333323433433233233332222211122332232334333433232232223222222233223344322222433332
43343334445543444223322233344333444443444343333243333444334443333343344433344333344344433433333434433443566666544777653332222233333323232332222321122233323233345333322233222223223223323443312223433435
43344443344543344322232122233433344433432333334444333344333344434443433333333333343333333343433433333333477666644765543322333323323222333322223321112243233233344333322323333222222113223332322123434423
44434433344444444332332333333323444323333323334343334333333344323433434333333333343334333443444433333433477666656865543322323233324232332322223331112233233333333323322433323322221111112211321122553322
34433333344445344333443334443334323332344333333332333333344334222334324434443344343333334433333443343344466666647766553333443333333332333222232332111223324353332323322233211211111111111111121213543333
34443223334334334333344443344333323423443332333333333334433334433344434444544333443333333334443443344434456666568765543432344433333332433112242232111113323233332221122122211110010111011111122323323443
34344434333323333333334444443333344333332333433333334444543333443443334444344444443333333344333443344333466766587765554333333333333233333122332333111113333232121121211122111111011120011111121231354323
43344344432323333443444444234322344433333323333333333342432332323333433334234344434333333443344343433223456555587655554343343333332333244122332234211113333222111111111111111001110221001110111332443335
43343334333323333323444433222223333433344433333332333333233333223343343333333344433333332334344434433333345444476554442344343333332333366222332336311123332211111111111110012100001121111011221323332223
23333343333333334223334333322223234322344432333433323344333333234444444443343444443444343324334445434443336654465544322344443322323342364123332247311123221111101101111111111111111111011111212342233223
33333333334433234233443323333332122223334433333332333344444543344543333444345444344443354434443344554443436664355443214533443333332233562223433346411112111111111001111111121011011110011111132332233123
22333434334333234344323324433433223333433333333444543343434444444443333344345443333344444433443344444443445765344433223323433343333334651223433334311111111100011112111111111001111111111222133333323112
22333334333322233333334233333332333333444333334344433333433344444333333233344344334444433334444444344434334765323221122224434333333235631223333333211110001000011112111111111111111110111222223322623422
23324424433333334344443333433322344433333334344543333443433345343443333233333334434533444434545444445433344655423311222123343333333356531223232322111111111111111111111101111111111111121222323431324633
33333433443333434443333334344322355444333444445533434444434333344443433443334333444344444344544334444433434765423431122133332322333355321233223233111111111111111111111000010001111111122122222321223333
33233333434333333333334433333333334443334444344333344444444433443434443344444445544344443444444333334433433765423431122243322432344443112233232222211111111111111111111000000000101111122121223232223223
33233333323333333333333443444333333444444444454443443434554444333344343344544554554455434444454444443333323665433431112344323443344542112222122111111111111111111110111111000000001111122222333443233324
33333333334443333333443333343323332444444334434333344444443444333444445444444444543444333344443344443343323676533443444333444344334553111221111111111111111111111110011111110000011111012232333333223323
32343334434443332333333333343333443344444333335334445443433333333344443334444334533443333333443344344444344777754433444333444334334542111111111111111111111111111111111111100011111110111243322433323223
43333333333333332223322334444444443345433333345344444433333433243434433444343443443333443333334334445444345766553344434444434433235531111101111111111113111111111011111111111111110111211243233332213322
33323344333443333233333333334333334344443344344443444333433443233334444443333334433334434434334433444433345665422344434333223443322221111122221111111111111111111111111111111110111112322333333332324543
33433233444333334334433333334334345444444444333543333333434443343433443334434344444433334444343444444434445446521333333333221122111111133322332111111133222111111101111111111111313223332333423433333343
43333344444333234334333333433433344444334433344444233333433343334434444334444433334444334334533334434333343224422334433333421111111111133211211111112354334211111111111111111111333333233333333322233222
34333334434343334333334432333333344443334333444334334343344334335433434333334433344444434433322433443333343333333333444233321011111111221111111122334433332211111111111111101112442344234343333333343223
23323334443343333333343443244433443333223334443234333443343333235334445444333344456444344333223333433333366542223333333233322321111111111011223444464333233211111111111111112223333343346433333234343333
44443354333333333334343555444443322332333333454444345433333333334543445444564345334333344333333334433343466542122322333332323333322221122123423333454333342111111111111111123434223223344323344334344333
34334444333344343334444445643333332333333433544344345333333433334433444443464444433434443332333333344444565432222323333233322333344433333333343333333233332111011111111221124433333333442233334333243333
34333444333334344434333334433333433333334333334333335332334333343334433444343333333333443343343333444445554322232333223122222334333444443343333333333332233221111111123322234443323333333333333333333333
23334444343334334434334344333433433333332334344334344334443343233333333343333333433334334444344334333334433233333333332111221222233344333333333333333333333434324433344333322344333333333333332333323333
33343433333344333434444343323333434444333344344333343433333233333325433323432222334334433333433323344333332342233333232124222221222344333343444333333333333334333333333443333343323233333323222332233343
