22664212222222112677442232332233333123222664322234333223356433333235878888888888888888888888776568888655466665667875443443323322233332452235888888888888888888888888888888888888888888888777777777777777
22674222222223222678633222333222222123222663222345332233346532222224678888888888888888888888887448887445566566777875433323344322223234453334788888888888888888888888888888888888888888888877878777777776
33763211122222126878743222332222211123222664222333322222233321122232466888888888888888888888887538888654443578787786434322443333213224443446788888888888888888888888888888888888888888888878888777777777
22664222222222214775432222432233222212232664222233322222233311112221247888888888888888888888787548888643333577675565433333443223212223322357888888888888888866778888888888888888888888888888887777777777
22764223212222222653323333322243222211223664232233222222224731112222234688888888888888888888787548886433332577643323333333333222222223222248888888888888888643445788888888888888888888888887787777777777
32574233222321121554322233333222132212343774222234322232336741111222222456778888888888888888787548864333333444544322333332323322222333222256886688888888887533333578888888887776678888888887788777777877
54574354344422343344323233334222353234342575222224222233233432112322222433567878888878888888777647543434333323345444443332223222222222222345654678888888885433333457888888887766478888888888888888888877
45773355555555554445455444445444454444453475332334322233332321112321123423334678888877788878777645533435322232344665443334322222222222332223335578888888886443344447757888888776468888888887767788888887
34774344444445554444444444554455555555555564344455444455555543333434454444444678888754467854677643554435222222445654223423311132222222323332334578888888876433333456747888887776378888888875546567887678
44674344444444444444444444444444444444445454344454554555555555555565555555555666666655555655677644565555334444544444344444433353222352223234324678888888876433335575637888887775478888877863434444676377
44774343344444444444444444444444444444444665344444544545555555554555555555555555555555555555567535555566555566655555556565555555555565555555545666667666665443334555635766777775378777876643343333443245
34774333333333333444333344444433344444444665334444444444545544444445555555555555555555555554147544555555555555555555555554555555555566555555555655555555665555555565555555567775456655655555554444554444
34763233333333334334433333334343334443344665334444444444444444444444444444444444444455455555467644545555555555555555555555555555554556555555555555555555655555555565555455556776455555555555555555555555
44664344444444444444444444444444444444444665334444444444344444444444444444444444444444444444577644445444545555555555555555555555554545555555555444455544555555555555555455556775455554444454444444555555
44774244444444444444444444444444444444444565334444444444434444444444444444444444444443444444577643444444444444444444455555455545454544545555555554545555555555555555555555556776344555555444444444444444
44773243334443343444444444444444444443444665344444444444444444444444444444444444444443444444577644444444444444444444444444444444445544545444555555555544544444455545555555556776444554544444454444444444
34774243333333343333433333443344433433434665344444444444444444433444444444444444444444444444577644444444444444444444444444444444444444444444444444444454444444444444444445546776344444544444444444444444
34774243333334333343333333343333334334434665344444444444444333334444444444444444444444444444577653544444444444444444444444444444444444444444444444444444444444444444444445432575344444444444444444444444
33674244344334443334333333343343333334444665333344444444433333433344444444433444444444444444477753444444444444444444444444444444444444444444444444444444444444444444444444442565344444444444444444444444
34674233344333444444444334444344433334444663233444333433333344443444434444333333344434444444478753444444444444444444444444444444444444444444444444444444444444444444444444444765444444444444444444444444
33675243333333333444433334444433444434344764334444344443333444344444444444334344344444444444478653444444444444444444444444444444444444444444444444444444444444444444444444445666544444444444444444444444
34775244333433333334433333344433344444444665334344444433334444344444444444434444434444444444467753444444444444444444444444444443444433444444444444444444444444444444444444445776454444444444334444434444
43573244334444333333344333434444344444444775333344443443344444434444444444443344344444444444467753544444444444444444444444444444444444444443334344434343343333344444344444446776444444444444334444444444
43464344444433334434344333333433344433344765334343343344334444444444444444444444444443454444468753444444444444444444444444444444344444444444444444444444444444444444444444446656544444444444344444444444
34674344444444444444444344444444344433334675334444444434334443444444444444344443344433444444468753444444444444444444344444444444444444444444444444444444444444444443444444436665544333333344443343444344
33675234444444444444444444444433334444434775333343333434444444444444444444444432224434444444468643444444444444444443344434344443444434444444444444444444444444444444444444446776534343333433433433343343
44674233444344443444334443344343334433344765334444334333434344444444434444444431453445444444467653444444444444444444444444444444443433333344444444434444344443344343334433446876444344334333333333333343
44674244444444433444444443344434444434434775334444444334333343443444334333344432554444443334368653444344433443433444444444444444444443433444444444444444444333334333334333336876444333334333343343333333
44665244444444444444444444444444444444442575344444444444443432354444434433444433445343344343358754334433443443444334334444444444444444333344444444444444444443434434344333336775343333333334443444433333
45675244444555555555555445555555554444444665344444444444444442156544445444444445456344444444457764333343444343334444444444344444444444444444444454555444454444444444443344336865433343333334333444443443
44774244444444544444444444444444555555444775344444454444454455226654445545544546456345444555457764444444444444444444444444444444444444555555555655555555555566544444444444446865544443333343334443443444
43564243334334434434344443444444444455655775355555555555555557733666544444455546446345555555567764455544444444454444444444444445545565556667666667766777777777665444544444447766544454444444444443343444
43464243333344434444443333433444444444445775345544444554445555883467765544454435426334554544556665454555555555555555544545545556667777777777776666666666777777666665544444447867544444444444444443433343
33674233333334433344443344444444334444334775334443334444444454696245666555554434325322444443444555554444445444544555565555767777776677776677776666666666777766777667765443347877434444444444444444443333
33664233434344444543334445444444444444444676334443433433344443468544333445554344533422333232333434445544444445445555567678887777777677776667666666666666677766777666666544447776433344433444444433333334
33665233344333444444444434344445554434444665334444444433343443347765421113444335643423232322223433334455455444466787787777777776777777766676666666666666777777777766666664446776433333333333334333333344
23664223233333334443344444444444433333444665334544444444444455435676542212444235746434455645435543334344544455777777777777777776777767666766666666666666777777777776666776547776443344333333333333333333
24554313232233332333334444443333433333444675345444444444444545545588644656665455676444567766566654545556787545777777777777777777766666666666666665556666667887777666667777657777444444444443433333334343
22233323233223332333333333333333444433442475334444444444444444434579975777667756684345567777777767767878888634677777777777777777666666666666666655566656667877777777677787656887445555555444444444544433
22222333332222333333333333334444444333444575333434455445444444444457897776677655864213456666676777678888878734688888777777776666666666666666666655666666656777777767777777655666445544445555545444444444
33223333333333333333443333334433444444444676334433445444444444444445467666666664653212223455555666667777777854688888777777766667666666666666666656676666556666777666777777556555445555544555555445555545
34334443344433443344443343343333344445444676423433344344444445443444456666666554353212222223344445656666678863588887787777777666666666666666677666776666555666777666677776446655444444444444455544454455
44543433333344434433443433334333344433344675223433345444444444444433467666666554332211222222222222346666678864788777787777777776666666666666677667776566555666666556677776436655444444444444444444454444
44433333333344434443343333434433333343334564322323344444455434445444566666665544321222222222222222224556677774787788887777777777666666666666777777765566555566666556677765324665344444444444444444444444
54444444444554444444344433444343343443334664321223234443344433443345666665555444311112222222222222222356677774777788877777777777667666666667776777665565555556666556677765313675344444444544455444444454
45445444554454454444444543433334433444433554322222333333333332223356666655566554321111122222222222222246677775777788887777777777777766676677767766655565444556666555677664203676444333443444455444444444
44344443333345444444455554433334443434333443333323333322334433334555666555565554332121121111222222222225767775677778887777777777777766776677677666554554444555555555677653224667544444344444444434444454
43334443344443344444444455435434444333443332333333333333333444444456676555544443222133111111122222222223777775577678787777787777777777776777666666544554444555555556677542321577644444454445444444443344
44444333443333344455444445444444444444444543333233334344433344434447776556556553221123111111112222222223777765567777777777887777777777777776655555444454445555555555666422332676654454455445555544444444
44444443443344333343333334433454334445444543344333333334333333334436666556674112221113111111112222222223777766566667677777777777776666777765555544334444445555555555555323346775554433444444444455544445
43443344443334333343333343444443344454444544534444433334344333444346665565630011111112111111122222222223777666455656666677777777776777767665555433234444555655555555554334446764543433333343334344444444
34444433344434433344344444544454545544445545544444334444444444432346665555613212111111111111112222222225777665555555556667777777666777666655444333333345665666666555554334346764553433333433333333333344
44444444334434544444444444454544445444445544454434444443444444433446655544545322111111111111112222222237777655454455555666777776666666565554433333223446766666666555554343346775553443333333333333333333
44554444443344443344444444554444434444444454444444444343434444543346545444543221112111211111112222222267787655454554456666667766666666555543333232123467766666666555554343357775563333443444334333333333
44444444443444444444334445554443435443334344443454333444334444323356445455442321111111111111111222222477777555554443456555667766666656555443222222223478766666665554564333457774463343333334444434444343
44444444434443433444444445555444445444334444433344333344334343333355544565433311121111111111111123223677777545443454455555667666665556544432222222333278776676655544665333557774453343344334334433343334
44344444343323344334455444455555444444444455443444444454544444344467764554323211341111111111111123334677777545334565555545566666655555554321222233332139876666655445664443467764354343344344333333333334
44444444443334444334544443345555444444433554444443344444444444456556678543111112431221111111111122345677677544424566555445666666655554543222233333321106977666655566764544467763344344434433454333333333
44444444443444333445444443345454432222344443344443454444444444456655546642111134311233211111111112345676777545435665554445666666655544422233333333221002887666656666664443357763234444444433443334444433
44454445444444444454444444444444432233444434344444443444444455555986444332111332111322431111111111245676776554435555554455666665555444333333333333320000487766666666664443347772233444444344333333454453
43443444444454444434444444444444343343443344444434444444545454447999644323432211113312433211111111134576665454445554444566766555554554433333333333430001278776666666665434313773343354433333333333443444
44444443344454434434444544444445454344344444444433444554454444459989865224411211245313433332211111112567665454445544333367765556555554333333333344342244448777677766665433322763343345554344433335443543
33343444444454454444444445444445434344333444444433444555454533479989873222311133344212444444432222211346555554344443322357776656665533333333334344434444436877777766654433345663333344454344334444444433
33344444444334444444554444344445444444344444443323444445544444436776553233311244343112444444444322222224443343234332222346666667643333333333443444434444443777677876665444457763323434434444444444444433
33434334333234444444454445543444565544445454554444554433433334423442023233322333343114434444445432222323322122133321122234555445433223333334443344444454343477777877776444357763224443443343344334444333
34444334333333444445444555344444555544455344354344444444333323332220043222213333442124434444454333322333542221234322333233333333333334333334333344433443333388778888777544357762224533543344333434333343
43334344443333334344334444444334444543333344433233334444443443332211232212124444442134434434443333332333333222465443432343344443333433344344334444433443334499878898888743357763134433443443433433444333
33344333443343333344334444444444333444323344333344434444433443432222211111234444452133343445322333333333333222476544333344444554334443333444455444443343333489988898788864357752123434333333433333444333
34334443433344434444333443443333333334444433444444444443333444433222111133344444331143444443212333333323323322276544344455443445444433344444444343333333434369998898788885357752223332223334344333433333
44333333333343343453443333333433343234444444444444344444444444344222221343344444332344445432222333333333333333367654344444334443333434454454333343333344344349999888788896356651213322234433333244434334
33223433333333333343433433334433344443433344444333444334444444444433343344444334344443334322222323333334444455447654344444444443443344433333233433333333333337999998888888556631213322333333333343434344
33333434333343333333322233344433344343443344554444444443434444444443454345444334344432432222223201334444444444446654344444434433444443333333232223333333333326999998888888865412223333332333333433433333
33333344434444444444343333344334343344344344443444333444334444334334443344444344334333432222233223434456443444445655444444444343433343233343233212233333333334899989988888884223333233233333453333323334
33434433444434445444333333345444334433433334443454444443443334434433445433343343433323322222333344333334435533433564434434434443343235234442212222233333333433798899988788875333333333333343343433323333
33333443443344434443355334343443334444343334444444344444334335433334434434434333443433222222334444434444434533333565543334433353454334332343322234433443423333798889998687766433333333343333323333333434
44333333332344434443356344343323433444433333334343344433334334333433433433333334444433322222335444444444334434433465554434433333543334333433334444443433444443698889998667666433343333333323333333334433
34333334433333334344345433344434434444443344444443444433343443444444444443333344444433322222345444444343444444444466665544444345543454334434334343333333354443488877898656765543443333322323333333333333
44444445543333343434344433334444444444444344344333433333334444444333333333333443444433442222345444444434334444444356666665544344443444344343334334333433444333388766788855765445644323333334333343433433
43333344443443443333333344444444323344344434434343433443344344334334433334344434554444542223344344443333335344544246666666534443444443344434333344433334333343478877768877876444333333333333333344333322
32334434443333344344433343433333333334333443444333334443444344444344433344435534454445642223343323322233356534543346766544443433443333334333343344333343344333458877767778887543343333354343333433333333
33343345443333444443343443343333344334434333443334334433454443443444333343344423433445542222434323323232354543422335665443343333334333323452344464333333444443448987664777787544433333345653343433333433
33333334433433433443344433443433334433333343333344333333344434543344444333444323344344533222333333433333353443423334665432333223223221323332333353333333343343347987664577777543333243335633434433333333
33332333333434433233344333343344334333343333333343333323333223434433334533333444344344443223333245443444443233433322554322222222222201223212333232321233334334546988764267776532332242343333333322232334
33433333433322233333432233353344333343432333333333333222333233334325434643333434334433344222332346433444443343322321244332221111111112212111222222232332233433336888752148777643222322332133322222232324
33323323333332223333452322333333333233233443433322233332333343333323333433334445423333233223333246444332442343322221125432211111101122111132122121212221223222236888741127876641112211111221111111112323
33232322332333323334343333323333332333224433323333333233334334344333223343333355433333233222223346233432453334433222216653321111102421111165221211211221123122127888641116776651111111111221111211112223
33223333333333333333343223232333333333344333332333333354333334323344433433433333332333343111113443343233333322322222214554421111100210111133211210210121123262137788631115776752111211111331111321221112
33333333333332333333343233333333333343344333222344434453333344424433344323433334333332332212222432333233322212222111112653421221011211110111133210330221123241357788631114777664211110121112111622531123
33344343333443333333333334333332334442233332323333334443443344234343333333433233333323333222232333422222222112112152111665543221111211111322443210441341533552357788631114767764222100011112123326541144
43343243333343333333333334344442233433333333333333344333433443354344233323232222232232224222212333222212111111012142112765665532212322232454465321453222554453665587642123666764221101111112323334332333
24333344433443433333433433333333333433433333334333333333343333433333333333223343343242325211112333222322111111112111122766645533213523322333344443464233234344654577544334766875212111111124532443543233
34433333433333443344333333333333333433333334434344333333334223323333333333233333333332324311111323342111111112622222222654322222122334323334434553333244345333443556554344567774332210131134423555633333
44333433333333433233333343333333333333332344333344333423344333133333334333334433333333334443212322331211111123433212214665332231123224423223444433335443345443343334423554656775442421341234323335433332
33222333333433332223342343444333434433332333234434433544344332333344334333323434333232233455322322211111112222332332435545531220223347422333444333335434543335323334433445445565423322124452332354333222
33333333343333344333343343444443334433333333343333433443334533333433343333434433333333333355422222111101422322233433444323432431333246432233434333333322443334323345433334555544413434443342433444222234
33333434344333334333333333443343443343333333433333433332235443333323334443433533333322233356521111111101223333343332244433323452332334423323333234233322334443323335333335546534323214553443323535423356
33323233333323222233333333332333444333333333333343334333333333333333435543444434333333433344321211232112234233453232233443333332443433322333333233224322344343333335333554454433223433444454333346533443
33223223323323322333333333333333443333332323243343344344434343444333333543343443334432332333222222333233333244333223244343334632333433332333325433333422233453233335332674456333234335553344443334553332
33332333333333322354444343333434444434433533344433445444423333433443333433344344434433233334344433323333332343222233463333434432333333233333325434563543334554324433445644334333445344543343333323332334
33233333444344333444333333443454432333433444334433434444434444443433433444444334333333334334343333323333333333223333564433333343333333343344353344343653343454343324324434333324434333444332333333332336
43354334434344344344433333333444433333444333344433443444433323343333433434433344333323334443343333223234323333443433343332233333333334444354333444333433333454343234423344222235546443433444333344442333
33443333233334444433333332223442443344334333335443344444333333333223433333333433233343444433333233332223333433443333434422223323333333333333333433333333332334232224333333222223255344444554233366333334
44332233333343543434333332333233334344334443344443343444333334334333334432333323223443334443333333333333334443444333434433333322233234333333333344433332333433234324222332233222353355443343323344223323
54333333443332434434334334433343334333444444344443234344334333333333333443443224433443333444332344333444333333333334323333343332222244323333333333333332333332333324342334434232433333333223323322344454
43333443344343344333344433444444455444444334444544344333333223544433443444334344543443444444343344334444333343333334424333333223333344223334433233332332322232221234444233435333345423323334533333244455
44344343344444433333433554444445444544453343444433444433343233555443444455334443343433455433444444443444443343434333333333333223333233223234423334321332232232232334432342334453244333543423343323456443
33334334334434433334444434344444445334433333344433433433443344444443334444444444343323443333444444443434453444433332333343333333332333343333333334332465333222133222223232222232443323653323432233333354
32443444343332333333344323344433344333334333333343343454343444454433344444444345443434433344434343333333333333333333333333333323333343333333343344333344333222223233233232232323453433464333332333333344
33343343333333323333344334433334333333344434333233334444333354343343444343333235544434344444444443334443443344433333333443332323444443333333433333223323232223323333333333232342323332343232224324433332
34333333334234332333343344333333334333343344343334444444344434333343333333323333444323443433333444433334543344333233333433443333444423433434433333334432322332233323323312223344433232332232323433333232
45333333333334433334334433344343333334433344344434343343333333344323334443333333344433433333333443344444333334333333333433353333434324533554333333434333333333322222323322323333333243333332323434333223
44322333333333333444344443344433323333444334335323233433333332344334334433333333444444344333333343444543332333422333334332344443432342234543333433433433332331342244323434433333334444333322323244342222
