55555554555555455445974444443454444344344455555557534443443234334432324333422234323434377522223422223324453212232222244567888888888888888877754876443343334444432233333223322222223222223678767877777788
44444444444444444446974445455555445555555555554468525555555555545555444444544455434444257523233422223233232333332212342345788888878888888877754643343533332333554444332222222222222222323467556877777888
44444444444444444445964444444444444444445445544467534444445555544444544455445555555555566423345433344444443323432333433333478888876568886777754554443522222234466544333432222222222223322344456777778888
33333333333333333335964333444444444434444444444467534444444444544444444444444444554455545435555555555555555214445555555554567777764446674467763465443522222244465432342331113222222233233233346777888888
33333333333333333335964333333334333333333444444467534444444444444444444444444444554454566434444454455555554236645555555555565556665566565567764555555544444455444433343443234322224322222332346788888788
33333333333333333334964333333333333333333333333368533333343433444444434444444334444444566434455444554555554256655555555555555555555555555446743555556655555665555555655555555555546644444444456777777777
33333333333333333435974433333344343343334433333367424444443444444444434443444333444344444434444444444444444464654455455555555555555555555425754555555555555555555555555455555555555755555555555555555556
33333334333444444445954443443444344444444444444467534444444444444444444444444444444444423434444444444444444564753444444444444444445445555557754444555555555554555555555455555555455655555555555555555556
33333333333333333335854444443334343444444444444468524444444444444444444444444444444445722434444444444444444765753444444444444444444444444457754444444444544555555555555555555554445544555554445445555445
33333333333334433335964443333333333334444344344467524434444444444444444444444444444445962444444444444444444855753444444444444444444344444457764444444444444444444444554444554544444444455555444444445445
33333343333334433335964333333333334444444333333467524433333344344444443344444444444344895264444444444444435855753444444444444444444444444457764444444444444344444444444444444444444444444445555555555445
33333344443334434335964333334433433434433334434467534433444444434334333344344443444443898355444444444444434844743444444444444444444444444457764444444444444444444444444444444444444444444444444444444444
44444344444344444445974344444444333333333433433468524444444444334444443344334444444443699446444444444444433634643444444444444444444444444457764444444444444444444444444444443444444444444444444444444444
44444444444444444443874444444444444344443444444467523434443444444444434444444444334444699636644444444433443654653444444433344444444444444457764444444444444444444444444444444444444444444444444444444444
44344443444444444444864444444444444444443444444467634444333344444443444444443444444444589845665444444344444753644444444433333344444444444357764344444444444444444444444444444444444444444444344444444443
33444334434444444445973444434444444444444444443467524433344443443443333344443334444444579975545444444444445753644444444434444444444444444458764444444444444444444444444444444444444444444444444344444443
44334444444344334444974444444444444444444444444347434444444444444344433443444434444444578985433444443333345754744444444443444434444444444456764344444444444444444444444444444344444444444444444444444444
44344444444444444445974444444444444444444444444447534444444433444434433443444434444334578997432234344333345767744444444444334344444444444447764344444444444443333444444444434434334443333333333443333343
43344443434433444445964443434434443444444344434467534444444444444445444444444444443444578998533223444333445899544444444444443444444444444457764344444444444443444444444444434433444444444433443444333333
33444444444444444334974333433334444444444333334467523444444445444444444444444444444444578999645553455556555897444444444444444444433444444457764344344444444444444434444444444444444444444444444444444444
33444444554444444443774444444334433444444434444467524444444444444433444344444444444444677999866766566666656885544444444444444444434444444457753344444444444444444334433434433334444444443444444444444443
23444454444555555444774455545444444444444444444467524444444444444444444344444444444444576789877566555555556764444434444444444444444444444457764344344444444444444444444433444343333333333443443343443443
22234443433444455555874455556565555555555555555567524444444444444444444444444444444443276569876665555555443442444434433344434444444444333447765344434443334343344443444444444444444333344444443343344433
22233343334334344445873455555445544445555555554577534545555555555555555555555554444444476556667765555665554333445444444344334444443344443447865344433344344344433434444444444444443333334444444444344444
44443444434443334444873444444444544544444444444477524444444555445444444454554555555544576666676665556665444323335555545444444444444444444447765343343344334334344444333334444444444334344433434444444444
44344445544444344334874322334434444445444444444347535444444444444444444444444444555665687667777655555678544223124545544444454544444444454447765344444444444444444444444443444444444344444444444444444444
54444446443443344434873322334333443333334534334357434343444444444444443444444444445555685227777655555465333221124555444444444444445555455557765345444444444444444444444444444443444344444444444444444444
44454435444344443444563333333343323333334433344467523343444544344444445444444444444444673147665565445621001211125565554444444444445555554446775355455555555555544544444444444444444444444433444434444444
44433223433444443434344554333343333333333334444466523334545444453334445545444444444443575476654455444531000221124455555556655555555555455555655444444445444444455555555555545444344444444444443344444333
44334434334445444444433543333333333333333333343367523434433444444444444445445555444444576655555443354344211222124444444455554555555555555555554455444444444444444444544455555555444445444444454444444444
44444444444455655544444444443444433443333333333466432323333434454344444444444444443454676556775544443333212212224434344445565655556655666655654445544444444444444444444444444444444544554455555555554444
44444433444458952343345444444444443333333333433344432333333333333343444444443443343454576478798533333222211212223455655456766555566667776666665444554444444444444444444444444444444443444444444555555555
34544444454445643344444433444454455444444333332323333323332333343333333343333444443443465699889743322122212211322445655677755556677667776666666655555444444444444444444444444444444443344444444444444544
55444455555444444444444334444444454445444443343222333333332333343333334333544454443444566999877743221113212211232212466766665666677777666667666654555455555555554444444444444444444444444444444444444443
54444455544545444444444443444444444444423333333333343334443344333444334333443344444444665677764552222112112111123222345555677766677776666777776555455445444455566555444544444444444444444444444444444444
44554445444455344444445444444444544444334445444545444334443344444444334444443344445444632344321043224211111111123332233455677656666666666666666554334434654444445555555554444555444444444544444444444444
44553454444444454444434433334443434434444444443454333344344443443444443334443344544444522333200143113311111211122333222355676666666666666555666544323432477765444434444445555666665555444444444444444444
54444444554444455434444444444444443344543444444444443444445544444444443344443333443344432332211333213311112221122233311346555566666665555555556543322332246777656434443444444444554555444455554444444444
55444444544444444444544445444444334445544443445555544555465455444444444444444343444333433322223322212212233321122233321245544666655555555445456543322233225776665544444434334433333333444455555555554544
54444433345444444334443423333443334444434444444545544444445555444444554443334443444443554332222222212122222211122223322123434666555555555444545543222223434665566654444345445543333333333344444444455555
43444433334444444444433323333334433434334443345433444333444444444445555443334443444433466332221222211111112111122223322123333456655555555555545654212222344465457776554454445444444434433334444333444444
44344444344445444444444544444444444444444444445443444444443334445445455545544454433443446322311222211111111111112222222113332345555555555555445654212222344445444578765544454443444434433343444434333444
44344444454444444444444554445444444444444444444444444444443334445544445544455444454544545554321100211111111111122222222212332334555555555554435754211222344444444356677643544434434554444444444344333333
44445454443444544444445443444444544444444444444444445444344444444333334443454434545444544444211001111111111111122222222212322223444555555544435543211222344444434344456654443443434444544454444454444443
45545454555554554444444434334444444444445545544444444444434443334334444444454444555445543320001111111111111211112222222212222223344555555544445642211222244443434444433454333444444444544444343444544444
55444554555555565444445544445455544444554444444454444434444454444444444554455555554545543322101111111111111111122222222221222222233455555544434532211222233433433344432233432344444334444443343433444444
44444555555555444444455445554554444445543344444455544444344454444444445455454445544445543322111111111111111111122222222221222222223334454444334422211221343333433344443222232234443344444443444443443333
44444455665455544344444434454455444445454454444544444444344444444434444554444434444444444432211111111112111111122222222222222222222233343333333322121122334333333334433322222234333333343444544334453344
43434465544555544444434454454445555444445444555455445544444444555444445554454445443434444433211111111111111111112222222222222222222222333322332221121222334433333432344432211222223342333333344444344444
44445544444444445544444455544443444445544443454444445444443334344455545555555445444434444432111111111111111111111222222222222222222222222222322221122223333333233332333432222222222343444433333333344433
44444455454444544444445455545445444444534344444444445544333445434555544455555544454444455443233222221111111111112222222222222222222222222222322221222222233333212232244343453223222233433333433334433334
44445454545444444344444345455455545554544444554445554544344444434554443345555544454433454444444444632111111111112222222222222222222222222222222222222123222234322443343344444333333333443434444444443344
44444454444444544544444444554444554545544544444444445444444443445544444345554432222344544444454446633211111111112222222222222222222222222222222222221233333343333343333434444433333333443443444444333444
44444454454454534444444445444444445444445444444455444544454444445444444544444432233444434344444446754421111111112222222222222211222222222222222222222333333333343343333334434444333343433343444344333334
44343443344443333444554444554544545444454454454444344444454444444444444444545443344444444454444447775531111111112222222222222111111222222222222332213344333333443343444444434344333333443443444333443433
44444444444343433443333334444544445544444444444444444344455444444444555444445554344444444444443457775442111111111222222222222111111222222221222332224555433333443333343333333334443333443443343434433433
33443433433444344433334433334554455444444444444344444445444455444455445445545544444433444444434457776542111111111222222222222111111122211222223332235544333333444333343233333333333333333444444434443433
33433334344444434445434444444444454444445444443444444444334545444555444444445554445445544454334467776632111111111222222222221111111122222222223332235443223434333333333333333343333233333344434433444444
33333334333434334344434444444444434434443444443444434434334454544545455544445665545455455554444567776642111111111222222222121111111122222221223332243333222333333333333333333333333223333333334443444444
44334343333333334444433444433344444334434444444444434444433444445544555444444555654455444454455567766553211111111222222222121111111122222211223332333333223333333433334333334434433323323344344443444444
44343344334444543444333333333344344334444443444434434443333334343334454444444444553433344444333367666554211111111222222222221111112222222111223222343343224344333333333343334444434433333434334444444434
34444444443444444455544344333444443444443344444444443443344544345444444454444344454334444443344456665535321111111122222222222111122222332112223322344443334434434333343333334433333333334333344433344434
44444333333444444444444434333344445444433444444433333444344444545333443444443334344454443444444445565433522111111122222222222222222233321222223322444444454434444443434345454323443333334333444433344333
44433323333333443433333444433444444444444443334433433343334443344443443333433443344554444544444444566422442222111122222222122222233333222222233333444444444444454444444444445433443333444345444444334333
43334443344344343444333344434443333333344443333333444433344333344333333444434444443443444444334444566533572222211222222222222222333344212222233333344333434444344334344434445434443344444344334333333333
34333444444444444444334444444344433334344444344344344444444434433333234344433344443443344555444544456677895222222222222222222233333334322222233333434444444444444345444444443333344444454333334333333334
33333334433434434444444444344344433344444443333434444444444455545443333345344444444444345444444334446888898532222222222222122233333433422222223333446444444443444344444433443453334333323233343333333333
33333343444434433343444433333444434343344333344443554454444445444344444445454334443443334444454444445888898644332222222211123334334433331122222233446443334444433443444444433344443233333223222323333333
33333344334444443443444333333344444454344444334434344342344444544356434443443434444443334444444444446887688645533222222111133433323333432122222233333434533434333333344443433333234233234223222223333333
44323343434434333353444333443444344444444444444434334433344444444346434444334444444433333434344344446985446544533332222111134433433334742222222233343335533333333333334333444232344333343211222223233333
33333333334333333343342343344344333333444444444444445554333344444345443344444444444443344444443444436997333434434433222111244444333333533322222333443334433334333334333333344342455333233332223333334332
33433324323232333333334443333334344333344433444334444543343343443434444444544444444444444344343433335899632333333333222111344443433354433433222333333334434443343444333444333443454333444333444443343343
32232223333232233333344434433343433343333333333333444453443444444443344444434323344445444444344433445899973233333333322222444444433444445443223322334334444443564445344454334543354333444333443333323344
22333333333332223233343333323333333333333333333344444543333444544444344443333334334434444444333444444789988533333333322222344554444544434433333322333334344544553654454444344444444335444333433333333344
33333334333333333233343333333332332222244333444343445544443444444444444444433344335444344444334434433689999753444333333222434444446545444533333322233356434443433455544333443454444334444333344443333333
42333332332232322334443333333433333333444433433343334434443433344344433444433334434333444343344444333489999974444435786322323443445544445533333222233354543433333455544343433454333333334333444443333334
32332433322223222333333223443333333334543323333443343434333333333443333354355334334443334433344333334359999975443449986322333344334334444333233222233353443532444454334444334554444434454344355433333344
33334443322233333333223333433343333443343333333333333433333233343453333444443343343433433333343332223347999865434359986323443335333333334333233222234443233434455454344545564534433433344443454333443344
34333353222333344333333333333323334344333334433333332233333323333453332333333343333234443433322334432346889976325459985223444333333333335333222222234433333433333344233433353443332333323433444453443334
43322333222433443334433233333333434333444333334323333343333333344343333333333332333234433333333333333446766875333269964224345433333222333332222222222432343354343233323333334542222333324433433454334333
44222333333333333444433333343443443333333333443333333344333433333354233332333333343344333332333333354335775474344369963224344433333322332332222212223543334454334333325422222322213334233323332333334433
43333333344333334433433333444434333333333333443344443333443333433333334333333333443344333232444434453335777765444489753223333333333343333332222211223443432343333333225422222222222323233332223322334333
33432333334433334433433344433443334433323444544344233333343434333333434444433334432333333333434334543435766776433488643233233333332433333322222211222323323343333333313322222222212323233443232123333323
34433344555444433333222344433334444434333433433433344433343433333433444344443333433443334343333444434434666676543477543233233333333332324222223411122322333433433332312322232232222312243322222224233333
34444434445434442223212223344333444334323333333443333434343444344434333333333334433433333334333343333334677666543586443233222332232234333212233321122333322433543333223232222322211223244232221223344353
43444333444344433223322333333334443233323243444433443333333433344334333333333334333333334334344333333343677766633686443333333332332323332122233221122322323333433332234232332211111121223223122334223234
43333333444443443334333344433343333233433333433223333333433432223343343444333443433333444333344333334343677766533775443333333333333323332122233331112223344433323232123322122211111111111112111246422234
44332334343443443334444334443332243234433223333333333344333343323443344445433434433333333344334434444444567765444775443334443333333334331122322331111233233423332222112211111111111111111112233243233333
33443333333243333333444444434333343333333343333333444444333444434433344444444434433333333444334434434334677765333665443233343332333233321222323331111133232212212111111221111100011100111112222323333322
33443443323233244334444443432323443333333333333333344334323333343333344433343443343334334433444433432245565654322655443234433333323332321223223232111123232221111111111111100111112100011112123224432442
33433343333233333344444432232223344433443333333323323323323332333434333333333444433333323343443344323333465543222454432343433333223233311223323352111133221111111111111100110011012111111112123233322354
33333433333333442233333332222333343334444333343333233333333322344444443334433444334433323243443443344333366553231344321344333222233333112233322463111233211110011111111110111110011211111123224223322223
33333333333332332344433333233221222233454333333323333444344433454434334433544444434433533344434455445333356663332233212334333333223343112233333564111222111110000011111111111110110101112122223323122334
33334333443322333443343244334322233233333333334345433434344344444433333443554433334434444334434444444434457664333222112234343334333362112244333454211111011001100011111111210110111111112213533212121233
33343333332323333333332343333323333334433333333444433334334444443333333333443443343444333444434443444433347664334411122233343333333451112233333333211100000000011121111111100111111111122222621343132323
32343243333233443434433334323223343333333333444433234334343444434333322323343443354344343345444444454333336664334521122233343333323421122233233222211111110001111121111111111111111111222332223243264333
33333244433334344443333443432234554443343444454434344444343434444434334433343344444344443444443444444333446655334521122234333333335211122332233222111111111111111111110011111011111113122222243222354323
33333344343434333333344343333333354433344444443333444444443335444344434444434444333444344444443334444344337664333331112333223224445211122333322222211101111111101111100000000011111112111212332332332333
32333343333333333333344434433333344444444444444444443355444443334433423444445455544544344444543444333333336664333442223432234333345211123322212212211111111111111111110000000100011111111223344433333232
33333333344433333334433334433234324444444344443334444444445443334444554455455445434543343444434444333333236765334444443343444433454111123211111111111111111111111001111111100000013111112333333332333332
23333343444433333333433333433334333444443342442444454344333333333444343444443444334433333444433433434443347776544344443334432333444111111111111111111111111111111101111111001111122100123433233332233232
33333333333333232343334344444444434454333333443444344333334323433444333444434444334344433333433444544434457767643344344333222122112111111111111111111331111111111111111111001111101112123433233322232232
32333433334333332333333333343333443444433544444434443334334332333344344333334343333444344343343344443433456654333443344321111111111111111111111111122331221111111111111111111111112333233333323322244232
43332334433333343344333334343433454444444433345433333344344433333334443343343444333333444433344444444344454565213343333331111111111111111211111223443333221111111111111111111112133333233333334333345433
33333344433332443433333344344343444443443333444432333344333433444344443344343333344433343444433444433334442354313333333333111111111111111321233333344533332111111111111111111133333332333343333323323223
33333443333433333333343333334334444433443334533443343434443433454334443343444333434444343344233334333333422333323344432333210122211111122223444333354334332111111111111111111233323433433433333333432332
33333344434433333333435333443234433432333354432343334434433332443334444433333444654443443332234344333334655322333333322333212234433333333333334444433333323111111111111111122334324533554433333333332332
34334533333333433344335443444433323233333345443343454333333333454344453445533553443333442333333444333434665421233222333222234344443444333443244445633333433211111111111223243432332234553333433444433332
43344433333444433444444456433333323333344335444443453333334333444334444436634443343443433233233343434445654321222233333232223334444333333334333333333334333321111221123333344333333334333233433433433332
43344343333333344343333344333334333333444333343333443333333333433344344434433333343344433333333334444455543222223232322332223443334443333333333333333323333333333333343223544333333334323333433332424333
33344443433443344343433433334344233333323333453443443344433423433433344433333333333343344444443343344454332323333333321122222322333443434333333433333333333343344434433333234433333333333333323333333323
33444334333433334343443332333334443433333443443343443443333333333353334234233233333344333344333333433433323333333223311231123222333543334333334333343333334442343333434433223433332333333232223223324333
