64211222222236676333233322232223222222343322343333323336543343345888888888888888888888888888888888866566776688877643354322222222232332347888888888888888888888888888888888888888888888887777777777776643
64222222221224677433332233233332123222664322334333223356433333235888888888888888888888888776568887655566665667875443443333322223332442235888888888888888888888888888888888888888888888888778887777777533
64222222223222578633222333222122123222663222345332233356532222224678888888888888888888888887448887555566567777886433323445323213334453335788888888888888888888888888888888888888888888887778888777786455
63211122222125778843222232222221133222663222333322222233322122232467888888888888888888888787548888654443578787786434322543333223334443446888888888888888888888888888888888888888888888888777877777777665
63212222122215785532222432232222222222664232333322222233311122321247888888888888888888888787548888533333578665455433333443223212222222357888888888888888756777888888888888888888888888887777777787777767
63223222222222663323333322243232211233664232233222232224731112222234688888888888888888888787548885433333577642223333333333322222222222248888888888888888644445788888888888888888888888888777788888877767
64233222321122653322233323223132212333774332234322222336741112222222456778888888888888888787548864333333444544322333332223322222233222256886688888888886433333578888888877776578888888887777788888877767
74344334321232344323233334222243224342675222224322233233432112322222333567878888878888888777547543434333323345444443322232222222222223345654678888888875433343457878888888766478888888888777888888887777
73355445444554445444444445433454444452475332334232233332321112421223433334688888877788878777635543436322232345675433334322222322222332223335578888888886443344447757888888776378888888887667778888887767
63344444455554444445444554455555555555564334445444455544543223434444444444678888754467854677643654435222222445554223323311232222232323333333678888888876433334466747888887875478888888874545567887677667
63344444444444444444444444444444544445454355554555555555555555555555555555666666655565655677645565555334444544444444444433353333353323334334678888888875433335575637888887775488888877753333334675377446
64344444444444444444444444444444444444665344444544445555555555555555555555555555555555555567535555566555566655555556555555555555565555555545666666666665444434555535766677775377667766544344333443344334
64333333434334444444344444443344444444665344454444444555554454445555555555555555555555554147545555555555555555555555544555555555566555555555655555555665555555565555555557875455555555555555555555555555
63333333333334333333333334443334443344665334444444444444444444444444444444444444454455555467644545555555555555555555555555555555555555555555555555544555555555565555455556776455555454455444455555555555
63334444444444444444444444444444444344665334444444444344444444444444444444444444444444444577644444444445555555555555555555555554544555555545444445554545555555555555455556775455544444454444444444555444
74344444444444444444444444444444444444565334444444444333444444444444444444444444443444444577644444444444444444444445555445555554544555555555555555544555545555555555555556776345555555444444444444444444
73243344444444444444444444444444444444665344444444444444444444444444444444444444443444444577644444444444444444444444444444444455544444444554555555544444444454544545555556876445555544444554444444444444
64243333333333333433333444444433433434665334434444444444444433444444444444444444444444444577644544444444444444444444444444444444444444444444444444454444444444444444545545776344444444444454444445444444
74243333333443343333333343344334434434665344444444444444433334444444444444444444444444444477653544444444444444444444444444444444444444444444444444444444344444444444445431575344444444444444444444444444
74244444334433334333333343344333334434665334444444444433333434444444444433444444444444444467753444444444444444444444444444444444444444444444444444444444444444444444444442665444444444444444444444444444
74233344334443444444334444344433334444663233444333433333334433444434444333333344434444444478753444444444444444444444444444444444444444444444444444444444444444444444444445775444444444444444444444444444
75233333333433444433334444433444334344764334444344443333444444444444444334344344444444444468753444444454444444444444444444444444444444444444444444444444444444444444444446765554444444444444444444444444
75244333333433334433333344433344444444665334344444433334444344444444444434444444444444443226753444444444444444444444444344443444443444444343444444444444444444444444444446776444444444444334444434444444
74244333444333333443333434444344444444775344344443443344444434444444444443343244444444432244653544444444444444444444444444444344444444443334344434343343333344444344444446776444444444444334444444444444
64344444433334444344333333433334443344765334343343344334444444444444444444443134444454442455553444444444444444444444444444444444444444444444444444444444444444444444444446655544444444444443444444434444
64344444444434444444344444444344333334675334444443334334443444444444444444444125444444442445453444444444444444444344444444444444444444444444444444444444444444444444444336665544333433344443443343343444
75234444444444444444444444433343434434775333344333434444444444444444444444445315444444444446343444444444444444444444444344444444444444444444444444444444444444444444444446775434344334443433433333343334
74233444344444444334443343433333433444775334443333333434334444444434444444445633555444445546443444444444444444444444444444444444443333434444444444444444443344443334333446876444344334433333333333333344
74244444344433444334443334444444434434775334444444334333333433444334333344444762456543445636434454444443444443444444444444444444444443444444444444444444333334333334333336876444333334333443343333333333
65244444444444444444444444444444444442575334444444434443444433444434433444444584345654444525434445444444454444434334444444444444444343444444444444444444444444444444433336775343333333334343444443333333
65244444445555455455444555554544444443565344444444444444444344544444444444344577344554444414534433444444444444444444444344444444444444444444444444444555445555555544445447865433343333334333444444444444
65244444455555554544444555555555555444775344444444544455444444444455555444444457643222344552444333344444434334455544444444444444443444444444555455555556666666666555666665665544444444433334443343444444
64243334444444444444444444444445555655775355555555555555555555444444444444444445764210034652444223333332333334444444444444444444444444455554556666666666666666666666666666545544444444444444443343444444
64343344444434344444333344444444445555775346555554555455555556555555444444444445885422254655543333444354333344433444544444444444455555655677777666766666666665656666666666665444444444444444343434433343
64233333334443344444344443444434444334775334443434444445555555555555555555555445797465655676333433553356665566543444445555555555677767778777666666766666666666666666666666656654444444444444434433333333
64233434344444443344445445444344444334676334443433334444444444444445555556665555568777766874311223333335877777665545545677555788877777677776666666766666666665556666666676665566544433444444434333344333
65233334344444444444444454444554444444675334444444333344443344333334344444444445446767754862211122222236777887777778888988635667777777767776666667666666666655566666666666665556654333333333333333344433
65233333333444444444443444444444434444665334544444444444455433434444433333343434446667664554211112222246666787777888888888536777777777766666666666666666666645556676666666666555665443333333333333344434
64312232334333443334444443433433333454675335444444444444555544445554444554444334466676664454211112222256666676776777777788547888877777666666666655556666666445656776666666666666777644443443443444443343
43313233233332333334433333333444443442575334454444544444444445444554445554555544566766665453222212222456666666666776667788447888877766666666666666666666666456666777766666666667777755544444454544434333
22223232222333443333333344444444333443575334444455445444444444444443444544544445666656665442134423344656565556665666667787468878777777666666666666666666665556667777666666766677777764555555455544444444
22332333323333333433333334443444444444675334434445444444444544445433434444443445665555665454333324565655665666666666667876477777777777766666666666666666655566667888766666667777777775555555445555555554
33333334433333344443344333333344445444676433433344444444445443445444444434434556765556665554334313555655666666665666667775577777777777776666666666666666665665678888776666667777776676444445554454455544
44443343443444444443333344343344434344676323433345443444444444433444444544534566655555555443344422445555665666666666667774777777777777777666666666666667766766677777777776667777776677544444444454444444
43333333344434433343433334433334433344564323323344444454434445444445444444434467655444543222345421344445555556666666777775777777777777777666666666666766667676766677777777777777865677644444444444444444
43334344454444444344443444443333443334664321223334343444434443344343354344344357655565552123345321234455555566666666777776788777777777777676766666666677676666766677777777777777763277644454444444454444
55444554554454444444443443334343443433564322222233443333332323334343345443444456555631111223334321134554455566666667777886888777777777777777766666677776676566666677777767777777653147754444444444444444
44443443445454444444554433334433444433444333323433332333433334443444443344433446456411122224314321123444455566666667877876778777777778877777777776776776765567666667766667777776542237765443434444454444
34443334443344444444455434434444433343332333333333333333444444444444334344444456445456433343323421112444455566666667777776777677777777777776677777777667665567666666666667777765431225875545544443344444
33344444433344455444445444444444444444543333333334344434344444444443344444443455445555443334543321111344455556666677777766666667777777777776666777776666554467776666666667777654321025886455454454444444
44343443333333444434345433454334545444543333333333244333333434443444344444334454555543433335442221111244455556666677766665556667667777777776767677767665444467766676666666777654320126887444455544445555
33444343344434343333333443444344444444544544444433334343333444432233444434444455555533433355422221111134455566666777666765466656667777777666777777766654443467766677766666766543211236777644334333444444
44333444334433334344344444454454554545545544444334444444444433333334334434444555565434322363212221111124555566666777667754466545777776666666666667665544443467766677777666666543112235667654433333344334
44443334444544444444444454554445543445544454434444544444444433444434443444445787654333223562122332111113444556666777677634576645777777666666666666655444433567766677777766666532112235556654333333333333
44444443334444444444444454444434444444444454444454443334444443433434434334366568864334324631112332322212344556666777777535677656666777666776666666554444434578766677777665666531122244456754433433333333
44444443344344444334444554443435443434344443454434354434444433322432323333456555665344244311113342323321343456766777776446777666665677666666566555554444334579866677776656776421122233345775444454343343
44444444444444444444445554444445444334444543344334344334333323233344333345569555544554453111134332323332233346766677766567777766655666666666656555444444455676776667766557876421222344335776443443334344
44444344433333333455444455555445443444445444444444454444444344433445323456579776545532242112553333333333223334676666665677776766655666666666655555444455566775676666665468776311222344334677544433333343
44445443334344334544443455555444454543455444444444444444444444444445444555577765544432021113552243434433333332366666666777777665555676666666555555555676567765576666655688875312222344434567654433333333
44544443344343335544443345455433333333443444444344444444444444444445555555455314267522331134552343343333323333335555556667777665466676666666665545667776666643377666667877764212222444434456765444433443
44444434444443455444434445444432222344433344444444444444455554445545544544432123265322312333553454443344334434443444555566666566458876666666666667666666555432248666677777753222222334344444666454453344
54444444444444444444444444444432343443344444444444444545455555445554445455542221133121113433453455445555433334444333555566655556449987777777677666556666554322238766777878752122222433333433655543544454
43443444444434434444444444545443344344444444433444454544444444444444445454453111112112123444454455445544333433444333456566555555438988876776776654345665433222248777777778751122223554344333444554444455
44444344454444444444545444445544344333444444433434555455543344444444445444454321112112443444344545445443223444333333346666655554325877766787544533344543222234457777777788641122233444444333434345433343
44444444444454444454444345445433444434444444333444445544433444444443445444444333111123444433434444443333222333333333366676655554222555554665422222344333333444444776788887631122333433344444323334433344
34444344334444444554444444445555545445454554333455444433334444444444444433333343333333444444444443333343223333334433476777666552222222334343333222234333343334444677788888741122333443343344322422344434
44333333334444545445555444444555544455444454455454434333233333333444344443433443443333444444454444443343224344443333577777665431112223334333344433444343344334333477899888752222332443344433323322344433
34334343333434334444454334334455554444344344333344444333433333343443344444444444533434433444354345444453344434434443677787664321112344334334444433443334444333343337889888863223335443443333323332233333
34333443333334343333444444444443443323344433344334444443444333344444443444444445433333444344344333444444554444554445777876644322222343444445445443344333443334334336899888884223349733343433323433223323
44333433344443345344444444443334444344433444444444444343344433333344434444444344443444444344434233445444444454454446666766545333333344444344343333333444333334333323889888885223269843334344323443323334
33333433343444444333343443333333334454444444444444444334444333443444444444444333443445544343334334344333434454344356677665444333333344454333344333334344433333333233798788887323389964433333234334333233
33322333333333344443433334433443344443344444333444334444443444433344344434434344443334333433354344434444445444444477766655443443333333333233433333333333333333333332599888898322399973333333333433243233
33433333343333333332333444443344443343344445443444443444444444444454345544334444443333333344454344445444445444444577787444433443321233333233223333333333333333344433489888889622399984333333333333334333
33434334344334333332233344333344344444345554444434444434444444334444445444334434433433343444443443455443344444434777787434443444211133343233222233333333333333333333369988888842389996333353333322234333
34344444444455444343333335444333443334334443444344443443444444433444443344343333423433333444333334344434543433335677785433432248322234342212222233333333433343333233348998888873279986433333333333323333
34543444434445443344344334454333444443334444444344444434335533434434543434333443433234643344334444334335543333346667785433322346333333343322233433343433333333443343336998887875259876433333333333333333
43443342344434433355334443333333444443333434334334443334434333433433433333333444433333543335444444444435434433347666775433332445333333444334444443433444444434444333334998787765238886422333333333343333
33333322344434444346434344334434444433343334443444433333443343433443443333344444333344533445543444343334434444346655444333333535323333444334443333333354443344433343334798676665227876433333333333333323
44445543333333344335433344433344444344344344343443333344444444334444333333444444443345444445544434434334444444446554333333332334323333344333334333433444333234333343333698656665324876344333343433433333
44444443343343333333344334444433344444434444334433344334444433334333334434434454434543434444443343322334443434326666542222422344322333343333344333334333333333333343333588557765222686433333344333322333
33344443343443343433334443333313334344444444333333443444334444344433334434534554445544533443333322233356533433324666542222222142322233333333344233333344333444433333333379767764222387443333443333333332
34434443333344444433343343333434334433443443333434443454444443344433334334433443446545444544332323232254552322322776532211223333222223223233333334333444333344423333233248788764322258543344443333433333
43345433333444444344443343333334434433344343334343433354433443343444344344323344344534444323233332332354342211332676641324223423232222222233212333322333233343333333212337788864222236433224433233333333
33334433443433343344433344333333433333334333344333333344323443343434443344334335333444334433234443344444233222352666652433323313332222222233212321222221133343222342211225878764222224433233322232333433
32343434333333233443233344345333334443333333334333212334233334333433543333444334433333324443346543443543322134221665652433234322442111321122211121122223222232111131111113878763122223312222211222323434
33333433332233343442332343333333343333443333323233332333343333324543542333434433434333324433236443433342222155234676654532233321232111332121111121122222213321211121111212777763122223211111111112323123
22322333333223333353332323333343233224443433333233332344333333333222343334445433333332233333336443432454223433333777775522223234232212256321211121131122423222521121111212887753222222221111211111222223
33322333333333334333233332233333333234333333333333344333334434344333433343343333334343333233335334232344322443333776676422322222231212255322211111131123366122111220111314887663332222321111221211112155
22333334332333333354223332333333343344433322233344355333334423444444433333333333333333333332443234323333322443334666456421222222332212343224220241232333455233111332221423876763432223321111211321111134
34433333333333333333334233333333443334332222344333554343344324443344322433234333332332324342333323223333232445344664444321112112323212443553220352352333545443533543332324777765312223321111112211111222
44343333443333333333334333433234432333333333333344443433443245344333323333222233323223334232333323213433332344444666643322432112332223464476421454332345445645554433334445777653322223321111111111111233
33244333343433333433343333443333433444333333333344333343333343333333323223333243232223323222333223332432333333336655543223634323643322443355443456333344443544333445435646678653232234521111231232112235
33333433343333344433333333333323433333333434433433333234333333333333333223343333342322332243333333333333344633335434442122223343334323433433554344334334533343334454345435778753322245621111352641112224
43333433333443344334333333333233433333334433344333433334333223332333333334333333433333443333422343233333233433334544332121222233323532323444433434543325543333334434454436788753421256631121124421232322
33333333433432223333343344333433433332334323334433433344333233334334333323444333333324333323422333332333333332334544431221221223336532333444333335533553335322334433345445667642422235531220253423122323
22333343333332223443343445433434433333333334433433444334433333444343233333434333332333223423323322312433333233343543322232332333237532233444333333322443334323435533333345667643423544421322334222234443
43333343333344333333343444444433433333333443333433342235543333333343343433543333332333212334333322322333332334332343233333453332234533323343234323322334443323435423334456566522213454442313535432356332
33344344333333343333333342343444343333333433343334332333333333333434443343433333323333322333322333323334233443233233443333333353333332333333223323322334344333335433454446655313332444454333335553343323
23233323222322233334333233333444333332333343344334333433334334333334543343444334433342333433322343333334334344232334343333642333433332233324433333432233454333335432575356644324434653344443334453232222
33232322333222343333433334433344334443433233333445444423333443443333443334444434432233334444433333333333234222232354333434542333433323333324534564442334554323434345654343433334433544343333323432235322
32233433333332354444333333444443434433544334443435544433344433443333443334334444333334334334333323333333343222333465443343343333333333434344334333563333444344334424434333323433333344332433333332335423
33333444344334444333333443454433333444443334433434444443334343333443344433334333333334334343333323334333343333343344333223333333333444355333344333443333445344224433334322224546443433444333334443333333
55433434334444443333333333443434344444333344444444444433333343233433333333434333333443443343333323223333443444333433422223323223233334233333433333333332434333324434334222223256344444455233347433334564
43323234334444433333332323343344345434344334544343444433344333323433333333433233443334443333333333233333443444333434532323323333334333333333344433332332333234424223233233212254345443334332335223423663
33233334343443434433333333333334343334444444433334444334333334333334443343323433444333444333233433334333333343433423433343332222234322333333333333332333332333323343323434222343333332323323332234345564
33343344343334434334334443443444433444434443444333333333333444333343343443324543444443444343344334444333333332334423333333223332344323333433234333232332243222224444323434433345433323333533333245455454
33444344443344433333432444444545554554344444444344433333223555443444445334444443443444433344344343344344343434433433333333223333323223233433333322232232232232233433342333454234333543432343323446444443
34333345444443333434543344445444443453333344433433433443334444444434455434443344433354333444444443444454344443333333343333333332323333333333333322355343222223323222232222232343332663332432233333344443
33334433434433333444433344444345334433333333443333453453444444443343444444344343333342333333344333333333343333333343333233333333343333333333344333344434322223223223332232233453332355333333223333344433
43444343333323333344333344434334433334433333333334444343354345333344344433234544434444344444444333443333333333333333443332333344343343333343333323423233222333333333333232343332333334232233324433332233
33343333334332334344334433333334333344334343334333444433344333244334343333234444433344444343434434334453344433233333443343332444333333443433333333432332333233322322322223334433222332132222433333333223
34433334333432233343434333333334334333344343334444443333434434333333333334433334433433333333444433335434434433333333433344333444433543464433333434333333333232222333322323333333243333332333434433323212
