22222222333332333335522333236433212333322222123332387422222222222111111111133315853232222222237633233333232533332212337632222333222322355111222212577888888888888888888887775478886432334677554444433333
22222323333332323247433232246432233433323333444332287443232223222211111111333424853342223211326644222333242332222122337632222332222223377311122222236788888888888888888887875478853333323666433223333333
44444544454444444458444444567444555555444544545544488543433335433333333344555544763444344322424543222433342223432343437742222342222333356311133222235466788888888888888887776477644334333334444323333332
44444444444444454468455555456445545555555555544555598555545555544555555555555556853555555445554555544444453435543444425742223342222323323221234221234234578888888788888887776465334344333223345443433222
33333333333333334348544444446434444444444444444444588544444545444554555555554446753555445555554454555555544555555555546643334443334444444311133232343333347888887666888677776445434353222222445754433334
33333333333333333348633333347523333444444433334444488544444444444444444544544446753444444445555444444444444455555555564543555555555555555544455555555555457777776544667545776435644353222222545543224323
33434333333333333348633333336533333333333333333333488543333334443334444444444446753444444444444544555554544444455444456643544545445555555555555555555555556555566556556556776455555564444445544444435444
33333344333333333348633333336633333333333333333333488443333333343334333333333446863433444444444444444444444434444444456643555544455555555545544555555555555555555555555554675355555565555555555555556555
33333333333333333337743333336633333333333333343344488544433434444444433444343446853444433344444444444444444433444444457642444444444444444444444555545555555555554554555552476445555555555555555555555544
33333333333334444437743333346634433333443344444444488544444444444444444444444446753444532134444444444444444444444444457643444444444444444444444444444444444444444444455454676445455555555555455554555554
33433333333334444446744443345534343333343334444444486444444444444444444444444446853444841134444444444444444444444444456643444444444444444444444444444444444444444444444445776444444444444445545555555555
44334343333434333336843343335634443334333334444333487444443434444443444444444446852444951134444444444444444444444444456643444444444444444444444444444444444444444434444445776444444444444444444444444444
44444444444444444446853333335633433433444334444333487444433443434444444444444446752444972124444444444444444444444444457643444444444444444444444444444444444444444444444445776444444444444433444444444444
44444444444444444444754443345733434444444434444444488443333443344444444444444446753445995125444434444334444444444444357643444444444444444344344444444444444444444444444445776544444444444444444444444443
44444444444444444444554444444643444434444434444444488444444444444344443344444346853445998325444444444334444444444444357643444444444444443344444444444444444444444444444445776534444444444444444444444444
44444444444444444445744444445744444444444444444444378444444444444444444344444446853344899525544444444444444444444444457533434444444443333444334444444443334444444444444444777534444444444444444444444444
44444444444444444434854444445743444444444444444444378444444444444444444344444446763444899625544444444444444444444444457433444444444433333444444444444443333333443444444434787534444444444444444444444444
44444444444444444445864444445733334444444444444444488444444444444444444444444446763444899724544444433344444344444444457643444444444444344444444444444443344444444444444444776534444444444444444444444444
44443344444444444445864444445733444444444444443444488444444444444444444444444445743444699824544444443444344444444444457643433444444334444444444444444444343443444444444444677534444444444444444444444444
44333333333344444444854444445743444444444444444444488444444444444444444444444444753444699823554444443444344443444434457643433444334433444444444444444444433433444444444444677534444444444444333334444444
43344443333334434444554444444743444444444444344444488444444444444344544444444446753445599943454444544444444444444344457643444444434443444444444444444444444444444444444444786534444444444444443344443444
44444444444444444434543344443543344444444434444444488443343333444444444433333446753345689964455554544444444444444444457643434444444444444444444444444443444444444344444444777534434444444444443344344444
44444444444444444343763233344643344444455444445544368543444444444444444443444446753345789974444544444444444434444444467643444433344344444444444444444444444444444443444444676434434444444444444433444333
33334344433444433323553333334743344445555555555554468545554544444444444444444446753445778985433444444434444444444444467643444444444443433444444443443444444444444444434444676534434444444444444443344444
22222245444444333344443333333742223444443344445555488445555666555555555555555556753445778996432234444444444444444444337643444544443444444444344443443334443444444444433344686534443433433443334444344444
33332258432222223466533333334642222334443343444444488445555555565455555666655556753455679997432213554554335555444444447643445642244444444444444444444434443444444433443433687533343344434433333343344444
34334345333343344454444433334544444444454444333444478445444444454455444544444447752444689998433211454543235555555554467644676311135444544444454444454544444444444444444444676533333434333433343334443333
33433334434444444434445444445554444444465444444444378533333443444454544444444434753544689998533332344442234444555666678778852111124555544544444444454444445445444444445544677644444344444444444444444444
43433434444434333334444444443344444444554444444444378533233443444344433454443434753444479999544665344443334444444555666787422332235555555555555555544444444444444455444444677644444444444444444444444444
44434444544344434434443345444444445544554444444344457433333344333333333443344446752344359999777666566654333445543223344564234333444444555555555556555444444444444444444444677644545555455555554445444444
44445545544444444444544444443444444433344344444444444445543334433333333333444446652334456999876665666665556666643233334532343344443444444455555455555555655555455444444444577534444444444444444555555555
45555545545555454555544544554543443443443354554444444355333334333433433333434336753343444798756665555554445544544333233333333444443333444334443334444444555555555554445444577544444444444444444444445444
54544444444444455555545555554554444444444445555555444454444444443444433333333346753232334676766655555555444543544444344333333444444444434444433333443443444444444444545544257643444444444444444444444444
54545444434444445555544445545554444454444444797335434554444444444333333333343344543233556777776555555666555432455454333333234444454444455554444445453344334333344444444444357654444444444444444444444444
54345344444555445555554545555544455454445544565334444444444555545544444443344332333345556677766555656654455421254565443222444444454444444554544456544455445443344444334344577654555454444444444444444444
44444344455555455554445444455445555445655554444444444444445544445544545444434323333336777776665555656665444331133445654333444445544544445443454445444454455454444444333343477653444555545555544444444444
55555555555544355556545554555445544444555454545444444444344444445444543333344433334345677777656556546787454321223334557643444444544545455554544444344444455344444544444444477653444444444555555555554444
54455455444334445565554555555555445544554454644445454544444444454454433344444454444432278777555555556654333322221133458753344334544545565446654553344443444333344444444554577653443443344444444555555555
55455444434334444555444455445465455534544454445544443454444444344444444554544445434421377666565444466211011221121113457632343334544555544456555544444444444454343444434445477653444544544344544344344454
45445544455445544455444445444444444444455444445544444454444544444444454344444444434432676555555445365110000121121113456532333344555544545566555454444555454444444444445445467653444454444444444463333334
55445444544455554444454344444454554544455444445444455444544444444545554444344555554457665544444445555431000112232112356532222344554555555555555444444543443343334444345554467653444444444565444544444444
44444444444455444433454444444555444443334554444444444443344344443444443444444454555555555555433355434343111122123212256542233664445555555555556554324533434433344344555555457754345444443455444544434433
44444454444455444444444454445555444443433444444444444332333333444344443444344544454555786545444444333333222221122222245443444566665555666676666655433444344444454444555555546654444344443545454554434444
44444444433445454444445444444443444444444454554444444454444544444544444445444544345557989754334433322222122221112232233366544677655555566777666666543334444444333345445545325654444445443444444444444444
44344445444545444444444444444444444445445444454445544555455554545544444444444444566479779853332333222222112121112222234697544777555566666776666655554344445554432222434444446654333443444444444334544455
44433344444455444444444454444445444555544444455444544554444444455444444444444444665799888964322222212222212221112223224555567776556656777776666666654346566554432111133444357754344334334444444433445445
44443334434444444444444444555555555555555555555454444454444444444544444555554444567999977874332211112232112221111222322234656565566666677765667665654423565443222111013344457764334334444444443344444445
44443334333344444344555434445445654445455555566644444554444545554444455555544455467899876564332221112321112221111122332234555555677666676655566665543321223333333211013344457764343334444334334343444444
45443333444445444443344444544443544455555555555444445555555555545444555434444445545576664345232212211211112212111122223322455544666555565555555555554322233444443212112444457764343444444333334343444443
44444444444446444443444444455444544445666545554444444444445445544544545445544455513344421104422224411111111111111122223332234544686555655565555444454222233443321111223444447764233344443443333333344333
43444444554446444443444334455544444445655455565454454455545444555545544554455555313233310002522124421111111122111122223333213444576555566655545444344322333333322222334343347764223344443343334333334444
44444444554445544444444445654433444555444444445564454545654444345554564444445554323233200013423112421111112222111122222333312345544466655554554444345322344334333333344444356765222334433333333334224334
34334433433344354444444445543444444444645544555444444555554554544454554444444444333332221234322112421112222322111122222333321234544566544455444433344422354443334433433444446654232334323433332212322433
33444333433434444444344445433444544454545554444434445544555545555555455444555544333322222333222112211222332321111122222233322233433555544454444333334432253343454443544554455543333332322222343223433433
33444444444444444443344444543334444445545444454454444444455455555555554454444444543332222222222212111222222211211122222233332123333445554444444444433532244345444445545653445433333333333233443334434333
33443344344433344344444443454434444445545445464454444444554444444554444554444445553332221122222211111111111211111122222222333113332334544444444444333542235545554545546544344333334333333233433433343324
33343333344443443344444434444444443444434444333344455444455554454555545555445444454332322222223211111111111211111122222222222223332224444434444444333642234445454455545433332334544333433333334434343344
44333343343433343454444444444444444444444444443444434443444454554554444444444444454333311222223211111011111101111122222222222212332223444334444433332332235445544334443433422234544444543333344433334444
33333343333333334344333443433444344434344345444444343443334455545554444444444334454434311122112311111011111102111122222222222212332222333433444443332332235444443343333344433445544454443333334433333433
43334433443333433454444333433444444333444445444444543444444544545444444554444334456765311100001311111111111112111122222222222221222222233344333433332332144344444444344344444444543454422343443433333333
43344443344444444444544343334334444444443444444434443444444444444444444444444343444553210000001211111111111112111122222222222221222222222333434333232332234334434444444444344445453443422233333333333333
44443333344344444334434444344334444444443343443444444344444444444433444444444443444422000000002212111111111121111111222222222222222222222233334333322322233333334443444444445444443333332233233333333333
34334443344344444444544444454434444434443444455445444333344334444434444444344444444432000011112111111111121121111111222222222222122222222223333322222221233344343344344444545444444333332343333343333333
44333443345544433444444434443344444444444444445455554444444444444444454434444444443453211111111121111112221111111111222222222222122222222222232222222221234444453343443344435444444345432343444433334333
44443333344443434333445543333444444443444344444444444443443334444544444344444454443333443211111121111122111111111111222222222222222222222222222222222221244445543334343444434433344444445443344444334433
33343333333344444333343443444444444333333343344343343345444344444445444444334443343222221111111122221111111111111111222222222222222222222222222222222221244434445334444433444333334544444444445544445344
33333333443434443443343443444554434444434444544344443334444444343333444544333333343321111111221121111111111111111111122222222222222222222222222222222211344433344443544434333433333433334344434543444454
33334433343334333443333433343244344444545444444434443454444434443433444544444444333432111111111121111111111111111111222222222222222222222222222222222211343434444443443344334433443433443444443443444344
33333444433333333333333333343233333334444354443444444444434434444334444444444344344443211113111343324211111111111111222222222222222222222222222222222211333434443333334334446434443444444544444443454454
33333344433333334443333433444333344434434453443334444444333344443444434433344444355444421244544434334331111111111112222222222222222221222222222222222212433443443343334344444344444654434454444444444444
33444333333323333333444334434344343334443444444334444433334434444545434444433443444434334543454435445442111111111111222222222222222211222222222222222113434233342343333334443343334444334344443334434444
33444433333333333343333434333345443334444443443335444433444444434444544444444444443443334444444444546554211111111111122222222222222111221222222222222123433343343323365343443334333333365334334333333444
33433333333343333333334333334334333333343343343334334335434444433333344444444544544555433434444434657653321111111111122222222222221111211112211222222223333344443333365333444343444443354333333333333333
33333333333333344333433333333333334333343323233333433445334433434443334443344433444454434434444344457765431111111111122222222222221111111111222222222234334444433334343334544344444343343344433443433433
33333333333333333333343333333322323323333333323333334444444334343334334333333333444445444444444344357775321111111111112222222222211111111111222222322233344444444334544344554344444333443444444443443443
44334444433443444333333333333223333333433333323333334333333433333334433333333334444455334344444444457775331111111111111222222222211111111111222222322234443455443354343454444334443332443444357545454444
53334433334533344323433333333323333333433343333433334434333333333223324434444444444554444344454444457666321111111111112222222222211111111111222222332234553455454454443344333334332323553444556436444444
33333333333332333333333233432334334333333333333333444333343343433333344443344334333444444444434444567666533211111111122222222222211111111122222222222234443344344564444454443333322424554344434435554443
54323333334443333444344333443334323334333223333233433332344434434433455333333444344444433333433344456666643211111111122222222222211111111222222222222244432344434554344443333233323334435434224344554433
53333343433334443345333333444333333444432223333433432333344334333344334333343333343343333323334355256666652111111111122222222222211111112222232222222233433433433333433432233343333335434344245454643334
44333444433443333433333322334333433334432233333433433334433333333444434333443433333233334332333346356776664211111211112222222222211111122223332222222233344433444333332443234644434454323333344444533445
34434444433344343433333333344434433234332233334434343333333334344433344443334432333334333333344434346776656322111111122222222222211111222333332222222233343443334333332443223743344344333333333333433333
43434544333344443444333333443344433333334343333444443333344344344333333433344333333444433343333335336666655522222111122222222222212222233332432222222233444543333332223223223643344235324434633432342244
44434445544433334443333333433333333334434443333444344334454443433333333333344334444344344333344334435566655642222211222222222222222223333222432222222343333333333333333323233643333245434344543343333264
43334434544434444334344333323343344333333444444443343334453344434443333344454434424333344444443343343466655563222222222222222222222333332223443222222343333333333334332333333323333333333233433333332253
34434333453354343344333443332354344444455544554333323234444333444444443443343343334443334343333343344456655555234433333322222222233333221123443222222343323333333333232333233332332332232234433333233133
44444344453344444444333444444443344443344544444322332122334443444443433443333454333443434444434443444345655679535644555432222221223432221112333222222332222233333323232434233232322332322233335333332233
44334445553344444565444444444444434433444544444332332333333333444333333324344444344343333344334434433334556899867755556532222211124642222122332222222323333333323222233323233322222232333234344433332233
44444444443444553665334444444444433333344545344333433334443335333433344333343322333333343343322344334344457999878986655432222111123474222222343221122333333233333232232233233332334333233333333332322442
33443445444445544555445544434444443223344334444334345443444333324434444333333434334334443334332344334444557999878998865332222111123477522223333222223333443333343332333324342234323333233454233332322233
33344445543344455455344433323344344434333323433433344444443433434333333334333334344445444344443444344444556899867988976433322111134458753223343222223333444333333333433222332233322233323333332322322233
43444544543344454446444433333443344445433323334444445444344332344433333333333333334444433333334433334444356777856767876443222222143338887323442322233343433333333333323342322332332223333333233222232235
44455545543333544545443344443343344334433333334324444443223222334443344433333332333332332333233334433333346675445444676543222222232338887433322332333343443333332333212333332332231243333323333233233334
44444433443344345533342344333323333443334333344223344333322223344333445433334433333333333333234443443334445677433334345643455432333447786334332333333344443333332333322233332332232233332334335233332333
43344333332333334434543343234333333443344433234234443333333332123223345433434332333344434443345444434443455668743333323547977653344447775334332322232344443323323342333343332234332333332334313433323333
43333433333334433335433332333322433444344333234444334334433442223434434334334444543454434434545543334444355667864332224899887543354457664233443322222334434333432233333433433334323323323434422232324333
33333333343444443445433323323422334434333333343343334244333333433334444334334445443434433444444343333333354566775322336999888743344457653244343222222433333344333334433433443332333323223422223223533333
43333334433344333444434333324423424434433333444344543443433323344333333334344543323434434444443333332333444366776433336998887643444466653244334322222434334344333333333434333332232333333322223335534334
33234334434323332334433333433343333433443344434444333344443323465444334444445544444444434353444443433343333347886533335998887654444476543343325422223333343333333343443334333322222433333333334234444333
22333443444333333333433334433443234334444433443334334444344333445443444454444333344444444434544434444443444346786543334899877654444576542333324622223333432323333343433233323333222333344334333333332222
23333343334333344333333334344334333333434333333334333543443333334444444444444444444445544444434444432454444556677644333798776544433576542343334832233343322432344333344333333333333333344334423333343122
33344442334444333445443333343333333333334444433333443333443333432544444445444443444444544544333444454445545545666655434785566534433676532344435851233334324443344334344333234433333432333334333342344333
33334443344333344444443343332343343334444443332334343433443333433444444334344244445444433333333444554444444445766555433765555544433765544444545862234334444444343344344434333333343433333333233442233333
43444444443333322334445333433343343344333433433334333434455444443445444333344344445444333333343344444344444444656643334866656544344765544344445764234334453344332344443444444443344334334333343342232332
44444543333333343433454443333333333344334443333333434344444333344344443354444443444334433433334444434444334443556665435866656544446765533255435765234444434343333453333344434444343432233443333222232222
44444444443334433333443433333443433334444333344335433333444444345444444444334543333334434443334334444334334344566656547865566544435665422234346665334333234544443443334433434333333332233333222111111100
44444354443222332222333333343443333444444333234344334344434434345444345433344443333334434443444434543334444443465544558765666554444554211123336664343333233444432334444433443333444332211211111111111111
44333343243122222233333333343434433335444343334333344433333433444443344333453344344344444343344334444334444323355444478666665554443442122113427764333333322334432333333333343433333333111111111111111111
44332444344211211223334433333333333344543443343333443543344333443343233335443334333543443443344334444443333444466554477666665544433563232112447654333322333333443333332323334333333211111111111111111111
44433443333222223333334433443334444454333333343344434555444443333333333334544344345433333333345434455444443354456665686666555433433565443112356655322222223333444343332333233223221011100111111111111111
33333433433333333333343334334334334444343344453444444545643343333333334434554444455333333433344434444544663454345565686666544423333465433212366655311122112223433333322221111111121111111111011101111111
44344333444433344333443333233234334444433334334444333334433333433343344433444343345333334333344433444533553444345455686666544323344444322112466655322111111223332322211111111111111111111111111111101111
