63444444444444444444555884445444455444555555555554467624555555555544555544554544445544445751133333432223233242134242122333234568888887878887877764553343542322234456544323332222222222222323245445777777
63344444444444444444444885444444444444444445445544457634444444555444444444445445555555555861133445544345444552265443444443443467888875547786567764455443532222224466533343342112222222223322223345777777
74233333333333333333333885433444444444434444444444457634444444444554444444444444444454456872135545455555555541466555555555555566666665555565457764356543532222235344332242232113321113322222333335787777
64333333333333333333333885333333334333333333333334457633434444444444444444444444444555446884134544454454555542655545555555555555555555555555567763555556655555555555555555555445434444643333343346777777
65233333333333333333333885333333333333333333333333358633333343343444444434444444333444445897234444444454455445636545555555555555555545555555524753455555655555555555555555555555555555655555555556555566
65333333333333333333333885433334344443444334443333357623444444444444444444443444333444434888425444444444444446648534444444444444444545545555534764455555555555555555444555445555555555655555555556555555
65333333333333343444444874444344344344444444444444457634444444444444444444444444444444444888525444444444444459557534444444444444444444444444457764444454445555554555555555555555555444554445555445555555
65343333333333333333334874444444334343444444444444458633444444444444444444444444444444443788524444444444444368456534444444444444444444343444447764344444444444444444444545544554544444444444444444444445
65333333333333333443333884444333333334333444344434458623433444344444444444444444444444443788614444444444444268557434444444444444444444344444457764344444444444334444444444444444444444444444445445544544
66333333333333333443333884433333433334444444343433357633443333334434344343344444443444344688623444444444444266347344444444444443344444444444457765344444444444444444444444334444444444444444444444444544
56233333344443334434444884433334433343433433334443457633433444444434334433344344433444445688733444444444445265456344444444444444444444444444447765344444444444444444444444444443444444444444444444444444
46343444344444344444444885444444444433344333343443358633444443444433444443344334444444445678853344444444444366546444444444443344444444444444446775344444444444444444444444444444444444444444444444444444
56344444444444444444443585444444444444444443444444358633434443344444444434444444444444445668963334433444444476346344444444433333334443444444347775344444444444444444444444444444444444444444444444444444
56334444444444444444443684444444444444444443344444357733434333344444444343444443344444445678963222444443433576355444444444433333334444444444347865344444444444444444444444444444434444444444433333334444
66233344434344444444443784444433444444444444444444357633443344344444444333344443444444445888974221344432334576476444444444443444433444444444446765344444444444444444444444444444444444434444444444444444
56334334444444444334444784444444444444444444444444437633444444444444434433443444434444445899984321244332334576685444444444444334434444444444446775344444444443443443444444434433334333333333333333443343
57334344444434444444444784444444444444444444444444446633444444443444444433443344434444334699985444344333444479974444444444444444334444445444446775344444444444443333444444444433433433343443333333344333
46334344443443433444443784444333434443344444434443357633444444444444444444444444444443344589996677656655655589854444444444444443444443344444446775344344444444444434434444444444343444444444444444444443
35333444444444343444443785333333334444444444433334457633444444444444444444444443444444444578887765566666656688644444444444444444444443434444446764344444444444444443333444444343433444444444444444444444
56333444444454444444443585444444434443444444444444457633444444444444443444344444444443344577887666655565555666444454444444444444444444444444446764344344444444444444334443433443333333333333444443344334
47422444454444555555544685455545445444445444444444456633444444444444444444444444444444444477776666555555444354344444433433334444434444444333346765344434444334444344343444443344444434333333344443343343
46422233444433444445554785455545565555555555555555557633444444455444444444444444444444444366767766555555554333343344443443344434444444334433436865343434434334333344433444444444444444334334444444434334
46422223344333334333444784455455444554444555555554467634545555555555555554556555555444444655567765555565555422332344444444444434444444444434346775333333344344333433333433434444444343433333433444444344
45444444344434443333443685344434444444454444444444457633444444444444444444444444455555556677777665555555544332212454554445544444454444444444446765334334343433334444444343433344444444434444444443444444
44444444344544444334433685332333434444444434444434426634444444443443344444444444444555566446777765555557854321113544544444444444444444444445446776444444444444444444444444444343443444344444444444444444
33444444445544344344443685332233333343333333543434447533443344444444444433444344444444443116777655555456432321014555555444444444444444444444446776445554444444444444444444444444444444444344443344433444
34434445444544344343444464333333334323333333433344457632343444444444444444454444434444443147666555544552100121125555555555555555444444444444445776444444445545555555555544444444444334444444433444334444
34334443323433434443343344455433344333333333334434457632333444444454344444545544444444444576654455544553200122134444444555556666555554444554445775334444444444444444444555555555544444444444444454444444
44434334444433444544444433553233343334333333333333347633433433344444444444444445555444444655555444445444411121234333334444445455554444456655443676434444444444444444444444444444444444544554444445554544
45444444444444455565444444544444444433443333333333356532222333433344344444444444444343445545555444345422321211344334444444454555554455555554552476534444444444444444444444444444444444444444445445555555
45444444433444446872244344544444444444333333333333334431333333334233343444443343344344345556887554443322221121345444445566565555555556555654455676545554444444444444444444444444444444444344434444444544
45434444444445434653344443434344444445444444433342222332323322233343333333343343344443466459879843333222121221245565546776555555566777666665544676534555555455444444444444444444444444444444444444444444
44455544445555444444444444334444444445445444344333222233333332343333333334333444455444565599888863222111221221133356676765555667667777666666554466534444444445555555544444444444444444444444444444444344
44454444445544545444444444443444444444344432333334333344333443344333444434433443344444466899987763322111211211113466655556666667777776666666654445534434333444444455655555554444444444444444444444444444
54554455445544445444444444444444444444444333445544455444334444344444444434444444344444556678876564221211111111113335555567776666777666676666655444534444444433444443444555554445555555555444444444444444
44544554345444444445444434534334443444434344444444454333334334443444344443334433344544551345554214222321111111112322455567655666666566666666554433433445545443345444533343344445555565555444444544444444
44444444444554444445434444444444444344344443344444544443444345544444444444344444333344441333321003311321111222112332134556655566666666655566554333333444444445544445534444443343333343344444456655554444
44445444444554444444444544445444444434445544444445555554455456445444444444344444344344432323210014311221122222112333123554556666566555555555553322323454444444555444443444334433533333333333344544445555
55454444432344444444334444433333343433444434444444544544444344555444444554443333443344433333221133211222222222112223213343566655555555444445553222222354444444454556544344444444544433433433333433334444
55553343433334443444444443322333333443443434443345433444333444444444445555443434444443443332223322221212222212112223312333456655555554444445553212221225654434444444444444444444444444434443333444433334
44334344444334445444444444554444444445444344444445443444444444334445545445544544444443445423222222221111111112112222322332345655555544444444554212221223565544445333445434443444443344444443444334433433
44444444444444444444445444554445544444444444444444444544444344333444544444544455444454446533222122221111111111112222222332234554445555555444554311221123466654444434345444453443333333455444444344344334
44444444454444344544444444443444444544444444444444444334444434443434333333444445434545545532221122221110111121112222221232223344445554444433564311222012345455444434444444454444433444444444444343444454
44554555554555554554444444434434444444444445555544444444444433444334434444444454444455545544421110111111111121112222222222222233454554444433564211222112234224464433434444455444444444434544444344343444
44456444454455555555434444544445445544444455444443454444433444454444444444554455555553455545421000111111111111112222222222222222454444444443453211222310112211354443434344444444444444333444444344443334
43335444445545555544444445454544455444435554344444455544444344454444444444445454444544444332000111111111111211112222222222222222334455543443453211112330011111234333434443333334454444333444354454434344
54444444456565455544334434434445455445445444455444545444444334444444434444555444444444444332111111111112211111112222222222222222233444443432342211112332101111123433333343443432334323342333333344344434
54444444455454554544544443454454444555444444544555445444554444444455444444555444444544433422210111111111111111112222222222222222233333333322332211122233210000233333342243443322334233333233333244334344
43334445544344444444544544446544443444444644443444545444444443334344445544555555544544433432111111111111111111112222222222222222222223222222222111112322331122333322122233342344443333233443433333333343
34444444445345444454434445455545545444444544334444434444544333445433554544455555544444443443211111111111111111112222222222222222222222222222222111112233333223233321233334333344344333343333333434434444
34445434444455444444334444444545455545554454444554444554444344444433554444335555544444442453111212323111111111122222222222222222222222222222221111223333333322334433343343334444444433444443344443344444
33333444444444444544444444444554444454544544544444445444444445444445544444445554442222243443323456343211111111112222222222222222222222222222221111123343433433334333333433333444444434334333343344334333
44344444454444454544444444444444444444544445544444445444444455444444444544544444443233344433444466554421111111112222222222111222222222222222211111134443334333333344343333333444444433333333333444334334
44344333443344443333444454344554544545444454454455444344444445444444444444444555444344444444444477654432111111112222222221111222222222222222211111145444445433333444333344343433334433333344444334343433
44434434444444343433344333433444444545544444444444444444434445444444444555544445545344443444444577764232111111112222222221111112222222222222221111245444544433333444333333333333334343233333444334334433
33333443343433444333443333433334455455444444444444434454445444455444455445444544543444433444444577763211111111122222222211111111112222222222221111344434544223434434333333333333333333333333344444433443
33444443333444454443445433444434444444444444444443344444444434545444455444444445555545444454554577763211221111122222222211111111112211222223322111454534433222334333333333333333333333223333333434433344
43343433333433334333344434444444444534434343344443444434433334454454545555554444565554445455554676664331111111122222222211111111111111122123332112444433333321332333333333333333433433222332333334444344
43334334444333333334444443344443344444334443444444444434444433444434544455434444455554455344445666665322112111112222222211111111111111122122332212443333333223333333433334333334444433332333343334343344
43344344344334434443454433333333344444334444444344434433344333333444334444444434444454333334443666666332121111122222222211111111111222222123332213434433343223434433333343333333344333433333433334444344
33443444444444444444455544334333444444444444334444444444343344444344534444454444344445334444433666666532221111222222222211111111112222233122332223334444444444433444433344334333423333333333433344333344
33344444433333444444444444434433334444444433343444443333344344444445443343444443333334454443444676665643321122222222222211111112222222343122332223333344444454444454443443444454333444334333334443443334
33444443322333333333433433454443444444444444433334432343333334433345344343333443444334554444544566665553333234444322222211111222222232344122222223333344343444444345444444444344544343333344434534433333
34543334444344345343344433343443443333333335443333333444433444433344333333344443444454443344445456665564444355554322222211222222233322233122222234334334333333444334334434433344433334444445433333333333
33433433344454444444344434444444334433333444444343334334444444444443333234344433344454444334554445665565354445555322222222222233333222222222222245344433444445444444435445444344343233444334323334433333
32333333334443434433444344444344344443334444343343343544444444445544444334335444433444444445444444565589555446565322211222233333322222222222222233344446544334444444344444443443344334323332323232333333
33333333343334434433344344443333444434344344333334443454444444444544334444435444333443443334444454445799767877643222111223333333222222222222222233433345443343444443344344443433343344223233323321323333
33343333334334443443344344333333334444444444444334434334343234443444346534444343343444444334444444445899868999643222111122233332122222222222222233333333433643333343333334343333322233423334312322122333
33453323344444433333354434333443444343434444444444444433443334344445435534444433544444443333333444345899868999743322211233334433212112222222222233433443423543333333333333333335323244423334221122233323
33343333333333433333343343244334434333333344444444444444554333334444435543344444444444444344444443445778867789754322221243344344432111221222222233444444434433434334434333333333343255433333332333443344
33322343323433232333333333443333334334332344433344334444544344343343333344444444444444444444444344445765775446653333222343333444443211111122222233444433434434444344434334334333444355333344333444333333
23223233223333233223333334434433333433333333332333233444454343444434443334444433423334444444444444445786454332456886422334434334454422211122222334444434334344444753455434445334544344343444333333333332
32222333333333333223322343333323333333333333333333334444544333344544444444344333434324433444444433434677433322699888632334434534565532221122122324343323235434445543464444444444444444334544333334433343
32233333334333333333333344343333333232232234433443344334544443444444444444444333334434434344444434434667633321798887532333334533443442222122212323322224246533453333355544333443344443333434333344443333
23333233333232223332334443333433333333333353433443343234444443443334344433444343333433333444333334443567653222798876423344344433444343222122223313323233254453432343445534334333454444333434334345433333
32343232333322223222333333323434343333334453332333443343443332333323443323344345434334444333333344333366654333699876423443344433334334222233233213433333354333432444555434445445554443433444434345333333
33333324443322232333334222333343343333444333333333333333343333223343363333344443344334343443333333333236765333598765433543343343334434222233333214444344543223433454455333544455443442233333343344343443
43333333344322333234333333333333333333334333333443423232233333322333354332333333343333233443433422234446765333585565333542343334433335222233333226433343443333333333333333333234454232233423333343354444
43334332243222333343333433323333333334333344333334423333334333333334334233333333333333224433333333333345676443575555333333334435432335311233333237434433443244346334324313433234452222333323432332334434
33344332333333333333343433333343343443333333333443333333344333333333344223332333334344344433332333334355665453775655333433343344332336411233322236433332454343445333333334632223222533333323332232333334
33333333334344333333443343333444434333333333333343334444333344333433333334333333333443344333232344433455565335865555344423333333333336511232222243234322333332343333333223432323322332323332343233233234
23333342333334443334433443334533344334433332343544334334333344433333333334434443334443233333333344344443666536866665443322433234333336621233222233323323222322343333332322322233322332332233444233134333
23443433344455444443233332333443334443434333433433433334433344433333433344334443333443444334333333344433566568666665434323333232333347641232222232333223223222333453333222333233232332232344434332234234
34433444443445433443222221223334333444334423333343443333443333444344434333333333333433433333334334333333455467666555443322223323232257542232222333232222323332333443333223233342322332133334323232133245
43443344333444443443322322333333334444233333233344443343333333443334334333333333333433333334434444433333355577666554433333223243333266543332222333323342322333333333333224333244322332232223223322224433
34344333333344443443334333344433343233323443333333323333333443342223343244344333443433333344333334433433466687665544333333334333433476555421222423343333333344532323232222333124233321221121112222125533
43444332233343343343343444434443333234234433323334333333344333343333334344445433434433333333334434433544355687766543234333323433333476554321223322333222333232333322232222344111232221111111111224223223
33343443333333233333332344444434333333333333334333333344445333344433433344444444434433333333443334433443345687765543343333333333333376532211223322323222333333332322222223464111221112211101111111212443
23433444344323233234334444443343233443333333233333333333424333323233333333342343444343333433433343433332245687654322343343433433333355311211234322322212423333233322322222231221111102210011101112113543
33433433344333232333334444432222223334433444333333323333332323332233434433233333444333333323343443334333335577653212335443343433333333112211233323322222323323332221212211111121101001211111111111233322
33233233433333333343233343323222232343323444423334333233333333332344444443434433344334443323243343444344435466653223334543444433222234325312233322343323333323321121111111111111111011110111111101422332
32343334333343332342234443333233321222233345333333323333444444433455434334443454433444433544344443445444424677642223333433334433333323436412233333342233232222111111011111111210110110000111111112322332
33223334343344332343443233234323332233333333333334445433444344344444433333443454433333434444334433434444434678753233333433334344433333346532234333232333221211101101011111111210011110100111111543332332
33223334343333232333333342343333323333334443333333444333334334444443333332333443443344444333344434443444443588654333343444334343333332366553333233322223221110000111122111111111111100110011112433443244
33233244244333223443434433334333222344233333343344433233334333453434333332323343344345434344335454443444333588643233433333333434333333565563222222211111111110011111111111011111111111111212224224322256
33333334334333333344443333343332223554444334444455434444444343443434433334433343334344334443444443344444333587653234334333333323233333654553221111111001111111111111111010000100001011221212222334323334
34332333334333343333333334333333333344433344444444333444444444334434344433443443444433444434344443333344334587654333333443333323223444444543221112111100100111111100111010000000001011111111222332322222
33332333234333333333333334434433333334444444444544444434345444443333433433444445545554554344444544344433333597654333343433443234433444543432221222111111011111111111101111110000000011111111222223212222
32232333333333433333334333333433233324444443344343333434444434443334444544444445444433443343444433444433333686653343444444344444443446543332211111111111011111111011100110111110000011111111111111112223
23323433334344433323333333333433333433444443333353344444444333333333444443344443345334433333344433433433443677753343334443334543343335543111123122111111111111111111101111111000111111100011321111123222
32433433333333333323233223344544444433454343333353344344433333333334344333443434334433334433333343344454444787653233444444444343333455332111123221111111111111111010110011000111111101101001321111322133
23333233443334433332234333333343333343444433443444434443334333432333344444433333344333344334343343334444335566542233444343333345443445332222221111011111111111111111110111001100001001111111112133422235
23334332334433333343344333333343343454444444443335433333334334433334333433334343344334333344343434444444345545531343333333332234444323343211111111111111111111111111001111101111101111111101023234333334
34433333334443332343343333334434343344443344333444432333334333433344344443344344333344433343345434344343334876532233333333333323233222111111111111111111111111111111111111110111111111110111013333222332
34433333344333433343333344323334333444433343324443443343433443343354334343334344333444444344334223334333334886543333334443333222221211112222122111111111111111111011111111111011111111110121233333333432
33333333344433433333333434432344234433432233344442343334423433432353334454443333444564443443332234334333334875653333333332333223223332334333333322111211110111210111111111111111111111122264333332333433
32333333543333333332343435543444433323333333344543343355333333333345334453444643453443333443333333343333435655554233323333222223334443433332332232111211111333321110111011111111110121123444233333343443
33343334443333443443344444456433333323333334335443443453333333333344334444434644443334344343323223333444445555553222223332222122323444333333332121111111222333231111111011111111112223333422333343332433
32343234444333333444443333344333333333333343333343333353323343333443344434443433333333234433333333333444456555432223232231221122123334444333432111111222322332221111101111101111122233334433333333333333
33233344443433344344343343443334334233333333333343343443344432432333343333433334333333343334433443343334345654323333333321111111112333343322311111122333333333332111111111111011133333333333333333333233
43333434333333433334344433333233334344443333443443333434343332333333254233234323223343334333344333333443435654322323222321121001111223323212111111333333333333332111111111211111223232233332232222322333
44434434333343544543344443433443334233454443333345433333332223323334333223223233433333233344445334434443345554322233332222221110011122232223212122343223324333332111111111222321333323333233333323323334
