44444456344444444444444444454588444444445444455555555555446762455445555554454554455554455554323435753333343223322433211123212233233347888888777888787776355434353222223445644432333222222222222222224544
44333346334444444444444444444488444444444444444444544554445763444444455544444444444444455556311465643444554444213545433344444444444446788887544778546776445544353222223546643334333211222222222322222334
33333347423333333333333333333387443334334443433444444444445753444444444455444444544444444458511455543554545544226655555555555555555556666666555556556776445544453333334534433324233212332212332222233333
33333346433333333333333333333487433333333333333333333333445763333344444444444444444444444468611356643444545444237564555555555555555555555555555555555775355555665555556555555555555544544444464443344334
33333346533333333333333333333387443333333333333333333333335863343334334344444433444444433468831356653444444444255464445444555555555554555554555555541475345555555555555555555555545555555555565555555555
33333346533333333333333344344488543333434444444434444444335752344444444444444444444444433369851357653444444443464574444444444444444444444454544455554576445455555555554455544455444545555555565455555555
33333346534333333333333334444486444434444434444444444444446863444444444444444444444444444469983257653344444443673773444344444444444444444444444444445775344444444455555455555555555445554444455444555544
33333336534333333333333334333487444444434444343444444444446862444444444444444444444444444458994255643444444444874773444444444444444444444444434344445776444444444444444444444445444455454444444444444444
33333336523433333333333444333487444433333333433444434444446852443334433434444444444444444448995256643444444444965673444444444444444444444444334444445776444444444444433444444444444444444444444444444544
43333336623333333333333343333487433333343334444444444443446763344333333443434433334444444348886146643444444435875672444344444444444444344444444444445776444444444444444444444444433444444444444444444444
44444435633334334444333443444487443334443334333343333444445763443444444443433443334434444448886145643444444434863662433444444444444444444444444444445776434444444444444444444444444434344444444444444444
44444445634444434444434444444488444444444444334433344344335863344444344443444444344433444447886234543434444433644563444344344444444334444444444444445776434444444444444444444444444444444444444444444444
44444445734444444444444444444368444444444444444444344444435863343443334444444443444444444467887334432344443543655564444334444444443333333443444444434776534444444444444444444444444444444444444444443444
44444345633334444434444444444477444444444444444444344444436763344433334444444334344444334566798433443444444534763464444444444444443333433444444444445786534444444444444444444444444444443444444444443333
44444446623334443444444444444487444443444444444444444444336753344344444344444433344444343467689533343443344445752554443444444444444344444344444444444776534444444444444444444444444444444444443444444444
44444445633433444444444443444488444444444444444444444444443753444444444344443443444344443467889632223432234345764654444444444444444333433444444444444676534444444444344344344344443443333433333333333333
44444445733434444443444344444488444444444443344444444444444753444444444444444443344444443468889632213332233345755864444444444444444444433444444544444776534444444444444333344443444443443333444334333334
44434444633334444344333343444488444433343444344444443443336753344444444444444544444444444479999732212222233345778854444444444444444444344443344444444776534434444444444443343444444444344344444444444444
33333444633344444444444444444388433343333444444444443333446753344444444444444444444444434458999643332312334444899644444444444444444444444443443444444775434444444434444444333343443434343444444444444434
43332335633344445555555455544368444444443443344444444444446753344444444434444344434444444446999756775555556555898543444444444444444444444444444434444776434434444444444444433443343343333333333333344444
33332334732234445444455455554477445555555554444544444444445753344444444444444444444444444444789877655676666566886443344434443443333444434444444433344776534443434333444344434344444344444443433333334444
33333334731223344443343444555488445554555555555555555555556753444445455554444444444544444444578876666566555557665444444344443343334443444444433443333786534343443434433334343344444444444444433333444444
33333334632233334443444333344487445545544454444445555554446752444545555555555554555555555554468766665555554443543444444454444444444443444444344444444676534333334434433433343444343444444444443333443344
44443334544444444454444333443388433343444444454444444444446752444444444444444444444444445556677677655555555553334544444444455444554444444444444444444676534434434443333444444444443334444444443444444444
44444444444434444454444434443378533233443444444434444443433753444444444344444444344444444455556777655555655454324555555555454444444444455544444445444677534444444444444444444444444434344344434444444444
43344443344445444654444434444378433233333333333333353333435752334334344434444443444444444466767766655555566543324555555555555544444445554454444444444677534555444444444444444444344444444344444434444344
43444443433444543444434444344445434343334432333333343334446752334444454444444444545444443565677776555554578544224555555555455556555555434565544444444677534444444554555555555544444444444433444444443344
44444443433433322343344444444344455433334333333333333433446752333444444445444444454544444521487776555554653222234444444444444567654544555655555444444677534444444444444444444455555555554444444444444445
44454544443433444443444454444443354333334333433433333333336752343433344444444444444444555412576655554344520001234444334433334555455555555555544555444367544444444444444444444444444444444444454555444444
45454444544444444444445566444444554444444443344333333333345643132333343434444444444444444426766544554444532000134445554444654445555555555555544445544267644444444444444444444444444444444444444444444544
44445445544444444444444785234434454444444444433333333343233433233333334323334344333333344346555555443454444211124455554455555655555656666666554444444577544555444444444444444444444444444444444334443444
44445444444454444445543454344444443344545445544444443334222333333332233334333333334344344455456654444453323212213445654456765555555667866666655444444587643555555545544444444444444444444444444444444444
44444444445554445555544444444444433344444444444544434443332233333433234333334333433454445565588886434433222212212557755467755556666667766666665544343577643444444445555555554444444444444444444444444444
45545554445444444554454544444444444344444444444442233334343344433444334333444433443444335654897797432332221212212444556766655565677777666666565543344577653443433344444455565554555444444444444444444444
44444555555455544544444534444444544444444444444433444544455544433444434444444444434444446647999888632221112212221135776555566666667776566666666544344577653434444443344434444454554444556555555544444444
44454344454455434444444445543443443333444343443444444444445433334433444344344444334444335668899777733221112212211123465555577766667665566666555443235477653444544444334444543334344444555566555544444454
44444444444544444455444445544454444444444444434454344344444444444444554444444444344444434655676653542212111112121113234555676555656555665555555433234477653544444444554444543444453334333334334444445665
43333444444544444444444444444444444444444433444554444444555554455546545544444444444434435313344311043223211111111112322345566555666665555544455522234467653445444444555544444344433543443333333333344454
44444445555444443233544444443444332333344343344443444444444554444444555544445455444333445223233100043123311111222112331245655455665555555444445422224557653444344444445445654434444444554443443343333443
34444444444344343433444444444443333333333444444343444344533344433444444444444555543443454323232110243112311122222112332134544566555555554434445432123236654543445434444444444444444444444444443443333444
44344444434434444434444544444444455444544444444444444444444444444444334444554544554454444333322222322112211232322111233113333566655555544434444432122337653443444544444533344543444344444344444444344433
44444444444434444445444444444544455444544455444444444444445544434444433344444444554445544433222222222212112232212211223213332355655555544444434542122467653344343344444444434544444354333343345445544444
44544444444444545444444454444444544344444554444444444444444434444434444444333333444445444454332321223211122111212211222222332245544445544544434642122367654344344444444443444444455444443344444444544434
44444455455555555455555555444444444434444444444455555544344444344443444333443444444445444565332321222211111111111111222222332224544444444444333642112267663343334343444333334444455544444444443454444434
44434444445644445455555555544444554444545554444455444444445444443344445444444444455456555555333311222211111111111111222222222223444444444444333532111367753343434344333343434434444444434444433444444434
44445444334544444565556554444445544455445444444554434444455554444434444444444444445444444445455311100211111111121121222222222222333444444443333532111367753233444444432433333444333333454444433344445345
44444455444444445666545554434443443445445544544545445444454444444434544444443444455444444443444210000111111111121121222222222222233444454443433432111357753233444533443343333343443343343432334233334444
43334444434343445544455554454444445545444455544554443455544544554444444455444444555545444543310000011111111111211121222222222222233344454433322322112356754233334433333333343234343332233423334233333234
44445544333444554434444444454454545653444344444554444345444444544443333434345654555555544543431001111111111111211121222222222222222333443333222221112456653222343233333322213223333234343333333344343343
44445433444544445545544454434444545544655544444454434444444444554433444543455444445555544443333211111111111211111121222222222222222333333322222221112455543323332223323331223334434345434434334333333343
44444333444444544444544444434444434555445554555454544455444455454434444443454444334555554344222211111121111111111111222222222222222222333322222221112544433333332332233443344334333444444433344444334444
43445533333444445444444454454444444455444445444554454444444544554455444444554444444555443223321111111211111111111111222222222222222222222222222211112354333333433333334334334433233444444434434433344344
43343444434444344445444353444444444544444444554444544444444444444445544444444454444444443334322111111111111111111111122222222222222222222222222211112333334444333433333344334333343343444433333343333344
44433434434443344334444333344444444455554554544444444445444444434445444344444454444454544334421111112221111111111111122222222221222222222222222211112322335444444533433344333334444343433443333334344333
44443444433444444444434443344333333344454444554444344444444444444545544444444455544444555434432123344322111111111111112222222211222222222222222221113323345544554443333344433334333333333433323333444334
33334333343344333343344434443343443343445445544444444344434455444544455544455544544554544344443444575333111111111111112222222111111122222222222211124444444434544323343333433333333333333333323333334444
33333334444443333434444444444543444444444444444434444443344444433433454545455544444444555554544554576444321111111111112222222111111111122222222221123344454544433312333433333333333333333333322333333343
33333333333344443443333434434443444444444444433444344444444443443433445454554555554444566554444545577553331111111111122222221111111111212222222222123444444443333322233333333333332333333333322333333333
34443443334434434433433343444443334443334434433443444444444443444443343444544445544434455565445434677544322111111111122222221111111111111122222222224445444343334322333333343333433333443443332232334333
34444444334434334443443444344443333334344444434444444444444443344433333444333445444444544454333334677664211111111111122222221111111111111122222222235435434443344322434443333333333333444433343333343333
54434433344343444434344444445554444433344444444444334444443444444334454444544444445444334445433444676663221111111111222222221111111112222232222222234334334444444344443444433334333433342333333333433333
45433333344444433333344344444344443433333444544433344344443333334434444444444344344343333333444444676664221111111111122222221111111122222442222222234343323344444445444445444343444445433343333333333344
33433334444443333333333333343333345443344344444444434333333344334333443334444344333443344334444444666665332111111111122222221111112222233433222222234343433334434344444444434444544444544344333333433544
33433443554334444434434434344433334443444333332334544333333344443434433334433333444444434444334344666655322111111111222222221111122222334443222222244334333434333333444434434433443434443344344444433333
33433332243433344454444444444433444444434443433444444443334444444444444443433323434433334434444334666656521111111112222222221112222233344443222222243346334443444444544344444544544444434333354334422333
33333333332333333443343443444343444434434443333434333344344454444454445554534333334544433344434434666555632111111112222222222222233333534443222222244444344445544344444344434444443344334433433332322334
33333333333333334333443443334344443333344444444334433333444345445444454544434444444545433444334333666555652222211122222222222223333334333433222222244433343345443333444443344334444443334334323233332332
43334333343333334433434343334443433334334444445444444333443433434234444444435644444333343444434333566555574222221122222222223333333333343333222222244433333333343453343334333333444343332323432333421232
34333233354432334343443433335334333344344433434444444444444433443334434444434644444443444444443333456655565222222222222222223333322333444433322222233433443444433453333333333333333334523344442334322122
34332333333333333333333332334334235334433433333344444454544544554433334444434544334444444444444444446654554222222222222222123322222334434433322222234544444444333443343434433333443333334245433333333232
23333333322333332443323233333333444333334434433334443344433434454334344344343444444454444444444444445543433443332222222221244222222244444443322222344543344433433333444434434434443333454334433344433344
33333333222223322334333323333334343443333343334333333333333444445334344434444334444433332334544444444433368865433332222221256222222243344443322122334543434443433434443574354444444433454434433344433333
33333332223233333433333223323333333322433333333333333443334444554433344444444444334333343433433444444443599865766653222221346422222233465444432212323333343333323534444564355445444444344444433444433333
23333333223333333423333333333334333333333333233234433344334333553444344444444444444343334444543444444554677875658874332221335732222233444354632222314343332223334643444334345554434354344444334344433333
32223332234333333233223332333444323333333433333344443343334333444444443333334433344443333443333344434677655664536764332222345852222222344344422223213332323233235454342233345443434433345434333333433334
43334433233233343332223322233322322334334333333454333333444344343433333433344323345335534334444333334789964443333343333222334883322223434334322223222333343333335344342344446433344534455444343345433435
33333333333323444332223323433322333343344233344334333333333333333334323334355333334343334334333343334789974333332233333222434896322234433444222223233334544344444323343445445333454446544333233333344334
22222234333433334322333333433343333333333333334433333443433332223333332333445333333333334333323443444789953333333334433222444888422224433333322222233236633344443334333333234333333324444333233332343344
33333344434432233322233333333443323333334344433344443334432333334433333334434333333233333333323443334889854333334438975322322789732234532343322222233225634343243234336534423331442323454222233332343233
33333433344433233334333333344443333344343344333333333343333333334333333333335323333233333334335443334889865335433369998532432799942234333334322222233334633342345333344433322322552223332243333332333233
33333323233333333333433333443343333444443333433333333344334434333344334443333333433333333444334433224899875445333389997533444678763233333333332222233333323432333333334333333321432222222343233333234222
33233223333343333333444343433343334443344433443332343443434324433334443333343343434443233443233333334799874444333489987423344488885223433332232122343233222322322232334323332331222112222232233223354323
33433333443443344455544443233322233344333444444433443333343334443344443333443344334443333343344334334789974443443489986324333488986323233333332112333232323323323323233344333221112112222232233234444433
33444444443444433344543444222321222334433444433432333334454333443333344434433433333333333443343333435689975443334389985323333368885323233223222112323333223322322232343354322321111221122222123334433323
33444444344334333444544343322332333433333444323333323344443344333333343334433333333333333433333333434679875433334489974223333368874233333233232112232233322333232333333333323223421551232111123235433445
34444434434433333344444344334433334443334223323343332333322333334343343222344234334433343443333344424777675433444499863233333367774333333333331112334332333323332334452332323222234432332112111122212233
45434334344443233334233343333344443444323334334443323333334333334433334333334334444543344443333333335677445454344587763234334366764343333333321112323332333322333323333322223222334322211112311111111144
44333233343344334332323333332334444433333434333333334333333344445433344443433334444444443443333333345677634443334578653234344366663334333333321112332322333322233323233332222222356433221222221111111112
43323223443344345333223334434444343343232344433333333333332333433332323234333334343243344344333434435777754442334798654333343366653443333332321112433322321221332333233332332332243232222222321111111111
33343433333333334333333334324444433222222334433344333333333333332333333233343433233333344333333233335766664433433697654333434565543343333322321112333332322322333333334223233321232232212322221111110111
22343333233333343333333343233343333222232244223444433334333223344334332245444443433443344433443333336666554444433787543333334565543433322223321112433322233322333322344124322231223211222111111111111110
23433243243333333344433233234443333332322122234334433343333333344434433445443433343354444344432454346776554444434876543333333565533433333322221112433333334233323224334312222121111121111111010001110100
33222333222423443344332233344234334323332223333433333334445543444434444444443334343354443333343444346776555444435876544233333655533334433333321112333333323323322224322222122211111121111111110000100141
23223234322334334333232343333343234333333333333443333333444333324433444443333343333454344334444433345666665444436876544323343655533334343333311112333333332323333233222121123111111111011110110011111153
33333234323234324333323444344433333432222344333333343344543333434434354443433332333333344335434444335555554344437876544323434655544444333333311112343323322223333332232111111111111111111111111111213322
33233333333333334443333434434333344343223455444334444445433444444434343444433434443334334443334444344445432234437766653223435655543433333333211122333223332123323322121111111011001111001111111113422234
33334333432233334434333433333334433333323335443334444444333344444444434434334433444443445433444434443455543234436665543223337656532323322443111223333232222232112111111100111010000000001111111111121233
32343343333233333333333333233334433443333333444444444544444434345544444333443432444444545554454334444444432234345665443223357556432223443443111233332232212221111111011111100111111000000001110112122334
33333433332333333334443333333443333443323423444444335444333444444444444333444454445445444443453333344443322233344755432133466455433444443343111113322221111111111111111101100111111010000001311122233333
33433323333433234334433332334333333443333433344434333344344445434333333333344443344443344434443333344443222223222665442244465444333443234332111112221111111111111111111111110111111000111112211122343323
44334333333333343333333323234333334444444443445433343354344444433333433344344333444434443433334433333343312222322476532333464443234233333242111111112211111111111111111011111001111110111111111222342223
44433323333233344334433333233334333334333344344443353444543443334333432333344434433333334333344334343334321222321387643333465542133133332221111122233211111111111111111111110011001111100111122222222323
44333324434433334443333334344433333434344345444444443334533333333444433334333434334334344344333344343434432122221387653243455432122111211211223344333211111111111111111111101111101110101111111101223223
33333434443333444443333244343334334434433344443344333444443333334333343344434443334444333333443343345433343222221387643323354332123201111212333333332311111111121111111111111111111011111111111011232111
33333333434333344433333333333344433333333444443343323443344343443443343344334444334334333343444334344323333222221487653333345432122211023343333222333311111111111111111111111111111011111111011011221111
33332333333333334433433343333434533344333442333233335443234334433433433344334454443333344464443353333223334321112597653333444211122222333444333322221111111111111100111111111111011111111111111024211111
33324433343433453333333343344434554444433332323333334544444345333333323345434454444653354343433343333333343332223687763333332211122223323433222211111101111121111111111111011111111111111011001134212222
33333333233234443333343443444443446533333333333334334543443454333333333344434544433653443334344343323323333344444687763332221122123211222211111111111111111111111111111111111111111111111111111122122333
33333242234333434333334335444333344333334333333343333344333344323343333343344434443443333334334433333333333444444787764211211122132123211111111111111111111111110111111111111111110111111111111121233333
33334443333344444443344434334343343334334333333333333344344353344442332343343333433333334333344334444343334334433687764211100011111211111132222222111111111110110111111111111111111111111111111233333342
43334343333443433333343344434433333233334444443333444344334344433232333333345233324323223343334343334333333443343576664211110011132111111132323222211111111211111111111111111111111110111111112333323222
33343334444544334344554443344443343454344333444443433345532333332223323333333323323333343333233344445433433444344556565211111122232221012112323222311111233323323332111111101111111111111100123233333332
