22222343332222222233332222344333333333333333433334333222232222333333333333343333444333323459999999999999999999999999899987776899999853344444433333222210023333333111111222333333344444433334444444565544
22223444322222222223443222454322223233333334443333332223332222333333333334454322333333334699999999999999999999999997899987765899999863334444433333222211123333332111112222333334455444444444444444455555
22223333322222322223443223554333322223332234433222332222222222233344443344565433333333368999999999999999999999999987899987765799999864234444443333222110133333321111111222233334554433444444444444555566
11122233222223322223443323433233334433333323333333222223332112333344433334443333333333699999999999999999999999999878999985665599999865224444443333222111133333321111112222333345444333443333333344455566
11222222222223322222333333322333444443332223333332222234432112333344333334432233333458999999999999999999999999887789999864565499888775324444443332222111233333321112223333344456533223443333333444344444
22222222222223222233333444333333334433322222223333222234321112222454333334543334444799999999999999999999999988876798889743455599887776323444443332221111233333333333333222334444332223333333444333333233
32222222222233222233333443333222333333222222223333222322222122245544333334555333468999999999999999999999998888766797788643334599777786213444433332211111333333333444542111233332222122333333332222222222
22111112222233332233344444332222232222222322223444333222322334543343333346787446899999999999999999999999999999888887787542255688656775213444433332211112333322223444431111222222211112222222222212222222
21111112334444333233333334333333222222222222223443333222222333322344443335776679999999999988888899999999988998999987776432356688655664223444333332221113333322223343322222221111112211221111111112222222
11223455544433333333323334444432222222222222334443333332223333333355432235679999999999999877766689999998887887798877665433345577655663223443333332222223333222222232322322211111122211111111111122222222
22335542234333333222323334443322222222222233334333333333333223345554333567999999999999998865556668999998655676576666554433344466655553234444333322222233333222222223333332221111122221111111111111112222
22334433444444432122322334444333432222222223333333333333333344555443347899999989999999998886655568999777554455556555554433344444555543233443333322222233323222222223333333221112222222211111111111112222
22334444444444433233222233444334443332222223333333333333334565444445699999999899999999988887766556988777644445545544444433334444444433333333333332223333322222222223333333333222222222211222211111122111
22344444444444443321112334333334444432222222223333444333334554334578999999998998799999889897766456664666654444444444444333334444334432233333333222223332222222222223333333333333322332212332211111211111
22334444455444565434554333333333334432222222334445543333345655434799999999999999699999889899876456433455444344444444433333344443333332233333333322333332222222222223333333333333333332223332211222211111
22234555444556665455433333333322233332232222233344433333355566546999999999999999899999999999786465333444434444444444444333334433333332233333333323333322222222222223333333333444333322334322222222111111
22334555555555544543343334443222222233333222222233345554454466689999999999999999999999999999877564333334334434444444444334433433333322233333333323333222222222222222333334333444444334443322222221111111
33334445555555566433444444443333323333322222222234677666655789999999999999999999998889999999876543333333333434444444444334543333333322233333322222232222222222222223333334333444444444443333322221111111
33334454555555654333333333433444323333222223333367766667789999999989999999999999988778999998886543333333333344444444444335643322333222233332222222232222222222222223333333334444444444433333333332111111
33234555555555554333222333333444333433222223333676777889999999999888999999999998786445677888787643333333333344444444444334543222233222223332222222222222222222222233333333334444444444444444333332222111
32234555554445676655433344443445543333322234457888868999999999899898889999999985663223544666686543333333333344444444444335433322232222223332222222222222222222222333333343334444444444444444444433332211
42355555544556666554334444444456532233322235789999779999988888888887789999999953421222344344576544333333333344444444443334443332232222223322222222222222222222223333333334334434444445555444444433333222
34455544455455555565554444444554322344333467999999799998888886788877899999999867742212223333467544433333333444444344433333443333332222233222222222222222222222223333333344334444344444455445444433433322
56666544455555556665554455554333322445545789999998699988788765577877999999999999972111222233356544333333333444444444444333333333333222322222222212222222222222233333333343333434334444444445544444443333
77766665445444555555665456653333333555347999999997589988888665567888999999999999963121222223345544333333334334444444444433333333333222222111111122222222222222333333333333333334344444444445545544444444
44466654556554455555555555544343334555589999999996579987898666689889999999999999974232222212234544333333333334444444444433343333333333222221124566432222222223333333333333333333334444444445555555444444
33566566666545554455655555555544334568999999889996569998898888889999999999999999885323422221223444333333333333444444444433333333333333322211366688763222222233333333333333333333334444444444444554455554
33566655665554445566543445455544334799999998788886468999989989999999999988888999776432322221112344433322333333444444444444333333333332222213764467654332222233433333333333333334444444444444444454455554
45566666554444444445533455555554458999999998677886368999999999999999999988878988766553222221111223333222333344344554444444333333333322221146764345554443333333433333333333343333343344444444444444455554
35666665543333334456567764455655799999999998667787357999999999999999988888788887766655433311111122233333333343344554444443333443333322221377653333456564333333333333333333333333333334443444444444455544
45665655444444444566656654445457999999999986666678446999999999999999988888888876665655544222332233334434333333334443334443333333333322212576333333347865333333333333333333333333333344443444444444444444
66555555435665444554344433333599999999999997556677635799999999999999888988877765554455554445555444444334444444444443333444333333333322224764333333334787333333333333333333333333333344444444444444444444
55556665444443445543333444435999999999999999545666644579999999998888867866656655444344455445555555444444444444444333333333333333333332235643333433333489433333333333333333333333333344444444433444444444
55565554443332345543333444449999999999999998644556663568989998899777757855445544444444334444445554444444444444444444333333333333333332246333333443333379433333333333333333333343333433334444333444444444
54554433344445655554433444589999999999999988754456564458988887776566656644344554444444333334444444444444444444444444443333333333333332255323333343333566333333333333333333333333333433334443333444444444
55553333444577655555444444799999999999998889964445556456887666544456456544444454444434433344444443344444444443334444443333333333333332343323333333333443333333333333333333343333333433333443333444444444
44433334444556666655443445999999999999977799974444556445786555443344455434444444444433443334444432233444444443444444444333333333333333343332323333334443333333333333333333343333333334333333333444444444
44333334554334556655444458999999999998666689975444456545565544333333344434555444444443333333333333233333333333444444343333333323333333343333222333345542333333333333333433443433333334333333334444444444
33333234443333445555444479999999999986566689976444445634455443333333344344665544454443333333333333333332333333344433333333333322333333234333222223356533333333333333333333333333333334433333344444444444
33332333334433455554444689999999999865566789976434444644445443333333344456666664444333333333333333443322333333334333333333333322233333235433322223455433333333333333333333333333333333433333344444443444
23333333455434666654444688888999999755556779876544444553444333333333345467666655333333333333333334444333333333333333333332233222234433323544432222333333333333333333333333333333444333333333344443333444
33333444434566565654434664444459986555556677876543343354333333333333345566554433333333333333333334444333443333333333333322222222344333332355432333333333333333333333333333333333344333333333344433333444
33323443456555555444335322222228974455556667666544333355333333333333355566443333333332333333333333444333444333333333333322222223343333333224432333333333333333333333333333333333344333333333333333334444
22223444444455443344434111122217954445556666666654333334333333333333346655433333223322333333333333333333443333333333333322222334433323333222222222333333333333333333333333333333344333333333333333334444
32223444444455444455443111111116954445556666666654333333333333333332345443332233222333333333333333333333333333333333333332233344433323322222222222333333333333333333333333333333334333333333333333333444
34556665444455545554333111111106844444556566666665333334433333332322234332222222222333333333333333333333333333333333333332343333333323332222222222233333333333333333333333333333333333333333334433333444
23355544444555444444443111111118733344455556666666433346643333332222223322222222222233333333333333333333333333333333333322343333333332332222222222233333333333333333333333333333333333333333334443334444
34554334434555544334455221111149633343455555666666533369633222222222222222222222222333333333333333333333333333333333333323443233333332332322222222223333333333333333333333333343333333333333334444344444
34553334444554333333456653211288433333455555566666643589633222222222222222222222222333333333333333333333333333333334433344433333333332332222322222222233333333333333333333333333333333333333333444444444
34543345544554333433457787423796333334445555566666654698643322222223222222222222222222333333333333333333333333333454332345433332333332333222222222222233333333333333333333333333333333333333334344444444
34443565445554445556766777779974333345555555555556665587643332222222222222222222222222333333333333333333333333345533322333333332333333333322222222222233333333333333333333333333333333333333334334443444
34467754444444555466666677899853323345545555555555555686643322333223222222222222222223333333333333333333333332355323333222333332333333333222222222222233333333334333333333333333333333333433343333444444
45566446543344434566666777887533333444444555555555555586643323443222222222222222222233333333333333333333333222442233333322233332333333333222222222222233223333333333333333333333333333333433343333444444
66654555445554333345666787764323344444444555555555556686654332223432322222222222222222333332333222233333333223432233333332233332333323333222222222222233223333333333333333333333333333333333333333444444
66655666555554444334665465432333344444445555555555555686554332222334542222222222222222222222232222223444444444443223333333223332333323333222222222222222223333333333333333333333333333333333333333444444
66555777776444444444675233222334444444445555555555555686454433333332353232222322333333333333333333333444444345543222333333322332333333333222222222222222223333333333333333333333333333333333333333333443
54456777887645555445674233222333444444445555555555555686445433333333335233466543444444444444443343344333433345542222222333322332333323332222222222222222223333333333333333333333333333333333333333333333
55565545676544455444764322223333344444445555555555555566444432222234333333565433333443344444444555444443333345542222222323323333333323333222222222222222223333333333333333333333333344333333333334433333
54555554444433345555775322223333344444444555555555555555433322222223343344333444444444455555556665444543333344542222222233333333333323333222222222222222222333333333333333333333333333333334333333434333
45566654433333344455785333223433344444444555555555555554443323222222234455333455555555555555556654334443444334442122222233234333333333333222222222222222222233333333333333333333333333333334333333333333
45555542233343333455697333223443333344444455544555555554444333322222224445433345555555555444456544334443333333333212222222333333333333333222222222222222222233333333333333333333333333333334333333344333
34455433333343333455588343223343333334444444444555555554444433332222124444433345555555444433466543334443333333323324432233333333333222333222222222222222222233333333333333333333333333333333333333343333
35542223333343333344478433322354333333433333334445555554444433332222223443333334444455433343466444433333333222222346422344333333332222332222222222222222222233333333333333333333333333333333333333343333
55542222223344444555359644432343233333333333333444445555544433322222233333333333344444333333466433332222222222222267434343333333332222332222222222222222222223333333333333333333333333333333333333344433
44432332223344455555568854433333444443333333333344444555554433322222233333222223323333222333366433222222222222222256222222333333332222322222222222222222222223333333333333333333333333333333333333344433
32222333232234344444456655543344555443322222333443344555555443333322232222222222222222222223356433222222222222222244233223333333332222321122222222222222222223333333333333333333333333333333333333344443
33223333233223333333322223443444555444322112334443334555555544333333222211122111122222222222245532222222222222222333233223333333333322321112222222222222222223333333333333333333333333333333433333344443
33223332222223333333332112233345545544332111345554333445555554433333223211111111112222222222224532222222222222223553223233333333333322322111222222222222222223333333333333333333333333333333433333344444
32222222222222222333332332223344344544432111235778851344555555433333223211111111112222222222223532222222222222223553222233333333333322332111222222222222222222333333333333333333333333333333333334444333
22222222234332223333223333323333334455543211258977831344555555433333323211111111112122222222222442222222222222222333322333333332222222332211122222222222222222333333333333333333333333333333333334433333
22222123455333333333222333333222344446665435899733311244555555543333332211211111111112222222222343222222222222222334432333443333222223332211112222222222222222223333333333333333333333333333333334443333
22222123455433333333222334444344444445665469999853211234555555553333333211211112221111222222222233322222222222222233443333444343222222332221111222222222222222223333323333333333333333333333333334443333
23321113566433335544322333334555444445777689999973212344555555554333333211212222111111222222222222322222222222222224554334444443222222332222112222222222222222223333333333333333333333333333333334433333
33321123565333456554433223324555554444678889999632223344555555554333333221222222222222222222222222222222222222222323344334444453322233332222222222222222222222222333233333333333333333333333333333333333
32222222443333466654443333323444454454568579964222223345555555554333333321122222222222222222222222222222222222222334334434444553322223333222222222222222222222222332223333333333333333333333333333333333
22222212234333355566555432223444334444588389632222222245555555555333333321122222222222222222222222222222222222233334334444445553332222333322222222222222222222222232223333333333333333333333333333433333
33322211233333345556664322221344334445797464322222221224444555555433333332112222222222222222222222222222222222333334334444455653332222233332222222222222222222222222223333333333333333333333333333333333
43233321233322345556554333333454444555774322222222111223334555555433333332212222222222222222222222222222222223333334334444555653322222224533222222222222222222222222223333333333333333333333333333333333
43454321222112334455444422333334444456642222111111111223445555455543333333222222222222222222233332222223332233343344433445556663222222224664222222222222222222222222222222222333333333333333333333333333
44422332222112234444333223344444333347522211111111111223344554455543333333222222222222222222233333333333333334555444333455566663322222234555322222222222222222222222222233223333333333333333333333333333
22322222344542223456664222235554333357521111111111112233333443555543333333322122222222223332333333333333333334554445434555556554332222235544432222322222222222222222223333332333333333333333333333333333
23332234456654223567764222233444434566421111111111122233233444555554333333322122222222333333333333333454344444433344434444556654332222235765553222222222222222222222223333332233333333333333333333333333
33343333335666433455553233444444333556421111111222223333333454555555433333332222223333333333333333322234333334323334434534566554333222335777776322222222222222222222223333333333333333333333333333333333
44344444433566655444442233333333333356632111122333333333334454335555433333333222233333344344333332211122322234322333334444555554323333335677776432222222222222222222223333333333333333333333333333333333
33344444333346665444442223344444444346664332222233333333344555445554443333333222333334444443333222111122222234333333333334556654322333335666655542222222222222222222222333233333333333333333333333333333
22333334444456655555543222333335664346554433444223333333445555444444433333333323333344433332223222222222222224443333333334555554332333334544455554222222322222222222223333333333333333333333333333433333
22244555443333445544444445533223456776544433344332333334444555666433334333333323333443334322233344333322344433443333333334555554333333334444455554322223322222222222223333333333333333333333333333433333
33566665544322333444445555543222235765444543333332233333333357853333223333333332345554555433333333345433444443333333333344444443333333334444455565432223322222222222223233333333333333333333333333333333
55455653333333566444455554444345556644444333334432333333334456543333334433333333477777644333332223444444455444433333333345544333333333333445545677742223332222222222223233333333333333333333333333333333
35665543345444677655455555444467655544433333333333323333333455554443333334433333566776654444333333333445666456666543333455445433333333333333445568885323322222222222223233333333333333333333333333333333
66655666554332356765444456654444445543323333333333332233333333455554433345533334445666544443332222223445654344677654344554334433333333223323344456776533322332222222222223333333333333333333333333333333
66467655554443234555433357765434554332223444322233443333333234434445443456665556666554444443333322223345543344577754355555555333333332222323333455566543233322222222222223333233333333333333333333333333
87654345556554323566655555555444556433443332344345565333334443334565444455554444555543334422223333222455544333367643444444665323333322222323333445555543233332222222222223333333333333333333333333333333
66666776654454322467677665544455665555544454455435554333334455777644444456655444678643333322334555556764454323445554443344554222233322222222455655554344333332222222222223333333333333333333333333333333
66788665543443333333556676554554444444456764455545543333344446665445554444554333577643322323345556888753344333346664444444443333333332222222455555666555433332222222222223333333333333333333333333333333
55555555543334566433444555544433444444444556776665443444444556654444444444333333455443333334566543455665444333345652233333444322333322222222344455788874433332222222222223333333333333333333333333333333
44556654444345654322211345543344455444466887766665554444444544444444444443333333334444455444344443333345543333467764333333344333333322122222236788776554444332222222222222333333333333333333333333333333
55566544444667875434333333433333456666787776555555554444444444344444443333332223333444445554444444333444444444555555543322334333333322122222236776544444344433222222222222333333333333333333333333333333
55455444455665432232333333333223455556666677655666665444455455555544333333322223445543334544444443344555544443345665554333443332233222112222234554444454444543322222222222233333333333333333333333333333
87555554333333222222222233333333444444455777655656665545556666776654433332222223344433333334554433456655555554456544544334432222233332112222224445554455544554332222222222223333323333333333333333333333
44444443322223444333222223333334443333455665544445554444554443344443433333222222234433333345444444565555565544555434555444442223343322112222234555554444543456533223322222222333333333333333333333333333
33344433322222444443222222223344333333456664322344444445665333566666654333333333333333333433445566554444444444555555666555543345653332112222235555444445555455543332222222223333333333333333333333333333
33344444322222233344432211112332455433445543233443444545554456667874322222222333322233332223333344444433333444556788876555433357533332112222245655444555544455543333222222223333333333333333333333333333
33454443322222222344322221134436655553333445555433222333333456787533333333333333443344443322333345777653333344456788755554445775333332111222248876554455555545444433222222223333333333333333333333333333
23334443222222222222222221244554235654222356643333334454333446666555554322222344455444443332333344455543344554555555555544446763344332211222246766554455556655676543323222222333333333333333333333333333
33444443222221222222234422356422334554223355555433334544566444444455532222222223444322233333323455665443344444444445555444566543444332211222235555555555566655676543333222222233333333333333333333333333
33444432222222222222465322454223454444444334565432233444665555444454333333333333443333344555434443223443333355555555544445554444455322221222234455555555554444565544433332222222333333333333333333333333
33333221122234432223455324532233345555554333456543333344445544344554333333333334443333444322221122223443333455444444444444444544433322221122223455555555665444444565443333322222233333333333333333333333
23332222222245544333576434333322333345543333455444433333355543335532334332222234443222232211121112223333333454444443333334455443322332221122223455566545665334445565543333322222233333333333333333333333
23332221111233444333686322322223332223434665565444333223588743477322333222323344432222221122221111123322334554433323233344444454333332221122223455555555775434444555554333332222333333333333333333333333
23333221111123433335753222111123333222345545665444332224578986664344555565544444322221211223445555543222467533233333233444434566544432221122223454433456777654333345666433333332333333333333333333333333
23333221111135653344311124311233222223443235665444432336668998876776545443333334422211112478875443333334664343323333222334533566544332222122223445444557776655444444556665333332333333333333333333333333
