33586322222222121122222111232224753212222221258877433223322222111232226742223333222232333211222334778888888888888888888887875488886554545787778764333224443232133234543446788888888888888888888777777777
22586322222222211111111111132214753222222222226853332223322332222122326642223333222232333111223213578888888888888888888887875488886433335777866764343324433332132234433457888888888888888888888777777777
21486332322212221111111110232324853232223222226733232323233342322112236742222333222322246311222222357888888888888888888887875488875333335786533444333334432232122222222468888888888888888657678777777777
33486443322234322222221222444542763343333211214554122433343231322123436743222343222323367411122222225678888888888888888887875488753333334666333223333333333222222222222378888888888888887534445777777777
44696444444445444444444555555555763554455334543444333433343223533343525752222242222332334321124222224346788888888888888887775486544344333334454333333322233222222222222467866788888888876433333677777777
44696444444545444455555555555446752455455555554555554455454445554444534753333343222333323211124221234223457888888788888787776464334353332223455544432332222222222222233346545788888888864333333467777777
44596443444444444444444444444445753444444455544444444444444455555555555643444554444544455432234343444444346888887545888667776345444452222223557653334343212222222223322223345688888888874433334447767777
33596433333334443333444444444445753444444444444444445444444444455445555543555545545555555555555655555555556666776555656546776446544452222224445432234233112422222323223333334688888888875333333457657777
33596433333333333333333333333345763333344444444444444444444444454444446653444445445555555555555555555555556555556556555556775355555665555555554444455554434533333633233343235788888888775333345666637778
33596433333333333333333333333335763333333333343434333444444433344444446753444444445455555545545555555555555555555555555542575355555665555556555555565555555555555665555555445666666666754443334565536766
43597433333334434444434444334335752344444344444444444444344433444433446653344444444444444444444323444444444555555554555553576445555555555555555545555445555555555565555555556555555555655555555565555555
43585444334344434444444444444445763444444444444444444444444444444444446653344444444444444444444213444444444444444444454455775444455555555555555555555555555555545555555555555555555545655555555565555455
33596444433333433333434444444446852344444444444444444444444444444444445653444444444444444444443136444444444444444444444445776444444444444455555555555555555555444444445555444444455544445555555555555455
33596443333333333333343334334446752343334433444444444444444444444444446653444444444444444444443256544444444444444434444445776444444444444444444444444444444454445444445444444444455444545445444445555445
33496433333333334344444434333336762343333333433444433334434444344434347653444444444444444444433464644444444444444444444445776444444444444444444444444444444444454444444444445555555544444444444445545454
33596433333443333333343333443345763343444444443433343333433443344343347653444444444444443334444655634444444444444444444445776444444444444444444444444444444444444444444444444444444444444444444444444444
44597434444444433334333333334335763344444344443344444344433444344444347653433444444444333344445846634444334444444444444445776434444444444444444444444444444444444444444444444444444444444444444444444444
44277444444434444444444334444435763343443334444444444444444444443343447632334443344433333444436846634443333444444444444445776434444444444444444444444444444444444444444444444444444444444444444444444444
44486444444444444444444334444435763344433334443444334344444334444444447643344444444443334444436746524443343433444444444445786544444444444444444444444444444444444444444444334444444344444444444444444444
44497344443444444444444444444335763344334434333444433334444333444444447653443444444343444443425536534444344444344444444445786534444444444444444444444444444444444444444444444444444444434444444444444444
44497444444444444444444444444433753344444344344443443334334443444444447753433444434433444444535545534444433443444444444444676534444444444444444444444444444444444434433443433444444444444444444443444444
44497344444444443344434444444444753344444444344444443344334343444433447653443444434443344444546645544444444443444444544444786534444444444444444444444444443443444444344333333444333343343333444444344444
44497434333333444344444443443335763344444444444444444444444444444334347753444444544443444444446635444444444444444434444444777534434444444444444444444444444443344444444444444444443333333334444444444444
44487433343333334434444443333445763334444444444444444444434344444444357753434434754444444433347646544444444444443344444444776434444444444444444443444444444444444444444444444444444444444444444444444344
44377444444443443344444444444446763344444444444443344434444444444334457653444445886444443433357667444444444444444444444444776434444444444444444434444343444333334334444444444444444444444444444444444444
44477445554545444444444444444445763344444444444444444444444444444444447753344476765554444444447896443433444444444444434344776534444444444444444444444444344444444433333334344344344443444443344433434344
55487445554555555555555555555556763344444445544444444444444444444444425753444478753554445545557974544434443444444443443344786534443444444434334443444444444444444434334444444344434443444333333333333333
44487345545444454444455555554446763444545555555555554455655555544444446653444468755776666666568853454444443444444344444444686533333434434433443343444344444444444433333444444444444444444333334333334333
43487333443444444444444444444446752344444444444444444444444445555555447753444447877665666655567631454554444445444444444444676534434434443433444444444443444444444443444444444444444444444444444344443334
43487432233443444444443444443433753444444444344344444444444444445556567753555556986666666554535421244444444445544444445544677644544444444444445444444444444444444434454444444444444444444444444444444444
44487322233333333333333343333434753334333444443444443344434444444444457653455447876665565554433321244444444444444445444444687644555455555554544455554444444444344444444444444443444445444444444444444444
44456433333333332333333343334436752334343444434444444445444443344443457753444457767665566555542222145555554444445444444444676545545545555545545566665544444444444444444443344433444434444444444444444444
33334455433333333333333333334436653333344444445434444454544444444444447753444555677666566654542133235555666655555555444555565554555655566666666666655556655554444444444444445444444434343334444444444443
44443354323334233433333333334335763343443334444444444443444555544444447653444676776666666655432223333444455555555555566676666666666676667777666666665556666554455454555444455554554444444444444344444433
54444444444444443344333333333335653222233343344433444444444444434345457653455577776665656875532222332234344444565676677766666667777677787777777776665555666654444454445445555555555544544544444444444343
34334544444444444333333333333334443133333333423334344444334334333334447653554127766665546531122122233223444456776666667766767777887777777677777777665555666654444444334444444444554554445555544444444444
34444443344444444544444443334232233232332223334333333334334334444434425753444247666655456200012112222333344433566666677777777777778777777777777777765555566665444444444444444444444444344454455555555445
44444433344444444444544434433322223333333233333333333433344444544344446753344576655554455331112112222233333342356667787777677777777767777777777776665455555566544444444444444444444444443444444444444555
44444434344444444434443233333333334433344334433344443433344334444444457753344556544444544442222112222222333333246777667677777777777777777667776666554455555566444444444454444444444444444444434344444544
44444544444444444444433344444444544433444434444444443444444334444454457763344555555434543332121111222222222233225667656777777777766666666666676665554335555455435555444554444444444444444444444443444444
33443443333444343443334444444345433333433444344434434333443334454443447742334555555554433222122111222222222233324666556777776666666666665665666665543334445445535555544444554444444444444444444444454444
43444444434444434333444334344444444344434554444444444434344433333333446643245568654444322233121111122222222223324555456677766666666666555555667665543333444434533444444455665555444454444444444454444454
44454444444444433444454444344455554445545644544444444444444434434433346543365598985333321231111111112222222222322443456677667666666666666555567665433322343433532333343344554445555555444444444444444444
43444342333334333344443444444444454444434454544444455444333344334444346543355897897422211221111211112222222222221233456666666666666666666655667666422332334432442333333333444434444555555555544444444444
44443332233333343344343444334543344433334444444444555544343444444343334434357999887432221111112211112222222222221223456666666666666666665555676655423332333332342233443333444443333444444444444444544444
44444454444444444444334444444444334444444433444554544554454444444334433324457888866422252111223111111222222222222222356666666666666666655555675654323322233332232233444344343444433343443344444444444444
44444455444544444434444444444444454434434333344454444454445544445444445433433555421432132113322111111222222222222222345666666676666666556556766543322221123322222223344444434434434344333334344333444444
44444444344444454444444444444444434444443444343433333444344543454444445333432333100432132122221111111222222222222223345666666766676665555546655533211221112222223222345444444345444444344444333334333333
44444443333344444444444454454444443334443344333443444434445444445554455454432221002432221121111111111222222222222222234555566767665555655456644333211111111212234212334444444333444444444444444444443333
43444454444544554444445444444345444443344445444444444455545555455444455555433222223222211111111111111122222222222222223555556666656555545555543323111111111112234311233444444322344443344544444444444443
44444544454445444444555434444445554444433344444444444444545444454444455445543222222222211101111111111122222222222222222444556655555554445444432221111111111112244431123455455322344433344444444444344334
34443443444445544544544445544454444444433444444443444445544444344444444544444222212221211111111111111122222222222222222344556655554444445444322111111111111122233332012565444322334434444443334433343333
44443444445444455544444454445544544455444444445444444455544444454433444444334322222101111111111111111122222222222222212234455554554444433333222111111111111222323334201587434322334444334444434433443333
54444445554444344444564443344454544444444333334444554455555554454443444444334443211001111211111111111122222222222222111234444444454444322222211111111111111122333334331267864311344343334444434443443333
43444544554554443444454333444443444454533343443345554445555554444445444554444343100001111111111111111112222222222222111234444444443343222221111122111111111122344334343124666312344334454344334544433334
33444434444545554555444444444444455444433444443355444433555554445444335544443320000111112232111111111111222222222122111123334433333332222111112233221111111122443444444322332113444344443334334533333334
44444444455444445444454454444444444454444444444554444433555544322223444434444421000111233344111111111111222222222122111112233322222222222111122233322111111122444434443332222123333343443444333433344434
54344444444444444454444544444444544444445544444444444454444444323334444344444432111112434545411111111112222222222122111111222222222222221112210013322111111223443334343334333333334333343354333433345443
44444434455454444444444444444544434444444544444444444444454444434444444444443344211244444444521111111112222222222122111111122222222222212223200002322211111223443333334444333333343343333443333333443433
43334333344454454554444444444444444443444544444444455444444454534444444444444344434445544444452111111111222222222122211111122222222222222331000001332211111223444333344444334434443343333344433344344433
43333343333445535544444444444443444444544445544445544444454454344443334444444344455554554334465211111111222222222222221111112222222222233210000001332221122224333333333334444433444343334333343444334434
44443344443444444444444444444334444444443344544445544444444455444444455445433344444454444344456211111111222222222222222222222222222233332100000001222222222224333322333333343444344444444334333454334433
34433444444444443443434434444334443343333444445454555555434456555444555555544455544343333444456211121111222222222222222222222222223333331000010133222222222223343322333333434444344444443334444544344344
44443334433334444333444344444444443444443344444454445553444445556444544444544544444433233333355212222112222222211122233333333333333333321111111243222222222234443332333334333434344443433433444443344344
44433333333333433433444444434443443334433333343433344444443454445433333444433333444434343333345435322222222222111122333333333333333334212122212233322222222234433343333343333444444443433443344434344333
45444333333334444444444434444444444434334444434453444445444433444533344443334434454444344444334544642333222221111123333333333333223334422222222224422222222222334333333443334433334433333444343333334443
44444443343334344444443334444344433334434444444543434434434333333444444344444444444434334444334444974333332222111123333222333332333444422222222223442222222223344433433343444344333433334443333333324443
33333344443334344444444443333343234333333443434544434333334334433444444454444444444444444443444334985753333222221123333333333433334434432222222222443222223323444333444443544434333443334333343333333334
34432334344344333333344544433333334444334443333433333333444344445434334444433344443444444444444335776554333322222234443444434433443433343222222222343222222322344444544543333333333333443333343223222334
34433444443433343333334444434333433444444443344333322333444334443434433445554444444444444454444445655533333322222233334334335534443344444322222222244322222223333454434432334433333343344333333333333333
44433444434434444333444434433334344444444444554444433333443444434444443444444443344444344444443445874433333332222244334344444444444654434432222222234422223222333433343332323233333333333323333333333233
34434444333334443333433433334434345444444444454443444443454433344334333344444444445444334444443345895333438522222344333334443343334544334442222222223432223222234423323332432232333332333333233344333344
44334433333333444444434444333343333444323444344434653444434434344444433344444443444443443454333445895422349722222333345334443333333334365343322222222432222322223433333422232212223333333333333343333333
34443433344334433344444443434444333344333444444443563444443344444444333333343433444433443443443345887533249832223333356433443344344343354333322222222442222332225543333422122233332333334333433333333333
34334333433444433333334354444444444455433333444443454433444444344444434443444444443333434334344345987433349842224333344333454444444343343443332222212443222322224544333333233344334434333333333444333344
33333334333333343433233443334433444445433434434333344444344444444444444434443444333334444444433445986333359742224334544334554334444343344443332222223443222321113434334433344434333333444443344443333343
33333444443333333333333433223333344444434434433434333444443342233443544444443444334443444443433434886433368642224344443454454444443333443444222222244444332221114434344433333333333333544333444333443343
33334333332333333333433323333333444444433334454444433434333333333443344444443333444344443444434445776543477543234445443344333344332333553444222222344444322222124443444433333443334333433333333334443334
22323333323333223222223433344333433454443334444444444434433333443454444344443343444335544444434346756622486443234564554454333333232424654343222223554443422222224433333433333444333333333334333333444354
33334433333333333333334343344333333344344344333434443334434333344333334433333444433334544344434447854613576543234453444453433232323334445432222223554433532222233433334433433543333333443334444433334455
33333322343434333333345333233334334444443233332334432334534543433344433333333433333343432344434446775534776543433343343342323343333334434422222224543444542222233443234423434644333334444434455433344445
33322233333334333334333333333333333334333322333434423334434433333434334333333333322233423333443356566434765543443333333443333554434454422312222234543344432222233233232334333444344333333333445444445344
33432233343333333343433333334333323223333332233334533333333333333332344344343223344223334433432367556436865543443333333443323653334444333212222233433233322222233123221323333336444333343345444334553324
33343333333333333433334433333342333333433333333443433333333333323322344333333333333333443334433357656437765543343332223333332653344335322112222422432243332222222132112322333233443333334434444434442334
34343332333334334333333333334433333333443333333333532333323333433433433333323333333543333343343456666437765543333333333323333553334345521122223312332232222222221232111322222232233332323222334333432222
44344333344443333333323333334333444433333333333333333333333333334433443322234444345533333443244446655336665442333334333333333423432333311222223322322122211122211121212223221122232222122121335433432235
43334333454334333443333234344433432433334443333333334343443323354323333233334333355434434433444346653236655432333223233333334323322332211222233323332112212222211121112212111122422111122351211122321135
33333234444333444343333344343343333444334434333334334443444323344334433333433334444344344324534434553226544322333333332333333243322332111222333323222211112222111111112111111223311213123231331102321123
22222122333433334443443333333344333344333434433443343333333333344334333333343333433334333344332333432224653213333312243332233232322232211122243223211211112222111111111221331123311314223252353113321123
22232222233333343433332233434444434333333334333443433333333333343333333343343443333333432333233333322223753223323223232223233332324322211112232212111111111222111111111211441113541122343456545333243233
33332333443333433332334323334332233333334334322233334434443333434333324443333443343344432322333233332213864234333333233324433334433311111112232111101001111222111111011001231213552322223325332234344345
33444333443333323432344332333333333333443333332234433444453334344333333333443344344434443323333433443213865322333333343332333233322211111122121111001001111222100114111011132423333433344343433334454345
33334444344332333433333333333333334334443334443343333444444443344333333334433343344433443333344444432324764311223232332332332333332111111231111110011012111222100121011120231322344333354343333344344443
33343434343333334333332233433333333443443332333433333434334334433433343343334343334223454333333334333436764211123233322243433232122111111210111111011111111111000121001120232332344345423343223334334454
33444444223222233433334333333332233333233233223333343333333334443343333343334433433233333333333333444336774211112232332133332232222211111101111111101211112111000132121123332333332224333343233355323343
23333332221223333333344442333433323333333332223443344333344334443344333233334434433343333434434333454447764211111243333333332223232111111111101101201211111111112123122233322342233223344333233354333343
23344333322232123222344532333333233334443443334544443334335444444344345333444344554453333344344333344347764211111223233333322223221111000111100000212211132011013122212333333232233223343443323354334343
44433323332333212323333433333433443344443443444443333334335544333344344443344343444443444443344333344367763211111112332232223222222111000110011112312211143011123232323332254334334222334533333354324753
43323333433333333333344333333334544333343344444433333333335444433434443334444344434444333334433334334466643221222101122333233332222111111000011114512121122112232232333333254344635423334543234343455642
33344233332332323322333333333444322333443334444333333222334334433543433333454434344543333334333343333465552132332112233332222221111211111111111101332111332222233334444443533432336533334443433233344343
44433333333222355433433334444544333444433335344343343334333333443443444434444433344443333443332343333443442232333333332122211111111322111111111111122211332222323344433443334433334333334553432233333343
33333333334332335544333444444533334443443433453443443444344333443334443444444333344443433333433333434443222332243233221122222222322322111111211112213222232232332332423333334333333233323342322243333342
33333443343332333433344444344333444434544444443344343244444454555445443444455434443333332344433334434665421342122221223333223443333321111112211222223333433222322443233333333443333333323332343142233332
33433333344333343344444444544443343343454444333344445544454544445345433434444344443334322345543344445555422111123233443434333433333311111111211232333333322222222442233333333333233323323323333232323334
23344333343222342344344433434324444443433333333334443443434434443344333334444343434344433444444433445544432113333235543344444444334322222222342343333343322243333432222344332433323223222422222244443234
33433333354443443334443333334334434433433333233334443334444434443333444333334334345444344444444334444444433434333334333333444444344444434343333323333333333333332332333343233332213322322322322344432323
33433333444433434344443334344344344433343343333434433443333343433334443333433433444434335534533334434443334444443443333444344433333333334333333334333323333333223333423333333342324543332222333222222422
33333433333333334444444344344453333333433343333333343433433334433334334434333444444444444443324433433333323454443334444444344333444344333333233333344333333233434433332333433433333443332221232231232322
34333333443433334444334443333443233333333343344443444333433434334444334434444434444333333343432333333333343333433243333333344443333445334443323333344334223234434333333334333332233222322223233333233332
43333333343433334444334332344334333333443334334443444433444432333344443433442333344333333334443333444333333334444343433233344333343533443443323333343334423334443234334343333333344223223322333233223232
33334442333332344343323333434333433343344333334433344443333334445444434433322343443333333334433333343233333343444444443333333344455333333333233323444334543434333344346543333334343333333332222323333123
33343443334433343233223333543323433543333333334533444434445335434433345323323333343334434334433343333332323343444434343334432444455333334333333233323234443434323323354433334334344333223323332333233333
