33326733333346633344544433344344443349744332233432222222122244443386334332321131555313444434232232223344874333334222232347631112322223567788888888888888888787548874333333445543322333332233322222222222
44447745555556734555555554555554554459744444444544444444445555555685355445433353344434323434222443344342774322344222332233431123322223434678888888888888888777548543433433333445433333332222222222222222
44446744444445634444444444445544445459744554455554455555555555544785255555555555455457311455444554444442674312554322333323321123312123322345788888777888878777535433435323222334564443223222222222222222
33335853334435633444444444444444444459744444444444444444454454444675344444445555444458301454455555555555664314764443554445432224344444444434788888754588855677534544435222222354664333433421222222222232
33335953333334742333333333333333333349744334444444444344444444444675344444444455544459511444444455544555454226665555555555555555565555555556666677655565644677634655445222222443443222422321133221233222
33335843333334643333333333333333333349743333333333333433333343344675343344444444444469721454444445545545664347565444555555555555555555555555555555555655555677535555565555555555554455555544454343346333
33334853333334753333333333333333334349744333333333333433333333343685343334434344444369851454433344444445764566475444444455544554455555555555555555455555554266535555555555555555555555555555555555556555
33334863333334653333333333433333334349844333443444444443444444443675244444434444444359972454443344444445764575585344444444444444444444444544445555555445555357545555555555555555554445544455555555556555
44444763333334653433333343333444444449644444444443444444444444444675344444444444444459982454444444444445754784785344444444444434444444444444444444444444444577534445544555555545555555555554555544445544
43334764343334653434333333333333433348644444443444434344444444444785244444444444444458983354444444444445645974674344444444444444444444444444444444443444444577634444444444444454445445444545544444444444
43333774333333653443333333333444433348744443343333343344444444444675244334443444444448983354444444444445636875573344444444444444444444444444444444433444444577644444444444443444444444444444444444444444
44444774333333663343333433333344433348743333344333444444444344444675244333333444444448993354444444434435726874573444444444444434444444444444434444444444444577644444444444444444444444443344444444444444
44443374444344563333443444433344344448744333444334434334344444444675344444444444343447994245444444444435725754673444444444433434444444444444444444444444444577644444444444444444444444444444434444444444
44444554444444463444443444443444444459844444444444433443334444434685344444444444344457996345444444444445625645663444444443344444444444444433444444444444444577643444444444444444444444444444434444444444
44434574444444573444444444444444444437844444444444444444434444444686334444434444444467998444444444444445536665564444443333344433444344444333344444444444444577644444444444444443444444444444444444444444
44443585444434573344444444444444444447744444444444444444434444444676344443333444444467898543344444444455436753564444443334444444444444444333333444344444443577643444444444444444444444444443444344444344
44444585444444562333444344444444444448744444444444444444444444444686344434444444444467899643224444444444347743654444434434443344444444444444444444444444444577653444444444444444444444444444444444444344
44444585444444573343344444444443344448844444444444444444444444443474344444444434444457899743212444443343347754754444433344444444444444444433344344444444444467653444444444444444444444444344343344343344
44444585444444573344444444344444444448844444444444444444444444444475344444444444444458999843211244442333457656854433444344444444444444444443443344444444444477653444444444444333334444444444434333333433
43333344444444463343444434434334444448844444344344434444444444444675334444444444444458999843221244432333457779754444444344444444444444444444434444334444444477653443443444444444344444344444334334344444
44443464333344463334444444444444444448843333333344444444443333344675334444444454444447999854454324433444447999644334444444444444444444444444444444333344444477643443444444444344434334444443434444444444
44333375323333563334444455555544554436844444444344334444444444444675344444444444444335899966777455665665558997443344434443344444444444444444444444444444444477533443444444444444443344334334433333333433
33332344333233474224444544445555555447744555454554444444444444444675344444444444444444589977765566666665669985544444344443334444444344333344443344444443434477653444444444344444443444444434444433333333
23334543333333474222334444334444455548844555455655555555555555555676344444444554444444468876666566666555678765444444344443444434444344333444344444443443334478653444343333343333444334444443444444443343
23356642333333463222333444334444344448844555554445544545555555545676345555555555555555557765666555555445456544344444544444443444444444444443344444433443343367653434333443443344334334434444444433444333
44444444444333454444444445444433344437843444444445445544444444444675244444444444444455677666665555555444425433354555544454444444445554454444444444444444444467653333443433333344444444433344344444444344
44443444444444445444444445444443443337853323344344444454444444343475354444444444444455566777655555555554323332355555555555555544445444444444545544444444544467663444434444444444444444444443444434443344
33334444444444334444544465444443444437843323343334433433335334343475344434444444444566667766655555655555422231345555555555655555555554444444444444444444444467763455544444444444444444444444444434443343
44433444334444344344454445443443434445643333333433233333344333444675234434445444444668777776555565655444432211234444444455555555555655544544444444444444444467754444544455455555445544444444444444444444
44444454444444343344433234334444444443445554333433333333333344444665233444444444534325877766555555677644322111234444344444444554555455555566555555554444444467753444444444444444445555555555555443444444
45555554454454444343344444335445444444335533333433343343333343433675234344334444443115877765555554676534321211223444333344444455544465444455555555555555554457754444444444444444444444444444555544444445
45555554545445454444444444444556654544445444444444334433333333333664323233334344544237666656554457621111222211124444444444455555455555554333434444455554554415764444444444444444444444444444444444444444
44555554444544554444444444444479723543455444444444433333333334333444313333334343333476665556543436410000122321124445444445655555455555544443433334444444444546765445544444444444444444444444444444444443
44555555444544454344544444554456533444444344444544554444444333423233323333323333433655654444544545532100122222124445444445555554555555544455544444444433444458754455555444444444444444444444444444444443
45554444444444444555444555555444444444443344444444454454444443432223333343223433444555555543334554434111121222224554445655655555566666665445545444444433344358764344455554555555444444444444444444444444
35556544455455444544444455445454444444444434444444444454333333343333443344433443345556754444444433233212221123224465445676655555677766666654544444454445444447765344344344444555656555444444444444444444
45456554444455555544554455445454444444454444444444444443334454444454443344443444555579886543444332222112221122223686546775555666667766665665444434344444454457765344343334434444445555555544444554444444
44445434444544445545543454444444554444345344344434444344444444444543333443444445754797798533333322222112121122324675567765556677777666666665556434344443444547765344454454434453444334444445555566655555
44445444444444444444444445544444454344444444454444443444434444444443434444455445657998788643222211122212221112333335676666566666777656666565444544444444544547765344454444444444455333334444444455544554
54444444334444444454444445544444444445444454444443344455444434455555445554554555679999878743222111122112211111233235665556776666766556665555433466444434546446765344444444456554454444444444333333333334
44443345444444555544444333454444444344444334434433344444344444445455444544455554677898766733322111121112212111233323555556765556655555555555432246655565545546765334544444344544454433343354445433333333
44444443444444555544434343344434444444433223333334434434344434454344443333444445344666643542221211111111111111223332345556875556656555544445532224555545555544665454434543454545455443444444445444435334
45444434444444443343444444344454444444445544444444444434444444454334444444443345133444311153211331111111221111223333224555665556655555544444532222344444544532665444444544344454444444444444454434444334
44444444434444444444444444444445444454445544455454544444444444445444444444443343232332100043212341111111221111123333312455554665555554443344542233323555544444765334444344444443444454344534544434334544
44444444445444444444445544443445544454454434444445444444444444444444454444444443232321000143211231111222321111122333321246545666545554443334443224432356655436775434433344444444443444544544433333434544
44444444444444545555555545555545544444444344444444444444455555444444344444344443333222212332211232112222312111122333332124434556545554444443343223433335665545775434333444444443334344444554444434444444
44334454443444444565444545555556554444445444454455444445555444444544444344444544333222223222211211222222211111122332223213324445544444444443354223434433556655566434333434433433434354444455444444444344
44444334444444433354445455555555544444455545554554444455543444444555444444444544533322222222221111211111111111122222222212323344444344444443365222444443344454455424344444433334434343443344444444443344
44444334444444544444444566654555443444444344544554454454444554445555444443444444643322222222221111111111111111122222222222332334443444443333234212333333432334444323334444344334333334433333334444343433
44434344333445554444444565545555445444444544544445554554455445555554455544444444543223212222321111111111111111122222222221232233433444444333334212344434422122222212244454334333433333434434323343233433
44443334444555443344455544444444445445444565444434554456444334545454444444443343543332111211221111011111111111122222222221222223333444444333333212233333432222222111223443333333333422433423233333333333
45434444444554344444444454554445544444455555455444445445444344444444455443334444456542111000221111011111121111222222222222222222233344444333323222333343332233322111112322333333221222243433544443333334
44444434444443344454444454555444443344454455454555455545444444554455545443344444445542100000211111111111211111122222222222222222223344443333223222454354432234531112222112222344223433343344444444343443
44444334444453333344444444444445444444444445544454545545445444444444444444444434542210000111212111111211211111122222222222222222222343333222222222344554433244432222233322223343333443433344444444333444
44434344444345443444444544544545445444444455444444445445454444444555455444554444444210001111112111112211111111122222222222222222222233333222222222455544543334433333333333223343342334333334444444343343
44334444443333344444344443444433334444544445545445455444555544544444444444455444433442111111112111121111111111122222222222222222222222333222222222344444443333233443433343333334443434334334444443333333
44345434344444444344444444443434334443444344545445455444444444444444443444454444432233211111112111111111111111112222222222222222222222222222222222333344343342233444444443333334443333443434334344333333
33334333344343443334443433434443344433334333344554555444444444444344444454444554442211111111111111111111111111121222222222222222222222222222222222334333334443343454446443233333443333333333333333433333
33345433333343344444433334444544444444334444444454544444455444434444544444345453444211111111123221111111111111121222222222222222222222222222222222444434433444434454345442234344343333333333333333333233
44444444433333433434444344344444443444344444444445444443444444434444344333344544445321111111345333111111111111112222222222222222122222222222222222444444444433444444344332223333333333333333333333332233
44433343344334433343344444333343344444434444434444443344444444444444344344334444455432123333445445311111111111112222222222222221112222222222223323444344444444444444333333223323333333333333333334332223
54444443344444433443443443344344444543333343333343443344444544444444344444333344344344444444345655521111111111112222222222222221111122222222233324334434444444444443433332233333334333333333344444433323
33344444443344334434444444444444544555433343444444444445444444444444433434444443444344544544446865432111111111112222222222222211111111222222233335334344334443544444434533234344443333433333333433333433
33433343554333334444444344434444444444444344333444444444333444444444444443444444454344444444437875543111111111112222222222222211111111211222233334333434343443433333444444444334444433443344344323433333
43433334344333334445444233334333434334434544433444444544444433344333433343344444453443433334437776632111111111122222222222222211111111111222233334433443443344433333454444444444544444434444454333443343
34333224334344445443334443343444333444333444434433334334454443333334444433444333444434433344447776533211111111121222222222222211111111221222233333444354443333333333343334434443454344444443445443443333
33344333343333335434444444544444443454334444443344333333454443443343444444444334433322344444457776542211111111111222222222222211111112222222233244443344334433443344343334344444344344334334444334343454
33333323333333323333333444434444344444344443443444433344444444433434444444444455444433343444357776653221111111112222222222221211111112222122222244333333433443553444344444454444444344454444443443334443
33443333333344333333333443445344333444444433333454333343443333444434544544444455443333444354467776564332111211111222222222221211111122222122222344334333334443434434446443444444544444444434433444344333
33333344433333433333333344344444433444443333333344454443444443334443453433345435443464344444567776665211111111111222222222221211112222321222222334234333333443334333444333434444433443444444333433343232
33333333343433334543333444444333333444343334443444444454444443444344343333444444444465344443357777656421111111111222222222222211122223321222222333332335534444333333333336533333433333344433433323334323
33333333433333333433333334434334333433433444444443334344445444445444445543333344453365443444356776655632111111111222222222222211222333322222222444333335533344434334444335433333333334333333344234644333
34433343333333433333433234333333333333333543343344344333444434444444445443343444434444433445446666654542211121111222222222222222233334422222223443333335433454434444444334334343344343343333333344543333
34333343333333332232332333333332333333344444433434443333444333443334444543444444433433444444446676654444211122211222222222222222333343322222223434433454444445434444434344344444444344344343334543454333
43333333333333322223333233333332233333433334333334333443333333323344444543434444444443444443335677754335411222222222222222221233333334322222235544334444345444434444333244344436644545444454244543453334
44433343333333322333333343333333333233433433333333332322443344433444445443334445444444443443334577765444321222222222222222221233322333322222235544445444334433333433232354344455533644444444444544444335
34332332222233233332333333333333333333443334333333333333444334433433344434434443444444444443333577777766642222222222222222211333222333322222234433556555445543333332242456334443334555444344544444433333
33343333433343323432323333322233323333333234343333333344534333334433444444434333233443333443444467778888875323222222222222113543222233322222234343445444444333323332333444543412434455443343333554343333
33334533333344333332334533222323333342233333443433433443433333334334434434332333334532333543454347888888876533332222222222113554222233322222243343333344334233334333333443443424444554334445344554443433
34344433332323433333244453222332343343323333333333334343333334333332323333332223333633323334333447889987666433333222222221123464322223322212343344333333244333354443445442233444444454345545464543433433
33333333332223433343332433223333433334443333333334343344443343344233333333333324444443333333333436877775445333323322222221133366533322322222344333343333234322375333434433343333323343333333243542432334
44343433333334333444223333333333343434333333433434444333444434444333333344333433343442333332343336976554333333333332222211133468667533322223454323333222333433265334423532443355343243224333344532322334
43334433343333333343333443444333343434433334444343433333333333433344443433333334333443333333333336999764332233332333222211134247776543332233443333333333333333355233424543434454334333326432333223423334
33433433332332233333433333344433344434433345434443444433323434443443333334443444333333343333333336999975332223332222222222234247755642332233333333333433333333333333323433333343333333225322323223432333
44434333433332234434433334444444433333323444433344444333334435334333344433434333334333444444433436899975332222222222232222233346777733332233343333323323333333332223233223223343334323213322323222332332
44444433334444334434444434455344432332212233444334444344334433324433344433444433344334433434433335899985333333333322333222223544776533322233322333333323233433333332233232323333543332223332333332422332
44434443334443444434444334444434433223322223343344443333233343444444434433334443443343333334333335899985333444444432233222234333453233322233232332322223333323332332223233323434543333223333322323322233
44355533344444443443333334444444433333333444333443333333433333433333433334334432333343433344433444889986433344443333233222233323455433322222333332422223222323333233333323333333333332244245643423332232
44356533454443344444332334444433443344443344433332343334433233343333333444433432233433443454434444899988543333344334222222232333356533222223333333333233332433333333332333345423333232223344344453333332
44544534553332343444432333332334333333444444443333343334333333333343433443333444334343444444444344799988644444344335332222233333455533222224433333333234333233323332223332334333233232223343222332334323
44544644443232234433443443332333343334444434333334434333233343333433444354333344444333444433444444689998655433444334332222234334445433222233333332333233323233223333222333333333322223223564332322234423
44455554433333334434433443332333333344544422322224443333433333333233334233233332333343333323434543589998655333434343333222234333235432222344333333333332234343223213213333332333323323223432322322236313
44454434323434333333333333333334442343343322222333343334444333333333333333333333434334333343334453478998664434443343333222234333345432122444433333223332213333223223223333333333523333223322432233236423
43453343234332432433344333333333422334433332223213422344453233343333334443444333544444444334334444477898764433444443433222234444335532123434333222334333334433223333233333233431333322323332442232334433
33343454333223432333243433444332434443432333333321332343343333443344334444454344454333344434544434567877764444434455432221234434435731123434333333223323334333333432333332333442232222323333322343433322
34333543332222242234343433332323334432333443343333333344433333344454334344344444444333333434544333467775664344334344422211234334435741123343333343332333344343333233332222342222222233223322232333333232
34344443332332343232443343332234433334433333333332433334333333444432333343344444433333323334434443476775354344444434432422234533235861123443333433333333343333333223233333332222233332222433222223333222
33233443333333333333343343333233444443333343332235543343343444454433344443334534444333323333333443466777534354543434533532224332336863223333343333333434333433332223243333333233333321132321232222222222
32223343333333334333333344433444333333433433433334554433444444553333444443433344344344344433433344467766654444433444433432223343247865323334233333334444333332233322233333333332322331121111111111111111
33433233333434344323332343343333332333354434333333444334444444443444443454444344344444335444444454468766654445433344432432223333337755423433233234433344433332322332333334432432222222100100000011111111
33333433323333433333333333333333333443334334433334335444444455444344343455444433334434334444455455567776654445444444422332223443348755423432244334433333433322333333333333332221211111111000000001011101
33344454334334233333333333445433333334433334333334244334443343533434444444344443344445444444454454357776654444334444322232222554358655323443444434434333343333343333343233211111111001111110100000011111
33333334433333333334333343333333233343334335444344334544433333533444544343333333333444434444433453357777665444334434322122222444467555323344433443334434333433332332222232211111111101111111001001111110
32232344533332333333333433344333332343333444443444434454333434534434444343344334344443444434343344357777766433433444321112222554466555434443433433234433323342211111111111111111111111111110001111111100
34343334444433233333333433344333333343343334433333544444335444455344433343344323343444444333333443356666766533343344311112212543566555323332444433344323322221111111111111111110111110110011111111111111
33233333333333344333333344433333443543334344343444454443444333344323333343444334443345333443443444456666665434344444311111112323676554312322233332222212122111111111111011111111111111110011101001111111
33222323233434344433344443333333433433343344344334444433433334444433433443334433443444433444443333456767665354343443421111123343775554223322111111101123233323322111111111111111111011111111111111111110
21122333333333333343333444434333433334444233433245444333433344433433434334433433543344433333443334456766665343233334354111124443664555222332111122222333323233211111111111111010111111111110111111111111
21122333344333323333334444334333333334345434443344323322323454422433354334334323543444544433334444656755554322333343358211123433554455322121112234444333332221111111111111011111111111110111111111111221
23333333333344333433444433333434433444455554444332233233333345444444553333333333444344544447434534446655553233333433358411124433555544322111223244433333332111111112211100111101110111110111111111111132
33333334333332432432344443333334444444334465333333333333443344434434543333343334344344444346444433345665543233233343468521123444666542221111122334443333321111111111111111111111111110111111111110112222
34433444333333422333335443333444453443334443333343333333433433443333543333433334444444344434433333344666643233333334458631123334565432211011111333344433211111111111011001111111111111111101111111112211
