68864344444444444444444455444444444444444444444546999952256554455468854444444455555668985479997445555555555555544445555554455544444444444479743344345555565544444555444444675334455555555555666668975666
68864444434444444445544444434444344443444444445556999962356555444457864444444444445779975689997345555555555445555555555554555445555555554456543333347864444434467764444444675333445555445555555568975666
58854333323444444444444444444444444444344444456888999962355555544456764444333455555789974788997345556555555556665666566654555555555555555555554444557754344445666655554444665445555555555544455558975555
56654554433333334444455555556555555555444444557888999962355455555555556555555555555899963788897356555555555555555555555554554455545555555555555555455555555555555555655555666555555566655554455458975444
55555565555455445545555566665566666655555566566557999962354445555666666555555555555899853788896345555565555555555555444544444444555555555555555555455555555445555555555555555655555566655555555558975433
66565555445555555555555556655566666655566555555557999952354444555555555665567876646999844778995245555555555555555554434554444555555555555555665555555566555554555555555555555555666566555555555557864444
88876554444555555555555555555555556666665555655656999952355434555665555666569854536999765677994345555555555444455555445555555555555555555556665665665666555555556555555555555555554455545555555555555565
55555555555555544555555555665565555555655555555667999962354544556655556655566545526999874578983345555555555555555555555555555566655566655566556666666666666656666666565555555555444455445666555555545654
55555555555665555665555556665555555566666565556656999972344554455555555555555566526888653578983355566555566555565555555555566667665677666665566666666666666666676666666666666555555555555666666555555554
55555555555655565555555555555555555555555555555557999973344654456555555555566656525887553477873455566666666655555556666566666666666777776666666666666555565566666666666666666655555555555578974555556555
55555555555555555555554444555556555555555556655557899984445554445666665566676666525776634678963456666666666665555555665565666665677766666666666666655555566666666666656666666555665555565578754555555555
55555555555555555555555555555555556555555555555567999996544554445666666656676666525876555678963455556666666666666666555555566665677777666656666656555666666666776666666666666666665666666555555555555445
55555555555555555555555555555555555555555555666668899996544555444566666666666556535876665668864455566666777766666666666665556666666777666667766666666666666556666766666666655666555677666666555555555445
55555555555555555555555555544445555555555555566667889997654544444566666666666666545887754677875565666556666666666666556666566566666666666666666667767766655556667766666667666666665566656666555555565555
55555555555555555555555555555555555555555555555568889998655444444455556666655666655888754567963566666666556666666656666666555666666666666666666666666655554556667765556666667666665566555665566555555555
55555555555555555555555555555555555555555555555668989998654433333445665555555665665898543468833666666666556666666666677666655566566666655555566666666556666665566655666665556656655556665555566555555555
55445555555555555555445555555555555555555555555557899999754433233335555555555565666887543469644666666655666666556555666666555555556556666555666666665666666666666666555555556666656666655555565556655555
55555444555555555665455555565555555666555556655557899999754433222234555555555554676887654478635666665556666665555555555555555555665556666655666665556655556666655556555555566665556544566555555555555555
55555444555555555655555555555455555555555555555557999999854432222122455555556654666888754588655566656666555555555555555555555555655556666666665655566665556665665555555655667665555544455555555555554434
44444444445554455555555555555555555554444445555557999999864433221111355555566654666898876698546666656666555555555655555555555555655556677776656655556665556666666555665555565555555555555666555555555555
55544444455555555555555555555554554444444555555557999999964443211110155665555545666887654798566666666665555555555556666666555556665555555665666655555665566666555555555555565555555565566556555555556666
54444555555555554445555544444455555555555555555556999999964433221110035655555545677887766998566656555565555555556666666656655555556655555655555555555565556665555555556655555555566666665556665566556665
55555545544555555555555555444444555445554445555556999999964433332111014555556555666888888995555555555555444455555555566656666655455655565566555555554555556655555555566666666666666666665666665555555554
45555555555555555555565555455555555445555555545555799999964434543232113555555555766898899986655544444454444444444555555555555555555555555555555666554555555555555566665556666666666666666667776555555555
55555555555555555555555555555555555555555555555555799999975567665543211455556555656899999965555544334444444444444445555555555566655666555555556666555555555666555555655566555566666666666777766555556666
44444555555555555555555555555555544445554555555555699999987888886653223555567667647899999755544443233445554445554455555555555555556666665555555555555556556776665555555666665555556667776677655555555555
44444444555555545555444555455555555555555555544444589999988888877777677777777668657999998545544432233455554455554445555565556666666666665555555556666667655765555555544556666655555677766666665555555555
55555445554444445554455555555555555455555555445444558999887666666578777778886668658999987545544321233345555555555555554455555666655566555555555566666666666666665555555577654445566665555666556665655666
55555555554555555555445444555555555455655554455555568987766666677777766677876558778999986434553211223344444455556555555555666665555555555555555555555555555556655555555677655555566666666555665555655566
55555444444444555665444544455554555455655555555455688877666666676777777666666557888999975334442111222334555555566555555555555555555555565555555555555555555555555555555665455566556666666666655455556666
44454444223444556655544554455555444455555555555556886666777666666667776666555656988898864224421111222234555555556555555555555555555455555444555555555555555555566554555565545555555666665555665555655555
44554444444554455555545555544455544555555555555578876677776666676666665555555654787788753233211111222234556665445555555555555555555555544445555555555555555555555555555556655555555666665566765655555556
55544444445555545544445455443345555545554455567887767776666666666666655544445553367656642221111111112244555554235555555554555555555555555555555455555555555555555555555445555555555655556555555555666555
55555555555655545555554445544555555555555677888778877766666666666665555544444553236544532211111111112344344442234555556655555556655555555555555555554555555555556655555555566555555555555555445555555555
55544455544555555556554455555555555444567888877778877666666666666656655544434542225654322111111111112333334431224555555555555555555555555555455554445555444445555555555555555545555555555555555555444544
55444455444444555555554455554555555555676777788888767666666666776666665554433443124444222111111111111221234421123455555555555555555555555555555555555555554455555655555555455555555555555665555555544555
55554444444555555554555555554444544555666777888887766666666766777666666666544333123333222111222111111111123211112344555655556665555555555555555555555555555555555555555555555555555556677655577666655555
45555444344444455554455555543345544455777888888777667666676767777776677765534433222223222222221111111111112111112334565555555555555555555555555555555555555555665555555555555555555677654446777666655555
55555444444444444444445554444444454446888888887766666666677777776555555565533333222222222232322222111111111111111224555555555555545565555555665555555555555566655555555556655555667776434566666665556655
54444444444455554444555555555444554447988888887766766677777777765555555444543333222222222233332222222222111011111224454556555555555555555555555555555555566655555665555555666666666545556666666556544566
44444444443344554444444545555555544546888888887767776667776677776655555443333332222222222233333333223331111111111124444556655555555555555544555555554455555555555555566555666655554445666666666666544445
44444444433344444444444455555555555544588888777777766777776777777655554444322333222222222223333333333332222111111123444455555555555554555445555555544444555555555445555555666555555566666666666666554444
44445555554443333334334455555565555422698888766777666777666788888854555433222233222112222222333333333332232211111113333445556665666555555445555554455555555555555555555655555566655555566666666666655443
44445555444543344334345555555555555433898887667776666666535788899865554433222233221111222222333333333333332221112122333345555566655555554444444444555555544555555566666665556556655566666555556666665544
44455554444211244344224444444444445546988776677776666666666787877644444333322223221111212222223333333333333221122222222235556655555544444444555544455665544445544566555566665555556666666555566666666554
44444444444322233332333333444544445568887766776666666566788755533211122223322223321112211222222333333333333322232232221234566655555555445555555455555565555557665555455665566655556666666666666666666655
55444444455433234432112222334444444578777667776655555556788532211000011122322222322212321222222322333333333332333332211234555444445544555544555555555555566677666677666665666666656666666666666677676665
44444444444554455543222334555544444686655567665544455544787411101111100112322222322212322222222232222333333333333332111223444444455445555555555565655556677777776776666555566677766677766666666677777766
44455555555555555544444445555555556765555566555544556655676211121110000112321222322212222222222222222333333333333332111223334444555555555555677766655567667887766665556666666666777788766666666667777777
45665555554444455555555555555665566545554455555444566666666433321100000011221222222202222222222222222233333333333332112223233445666666666667776555444568878876666655556666666666667888766666655666777777
34555555544444454444555555555666666555444345544434666665556544431111000011111222222101212222222223222223333333333333212222123456654455555565555458756789866765666555566666666666677777776655555556677777
44445555444444555454455554455677777765543344322344566654454334432111110001122222222101212222222333222233233333333343322221122455433222233356686458877788877766566667666677888776778777666665555545677777
55555444344544544455544565556665566665443333322345565433343234333221111122222222222101211222222332222233223333333333333222212222222222234456776567766666666665566667666677888877778876655555555545677776
55544444445544444444444566568866555555443333333445554333333333333222223332222222222111211122222222222233223323333333333322222222222223334445566666665666666666566666666677778888887777666544444455677777
55444444444455443344444577799975555554543344444445443333333323322222222322222222222111221122222222222223223322333333333333333333221223334444555555555556667787777876677777777888877666667665444445677777
45554444443455433444567899999998655654443344444444333332332222222211222222222222221121122122222222222222323333333333333333443333332222234444455555565555566788888866667777877888876666667777544445677776
55444333334554445445788999999889766643333333443343333322332112222211112221222222221121122222222222222222222333333333333333443334433212233444445555565555667776767766666666777777776556666677655456777777
44444432335555555556899998789777754433333333333333333222222122222221112221112222220111111122222222222222222232333233333333443333433221123334444555555666788887665666666666677666666666666666666556667787
43334333344434555569999986799876555532333233233333222222222222222222212222122222211221111112222222222222222232232233333333444333333331112233444555556666788887676666766777666666666666666666555445667777
33334444432233445899999987899987666543333222222332222222221122222222222222222222212221111112222222222222222222232233333333333333333332111233344555556666667776666666666777666666666666666655554444677876
33444543332233357999999998899997764434332222322222211122222122222221122222222222212211122111222222222222222222232233333333333333333332111122334444555666556765556666666677666666666666666655544343478876
33333433432344567789999999999987643333332222322211111122111222222211122222222222212211112111222222222222222222232233333333333333333333211122333444566556655665566676666666666666666656666555444333368876
45543334445546545569888888867777533333322222222211111122111222221111122222222212212211111111222222222222222222232233333333333333333333311122333344456555554566677777666666655666666555666544434333357876
56654333344457334468677765543467533333332222222211111111111222111122222222222123112211111111222222222222222222232233333333333333333333321112333344445444444566777776666666655666666655555544433333335776
66544344333585134365465432221246643333333222212111111111111111111122112222222122111211111111222222222222222222233233333333333333333333322112233344444444334556666777666665666666655555555544433333334676
55555544444672124354454211111102653333333222221211111111111111111111111222211222111111111111222222222222222222233222333333333333333333332112233333333443334555666677766665566666655555444543333333333576
55565444444642123243442100000000374332333212221221111111111111111111111111112232211111111111122222222222222222222222322333333333333333332211223333333433334445555566766566555556555555544444333333333467
55666545545642123242431000000000176332333211221122111111111111111111111111222232211211111111122222222222222222222222322333333333333333333211123333333333333344455555565555555555555555444444444433333356
55555444445432222232321000000000066322333311221234211111111111111111111112222232211211111111122222222222222222222222323333333323333333333221123333333333333333344554455555555555555555444444444443333356
65444444455432222232320000000000166222333321112235321111111111111111112222222222211211111221122222222222222222222222223333333323333333333221123333333333333333334444444555554455554555555544444443333346
55455555554432232332321000000000265223333321112224321111111111111112222233322222111211111221122222222222222222222222223332232223333333333321123333333333333333333444434444555555555455544543444333333345
54455444454433332322321000000001454223333331111222332111111111122222233333222211122211111111122222222222222222222222223332222222333333333321123333333333333333333344433344445555555445444444333333333356
55666555555434433323322211000124553233333322111222221122111122222223332233222111132111111111112212222222222222222222233332222223333333332322123333333333333333333333333334445555555555544444333333333356
66665555566644333323333332112344432233333322111222211122112222222333322233221111221111111111111211111222222222222222232222222222333333333321123333333333333333333333333333344555555555455433333333333334
45565555565553333333333333334444322233333322111122222211112122223333222233221112121111111111111211112222222222222222222222222222233333333322112333333333333333333333333333344445555555444443333333333333
55555544555554333333333334444432222233333332111123212211222123222332221123211111231111111111111211112222222222222222222222222222222333333222112333333333333333333333333333334445555444544443334333333333
55555666555555434333332333332222222233333232211222100111332122222222211112311111221111111111111211111112222222222222222222222222222222222222112333333333333332233333333333333344454444444443333333333333
45555556555556444433322221111222222222332232211222110001222122211111111111221101211111111111111211111112222222222222222222222222222222222222112333333333332333232223333333333334444445544444333333333333
55555555544445444333322211112222222222223233211222211011221111111111111111122101111111111111111111111112222222222222222222222222222222222222112333332332333222233322223223333333334445544444333333333333
55444455654335444333323212222222222222222233211112221111121111111111111111111111111111111111111111111111222222222222222222222222222222222222212223332232322232222222223233333333333444444343333333333333
54444455566656433333333212222222222222222333221111121121111100111111111111111212211111111111111121111111222222222222222222222222222222222222211223232232222332222222333233333333333344334433333333333333
55545445554557544333332222222222222222222333322111111121111001111111111111112212111111111111111122111111122222222222222222222222222222222222211233322233222222222222233323333333333333333333333332233333
66665445443446766544432111222112222222222233321211121111111000111111111111112222111111111111112122111111122222222222222222222222222222222222221223332233222222222222223333333333333333332222223322233333
55555554444446888775532112221111111111111223321111111111111100111111111111123222111111111111112222111111222222222222222222222222222222222222221223332222233222222222222332333333333233332222222222223333
45555444555555679998642222221111000000001123331111221111111000111111111111123222111111111111111221111111122222222222222222222222222222222222221223332233233222222222222332333333333322333222222222222333
45554444455555557888643222223110000000000123331111111111111111111111111111123222211111111111112221111111112222222222222222222222222222232222221222333233233222222222222233222333333322333222222222222333
55544444455555544455543233454111000000000123331111111111111111111111111111222112211111111111111222111111122222222222222222222222222222232222221223333333222222222222222233223222233332222222222222222233
54445555555555444445444455564110000000001123332111111111111111111111111112232112211111111111111222211111122222222222222222222222222222222222222223333333222222222222222222222222223332222222222222222222
44444555555554434455555555553100000000001123332122211111111111111111111233332222111111111111111112221111112222222222222222222222222222222222222223333333222222222222222222222222222222222222222222222222
44555555555554445555555554544211110000011124332122211111111111111111112343222222111111111111111112221111122222222222222222222222222222222222222222333322222222222222222222222222222222222222222222222222
44555544445555555555445544454211111000111134331122211111111111111112234442112211111111111111111111121111222222222222222222222222222222222222222222333322222222222222222222222222222222222222222222222222
44444444555555545555455445442112111100111134321122211111111121221124444321111211111111111111111111111111222222222222222222222222222222222222222222233222222222222222222222222222222222222222222222222222
45555444443444445555555443111123101111111133321122211111111223433344432111123421111111111111111112111111222222222222222222222222222222222222222222222222222222222222222222222222222222222222222222222222
44455555544444555554464521111223111111100123321122211111122211222444211111245552111111111111111112211122222222222222222222222222222222222222222222222222222222222222222222222222222222222222222222222222
44444455554455555544464311223222111111101123321122211112222110001121111123555554311111111111111112211122222222222222222222222222222222222222222222222222222222222222222222222222222222222222222222222222
44445555555555544444456312243334311111101222311222211122221111111111112335565445531111111111111111211112222211222222222222222222222222222222222222222222222222222222222222222222222222222222222222222332
44445555554444444444444543445665321111111123211222212222211112111111344445666445653211111111111111211111222122222222222222222222222222222222222222222222222222222222222222222222222222222222222222223433
55554444444445444444444445666543211111111223211222212221124422343343344555554445565421111111111111211111122122222222222222222222222222222222222222222222222222222222222222222222222222222222222222233433
44454334555555444454333344544332111111111223211222222223455432444454355555555544556642111111111111221111112222222222222222222222222222222222222222222222222222222222222222222222222222222222222222233333
33344445545554445544433344433321111111122222211221222455555533455443444555555555555664211111111111221111111211122222222222222222222222222222222222222211222222222222222222222222222222222222222222333333
33444454444455544444432233322111111111222222111111245556555443455555444555555555544576322111111111221111111211112222222222222222222222222222222222222111222222222222222222222222222222222222222223432334
44433444444455444444443322211111111111222221011112445455555543555555444555555554555555432111111111222111111211111222222222222222222222222222222222222111121122222222222222222222222222222222222223322334
55544333334444444443443443111111111112233332222334444455555554555555544555555555455555553211111221222111111211111222222222222222222222222222222222221111111111111122222222222222222222222222222222322233
44444333344434454444444443321111111111233433443334555555545565555555445566655555544445555321111122222211111211111222222222222222222222222222222222211111111111111122222222222222222222222222222222222233
44444444444444555455444333432111111123333444444445554555444556655554444566655555445565555532111112222211111211112222222222222222222222222222222222211111111111111112222222222222222222222222222322222223
44444444455555544444444333343321112234444554444444434444444555554444455555555555555555555554211111122221111211112222222222222222222222222222222222211111111111111112212222222222222222222222223333222222
44445544345555444444544433333333333443443445544454444444555555444455555555565555544555444567531111112221111111112222222222222222222222222222212222211111111111111111111222222222222222222222233333322222
33445444456655443344443443333444444443334455554555444555556555444455554445555555445555555677753111112222211111122222222222222222222222222222212222211111111111111111112222222222222222222222333333332222
44444444455444433345555554344444444444444444444444445555555556655555544455554555555555556655676322112222221211122222222222222222222222222222112222111111111111111111222222222222222222222223332222333222
54444444444443334556544444333344544444555544455555555555555556655555555555555444455544455445678852212222222211122222222222222222222222222222112222111111111111111111222222222222222222222222222222233222
43334444444444345555434444444445554444444444455544455544455555555555555555444444445665555555567885222222222211112222222222222222222222222222112222111111111111111122222222222222222222223332222222222222
44444444444455544455545555555555554444554445554555555443445555666555555554445555554445554455556888632222222211112222222222222222222222222222222222111111111111111122222222222222222222233322222222222222
