44456334444444444444444444588544444445544455555555555446762455445555554555554455554555555841134753333453223333214752124212234233346888888777888787776455434354232223445654432333322222222222232223544567
33347434444444444444444444488544444444444444444544554445763444444455544444444544444455556861145643444554444554226663334344544444446788887544778646776435544353222222546653234334211232222222332232334577
33347523333333333333333333388543334434443443444444444445763444444444454444445544444444446883145553454545545554336464555555555555556666666555556555776445654463333334544433324333212342211342222233333567
33346533333333333333333333388543333333333333333333333445763343344444444444444444444444446996236653454545445454465474555555555555555555555555555555676346555665555556555555555555544554444464444344334667
33336533333333333333333333388543333333333333333333333334763343334334344444443444444433345898426653344444444444574673444555555555555555554555555552376445555555555555555555556554555555555565555555555555
33336633333333333333333344388543333434444444434444444334763344444444444444444444444433344899625653344444444444884663444444444444444444455554455554476445455555555555455554455544545555554565455555555555
33336633333333333333344444487444434444434444444444444445863344444444444444444444444444444799624653344444444444864663444444444444444444444444444444776444444444455555445555555555545555444455444555544544
33335534333333333333334333488444444434444334444444444445863344444444444444444444444444443698724553344444444434874562444444444444444444444433444444776434444444444444444444445544445454444444444444444444
33335633433333433333344333378544433333333433344434443445863343334433444444444444444444444588823543444444444433753663444444444444444444444434444445776534444444444433444444444444444444444444444444554555
33335633433333333333344333378543333343333444444444343345763344333333443444443334444444344588833453444444444533644653444444444444444344444444444445776534444444444444444444444443444444444444444444444444
44444633334334444333343444478543334444334333344333444345773344444444443443443333434444345679863443444444444534655564444444444444444444444444444444676534444444444444444444444444434334444444444444444444
44444643444434444444444444479544444444443334433334434334773344444344443444444344433444435667974334444444444445753553434444444444334444444444444444677534444444444444444444444444444444444444444444444444
44445743444444444444444444349544444444444444444344444434774343443334444444443444444444444677984322344444344346743644334444444443333333444344444434677534444444444444444444444444444444444444444443444444
44444743443444444444444444368544444444444444444434444435774344433334444444334344444334444678885321244443233346755754444444444443333443444444444444687534444444444444444444444444444443444444444443343333
44445633334443444444444444378544444344444444444444444435763344334444344444433334444444444789996332134442233356757744444444444444344444344444444444677534444444444444444444444444444444444443444444444444
44445743433444444444433444479544444444444444444444444443663344444444344443443344334443444689997433224432233446889654444444444444433443444444444444577534444444444444334344444444444343443333333333333344
44444742444444443444444444479544444444444344444444444444663344444444344444443344444444444479998545644444355546997544444444444444444443444434544444687534444444444444433344443444444343343444434433333334
34443643433444444343343444379534433343444434444443444335764344444444454444444444444444444357998677665676666557996444444444444444444344444334444444677634444444444444343444344444444434344444444444444444
33443543344444444444344444369543333333444444444443333445763344444444444444444444444344444445888776656666655577765444444444444444444444444343444443686434444444443444444433344343434343344444444434444444
32334642344444555554545554448544444443444344444444444445773344444444434444344433444444444334588765665555554545544444445444444444444444444454444434676434434444444444444443444343344333333333333344434434
33333752234445444455455554458545555545554444544444444445663344444444444444444444444444444444577666655555554433434344434443343333444443444444433334676544443444433444334434444444334444443433333334434333
33333652222344443334444555469644554555555555555555555555764344444545554444544444544444444455666677655555555552234444334444344334443344444433443333587544443343433433334443344444444444444443433443444444
33333652223333443344333344468535545544455444444555554445763354555555555555555455655555555455556776655555654444234444444444444444443444444444443434577643333434434433343333343333444444444443333343334344
44334544444434454444333344359534343444444445444444444445763344444444444444444444444445555667777766655555666443234444444445444454445445444444444444577643443434443343444444444444334444444443444444444344
44444454444434454444433443359633223343344444443444453442663444444444344444444434444444444644687776555554687443255555555544444444444444554444444544577644444444444444444444444444444344334433444444444444
34443344544444554444434444359533223333334333333344343343763344333444443444444444434444444311587766555554532112355555555555554444555555444554444444577644545544454444544444444444444444444444444444434444
44444443444544354434434334445533334333433333333343334445763234444455444444444455444443444313776655654345410001354555555455555555555444455655554444577643444444454555545555554544444444443444444444334443
44443443443332343344444434344445543333333333333333433444763233344444445434444454454444444347666544554345531001244444444444445555455555555555455444577643444444444444444444455555555555544444444444444544
45454443443444443344454444444345323334333343433333333334764233343334444444444444444555544465555554443454343111134433444445555455555555555555544554347643444444444444444444444444444444444454455444444555
55454544444444444444566545444454444444444344433333333335653223233343334443444444444444434464555544434443223222125554444567656555556666666666554454337654444444444444444444444444444444444444444444544555
45445544444444444443588324434454444444444433333333334323343233333333423334344343334334434565578864434433222121225566555777655566656678766666654445467654555444444444444444444444444444444444433444444444
45544544445444444544455334445343434544544554444443334322232233332223334433333333434334445654797897333332211222212456676776555666776777666666665444478653455555545544444444444444444444444444444444444444
44444445554444555554444444444443444444444544454443434432223333333334433333433433344444546646998788532221112222111267665556666666677776666666665534368653444444444555555555444444444444444444444444444444
44555445444444555445544444444444444444444444443233333433334433344334433444443443344434446658999878632211112122111133555556777666677765667766665543357654443343344444445565555555444444444444444445444444
44555555445544554444544444444454444444445444433344454445544433444444444444444443444434455667798765632222111111111132245567765566665655666666655443347764444444444334444344455555444555655555544444444444
44444455445434544444444544444344333444344343344444444444443333433444344434444433444333445524465542242223211111221123223455656656666666665555555432336764344554544443544454333334444555556555554444455544
44444444444444455444444554444444444444444434445434434454444444444554444444444434444433346313333310043123311112221123322345455666666555555454455322235754344544444455444554444444334333333434444445566555
44344444544444445444444444445444444444443444554444444455555445555644554444445444443444445223233100043112311222221122321234346665555555544444455322223764344444444455554444434433443344333333333334444444
44444555534444233454444444344433233334443344443444444444454444434455544444556544333354434323332111343112222232221112332233235566555555444444455432223664445434444445454554434444444455444343344333343333
44444544434443333344444444444333233333344444343454434543344443344444444444555554343344443333322222322212122222112112232233323455555555444444445432122565454345543445444444444444544444444443344333334433
44444443443444443454454444444455444454444544444444444444444444444433444554544555454444444443222222223211111111112112222123222244444455545444345532122464344344454444543334443444434444334444444334434344
44444444443444444534444444544445544454445544444444444444554444444443334454444454444544445565332221223211111111111112222222222233444455544444336532122464344434444444443443444445435433334345554444444443
54444444444455544444445444444454434444455444444444445444443444443444343433333344444544445466332321222211111111111112222222222223345455444443335432112365334334444444444344444445444444344444445444443434
44445455455455555555555544444444443444444444445455554444444434444344433443444444444544445545333311111211111111111122222222222222334444444444335432112365343334444344334343444455554444444444355444433434
33444444554445445555555653444455444454555444445544444444544444344445544444444455545555555445565310000111111111211112222222222222234445545434335432111375344343444333334343444444444443444443344444433434
44544433444445555555655444444544455545544444455434444445555444444444444444444444544444454443332110111111111111111112222222222222233444544333323321111475333344444443343343444333333345444433334434545544
44445544444444556645555443443444344544554544444545544454444444433444444444444445544444344443421001111121112111111112222222222222223333333333223221111575323344443343334333334344334334343233323433344434
33454443434344645445455454444345544544455554554454345554544455444444445544444455554544454443332111111121111111111112222222222222222233233222222221111575323333443333333334323434333233342333423433323443
44554433344455444444444455445454565444334444455344334544444454444333333434565455555554454443222211111111111111111112222222222222222222232222222211112665323234323433332222322334323434333333434444334333
45553444454444554544445443444454554464554444454443444444445454543344543345544444555554444444321111111111111111111112222222222222222222222222222211112554233333322322333123333433434543543434433333334344
44433344544444545454444443444443455544555555445444445544455545443444444355444433455554434343332111111211111111111112222222222222222222222222222111112443333333333233443334433433444444443334444434444433
44543333444444544444445445444444455444445554455445444444454454445544444555444444455544322223432112223321111111111111222222221112222222222222222111113333333343343333433433443324344444444443444334434443
33344443444444544444445344444444454444444454444454444444544444444544444444454454444454323434443233664343211111111111222222221111222222222222222111113334444433443333334433433333334344443333334334434443
43333443443334433444333334444444445545455454444444444544444443444444434444445444445454434444444444664443321111111111222222211111112222222222222111112234544444453343334433333444444343344333333434433343
44344443444444444443433334433333334445444455444444444444444444454554444444455554444455544444444444675443222111111111222222211111111122222222232211123334544455453333334443333433333333334332333334433433
43433434334434334334443444333344333344544554444444444443445444454445544445554454455454444444344444776642211111111112222222211111111111212222232221124444453454432333343343333333333333333332333333444443
33333444444333343444444344454344444444444444444444444334444443343345444545544444444455555453455445677633211111111112222222211111111111111221233221124445454443332233343333333333333333333332233333334344
33333333334444344334343443444344444444444344344434444434444343343344445455455555444456655444554555676642211111111112222222211111111112211221223222134444444333332223333333333333233334333322233333333344
44344334443444433343333344444334444333444443344344444444444344444334344454445554443445556544543444666653321111111112222222211111111112222242222222235544434333432233333344333333333344444333223233333343
44444433443433444344445434444333333433444443444444434444444334433333343433344544444454445433333445666653221111111112222222111111111222222342222222234543444434432243444333333323333344443334333334333344
43443334434344444434444444555444443334444444444433444444344444433445444454444445544433444543344444666663221111111112222222211111122222233342222222223433444444434444344443333433343443233333333343333443
43333334444443333334434444444444343333444454443334434444333333443444445444434434434333333444544445666665321111111222222222221222222222344433222222234332334444444544444544444344454543334433333343344444
43333444444333233333333334333334544334444444444443333333234333433344333444434433344334433444444455666666322221112222222222222222222333344433222222234343333443434444444443444454444455444433334443354444
44344455433444433443453434443333444344433333233454433333334444343443333443333344444444444434434444666656522222111222222222222223333333444443222222234433343343333344443443454344343443233434454443333333
43333334344334444444444444443344444443444343344444444333444344444444444443332343443333443444433445666666732222222222222222333333333323444333222222234633444344444454434444454454444433433344433442233334
33334333233333344334344344444344443443444333343433433434445444444444555453433333454444334444444454556665742333222333222222333333332222444334222222244434444564434444434443444444334433443343333232232323
33333333333333433344344333434444333334444344433443333344434544544445454443444444454543344444433344446665554333333665422222333333322222343344222222243434334544333434444334433444434333433432322333233223
33433334333333443344434433434443333433444444544444433344343343423444445443564444433334344444433344445555457645568875322212333322222222233232222222244333333334345334333433333343434333232343233342123212
33333334443233434344343333533433334434443344444444444444443344433343444443464344444344444444333333344544798668999864322212333322222222223333322222244344344443345333333333343333333453333554333342212222
33333333333333333334334333433423533443343333334444445454454455443333444443454433444444444444444444444435888657699864322212444432222222223333322222345434444444344334343444343444333333433654333333323334
33333332233333244332323333333344433333443443333444334443344445433434434433343444445444444444444443443455778745467554322213444433222222222333422222235334443443344344443444343444433345433543334443334443
33333322232332233433332333333434344333334333433333333332344444543434443444433444444333233454444444443465446754334543332223333344322222222344422122324443444343344454457535444444543345443543344443333333
33333322323333343333322232323433333233333333333333344333444445443334445444444433443334343343344444443357743444323875443223343444633222222445422223323333433232353444555435544444444444444443344443333344
33333322333333343333333333333443433333333322322443334433433345344434444444444434434333344354344444443357874433332899985323343443642222213465432223223333222332565344533434555453435434444433434443333444
32333223433333323322333223344433334333343333334434334333433344444434333343444333444333344333334443333456875433342799986423443433662222214454322233213232333333544534323434554443443334544433333343333444
33443323422324333222232223332232234343433333345433333334434434343323343334432333543553433444433334333457875323343699986323344434573222223343222233223334334333534434334454554334454445544434334444343453
33343333333344433222333343342223334333433334433433333333333323333332333434633333434433433433334333333336776333333699986323345433375222223333222233223454444445432334334543543335444554334323433334433443
22223433343333442223333343333333333333233333343333344343233322333333233334533323333333432332344434343226776333333699986324335333367222234433222222233563344434333433333323333333332344433323333234334433
33334433443223332223333433434332333333434343334444333443233333443333333443432333333343333332344333333335786433333699975322233333378422234332222222232374434324433433653343333235332334422223333234323433
33343333443323333433333333444333333434434433333333334433333333433323333333442333323333333433444333323335676433333599875333334333467522233333322222233463334335533334453344333246322322225323333233323333
33332323333333343343333344434433344444343343333333334433444433334433434333333343333333344433443322324444576433233699864334443334466632233333422222233332343233333323433333332234323222223323233323432332
23332333333433333344444344334333444333443344333334435343432343333434333334333344444333345323333333333344665433234699863234433234566642233323322222223322243232223233433343333223222322222223322334432332
34333244344333444554444322332223334433344444343334333334333444333444333334334443344433335334443433333334566323334599753233333233566542333233322222323333332332232333334533322223322222322223323344343322
44444344334444334454334432222112233343334443343233333445433334433334443443343334333333344334333343343343566532343698754333333223655533332322222122333333332223233323334433332232333322222212333343243322
44443434443443334454444433233233333333344432333332334434334433333334333443343433333333343333333344343443566543343586543333333324655433333323221122323333233323223333333333332243356443312221222232233442
44444443443333334444534433343333444333432333334433333332233333434433322233433444443334444333333443333443555433333786554333333336555334333333211123433233332333333445333232332223443254422321111111122332
53433433444322333433434433434444344433332442344333233333433333443333443333443434454334344333333333444344565333343786655443343346555343333333311122333223332223332333333222322233442222322232111121111243
43322333434443433232333333333444444343333433333333443333334444443333444334333444444444344333333334434344466433344776654444433355555553333323211123233233332223333333333223222234643222322222211111111112
32322234334434443332332343344444423422234433333332333333333334243233332433343333423434443433333344334433465544435876644333433565555543333233311124333233122124333333333223233223322222222122111111011112
34344334334333433332333332344443322222333344334443333333233333333233323334344333333334433333323233434433455554435876554343354666654333333223321223333233222223333233422323122113222221122122111111111011
34433322332334333333333422333433332222323432244443233443332334433333323544444444344334443344434232433434555544325876554333345666653232222334341233332223433233333233421333211111321111111111111111111014
43323423333343333443323423444333332333212222333443333333233334444454334544343344335544434444335443444334454554326876654333335655654243343223363223333333423332332342222122111111111101111101100111010013
32223332233343434433323434432433443343222343343333333344454335343443454444333334434544333334344443344344444433227766654334346545543344343332365323343332233332222331111111211111112101111101000011004312
32322342233443433332223333333423433333233423344333333334443332343344444433333323334434433444443333444344434432227766553334356544432434433332255423333333223233323321111111211111111101111001000111114423
33332432332442443332243434444333343332233443333333434454333343343334434343333323233333443453343443454544444532227766554234356543212433333332254323423332222333322111111111111110111111111111111132242243
33333333333343344333343444433333444432235544433444444553344444443434334344343344333433344433444434444433444442126665543233346543212233333331255323332333211222111111111111110100011000110111111243232343
33433343323333343333333333333343333333333444333444444433334444444443344443444334444444444334443343444433334443226755432233444543212242234421255333333222222211111111111001111100000000011111111222223433
33433333323333343333333333433344344333333344444444445444444343454444433344334334444454455445543444445434444344214755532234434443212344334311244333322221111111111111111111011111110000000111011212233344
33333333233333333444333333344333334332333244444433444433334444444344433344445444444454444344433434444334344334212676542334444543124444434311233432111111111110111111110111001101111100000111111222233333
34333223234333443444333233333333334333344334444433433533444543443333333334444434444433453344333333444334334344323586532433444442234433433211121221221111111111111111111111011111110001111111111111232233
33333324333333333333333332333233444444444334543333334534444443333343334443443334434343344333344333333433445534432487643334444433333322221211111111242211111111111111110111100110111111111111011111123223
34333233332334433344333323333433333433333434444334444444344433343344323333433444333333443334443443433433344444531387653334443232111211123332222333333321111111111111111111101110111111011011111111122211
43333343343323344433333433443333344443434544444444433354333333343444333343344333443434443343333444433344444444643487643433333321001233333233444443233321111111111111111110111111111111011111111111111111
33334344333333444433323434433333344343333444433433334444323333343334334443444433443443333444333433453333443434554587642333333232132223433233333332122111111111111111111111111111101111111110100110122222
33334333333333443434333433333443233333344444333433344434433434344433434543343433333443334444443443442233343333432587653333343233333323333333322111111111111111111111111111111111110111111111100111123233
33323333332333444334333333334344324443344323323333444323433344334334323533344534433334445644434433322343443333442487653333343323323332222222111111111111111111111011111111111111111111111111111431123332
33344323434345433333333333444355444444332233333333345433434543333333333453344534456434534433334433333333333334565687653333333332222232211211112111110111112111111111111101111111111111111110012431122323
33333333433444433334435433444444564333333333333343354434434533333343334343344444356444433343444332232233334444565787753222233322322222212333223332233111111111111121111111110111111111111111112222233433
33323423433344443333434443433333443333343333333433333433333533233433334433444344434333333332344333333333344444555777653232322312322232233344444334332111111111112222221111111111111111111111223323333333
33344333333444434333544343433434433343343333333233434433434433444324323333333334333343333433433444434433433344444676652233333211121111123333334333111111111122223333221111111111111111111112333333333333
33444433334343333334434343444334332433343444433334433443334343333323333332542332343232233433343333443333334434444556652232223212422211112233232221111112333333333333421111111111111111111112333332332223
34433344445343333445444434444434434533443334444434333454333333322233233333333232242334333333333444553344344433443566663233323333422211112123322232121223432233243333321111111111111111111123332333333323
