67521123322122566743422332223222232322234442223333332333654333333478888888888888888888888888877888887645676667787764344432232222223334333578888888888888888888888888888888888888888888888777777777777764
67421222222211257754323223322333312322257532223433321234653332322488888888888888888888888877654888854556766566688644333333443232233335433368888888888888888888888888888888888888888888888877777777778744
67522222222221147884322223221222212322257423233543223324563222222356888888888888888888888888753788865545556877778753432245443321332445444478888888888888888888888888888888888888888888888877888877777766
67421012222221477885332223222222112322157422233332222223322112223235678888888888888888888888763788875333346777767743333244323331222333235688888888888888887787788888888888888888888888888777887777777777
67422222222221367633322233223322222222257532332332222222342111222123678888888888888888888887764788864323346875433443333333322221222222223688888888888888875455578888888888888888888888888777777777777776
67422322222222257332333332233422221112257522223322222222385211221222347788888888888888888878764788533333336664332233333233332222323222223788778888888888854334347888888888777767888888888777778888787776
57522322232112146442223332332323221233358532222432222332566211122222234567888888888888888877763775443343333344553333333222322222222222224577558888888888643333335788888888777656888888888777888888888777
47534433443124324432323333432225322434347632222432223323233211233221233345677888887888888877764554343442332233456544323333222222222223222343457888888888544334344686788888877646888888888776777888888777
77425544554455444544444444544445544445337532233433223333332211133222343333357888886658887677764455444532222225576533343442223222222233233233357888888888643333344575688888777646888888888554666778767876
67424444444555444444444445444555555555556533444544445555554433454555554554467777775446676457764356443532222235444333342332124322224222222332357888888887653333457564588888777647888888787333434457636854
67424444444444444444444444444444444444554534544445445555555555555555555555565555665556555567764455555655555565555555555555445444446544444444466777777767544333355554377677777636876777664334333345434533
67534433444444444444444444444444444444456533444454444455555545445455555555555555555555555534753455555655555566555555565555555555555655555555555555555556555555555555555555677645665555555555544455444554
67533333333333334444434444444333444444456533444444444444444445444545555555555555555555555533764455555555555555555545554455555555555655555555555555555456555555555555545555677655555555545554455555555555
67423333333333443333333343444333444334357533444444444444444444444444444444444444444444554556764454455455555555555555555555555554445555555555444445555444555555555555544555577644555444444444444445545544
67523344444444444444444444444444444444467533443444444444444444334444444444444444444444444447775444444444454455555555555554555544444445555555455444455455555555555555555555577644555555544444444444444444
67523444444444444444444444444444444444456533444444444433344443444444444444444444444334444446775344444444444444444444444444444444554444444455555555555455454445554454555554577643555444444445444444444444
67523433444334444444444444444444444444456533444444444444444444434444444444444444444444444446775344444444444444444444444444444444444444444444444445545444444444444444444454577643444444444444444444444444
67523333333333333333333334434443344344356533444444444444444334344444444444444444444444444446775344444444444444444444444444444444444444444444444444444444444444444444444453247643444444444444444444444444
67523433333343333333333334333433343443357533444444444444443334444444444444434444444444444446775344444444444444444444444444444444444444444444444444444444444444444444444444237643444444444444444444444444
67523433443443333433333334333433333443467633434444444343333344334444444443334444444444444446776444444444444444444444444444444444444444444444444444444444444444444444444444467644444444444444444444444444
67523334433344334444433344434444333343466423344443344433333443444444444433333333443444444446876344444444444444444444444444444444444444444444444444444444444444444444444444566655444444444444444444444444
67633333333333334443343344443334444334366433444444444433344444444444444443344444444444444446876444444444444444444444444444444444444334444444444444444444444444444444444444577654444444444443444443444444
67633433333343333343333334443333444444457533433444443333344433444444444444343433444444444445776444444444444444444444444444444444444443443333333443433334433344444444444444577654444444444433444444444444
57523433344333333334433333344433444444457543444434334333444444344444444444433433444445444445776444444444444444443444444444444443444444444433444444433434434344444444444443565654344444444434434444444444
27533444443333343433433333343333443433467643443434334433444444444444444444444344444344444445776434444444444444444444444444444444444444444444444444444444444444444444444443566554433333334444334334434334
57533444444443444444434444444444433343457643444444343443444344444444444443444444443334444445775444444444444444444434444444443444444444444444444444444444444444444444444443577653433433333343334333333333
57633444444444444444444444433333444443467643334433343344443444444444444444444444443444444445775344444444444444444434444433444443333333333444443443443444444434444444443343588654433433443333333333333333
57533334434444444443344334343333334334467543444433433333333334444443443444444444444444434345776434434444344444344444444444444444444334344444443444444444443333333333343333587654433333433333334333333333
67633444444443334443444334444344443444357643444444433343333343334443343333443444444444333344876434443333334434434443444444444444444443334444444444444444444444444444554444577643333333333334334444333333
56633444444444444444444444444444444444327643444444444444434444344443444334443444444334434344776533333334434433433333433334444444444434444443444444444445556655555656655554566544443333333333344444434344
57633444445555555545554445555555444444357643444444445444444434454444454444444444444444444444776534434333443434444444444444344444444444444444445555556666666666666666666666666666544434334333344334334444
67633444444555445444444445454455555554457643444444444444544444444444454444444444444444445444776534444444444444444444444444444443444344444445566668777666666666666666556566666666654454444444444334434444
57523333443344443434444444444444445555567643555555555555555555555444444444444444444454444445777535555454554445544444444444444454444444445676777777666666676666666656665566666666666544444444444434334333
26533433434343434444433333334444444444467643555444445544455555555556555444444444444444444444777534444444555555555555555555444444444445677777766677666666676666666666555666666666655665544444433434333333
46532333333343434444434444444434344433357643444333334444444455555555555555555555555444444444677534444444444444444444555455555555544578777777776666666666666666666665455666666666665556654444444334333343
56532343444544344334444544544344444444357643444333343333444344444344444445555555555555555444476534444444444444444444444444444444454576667777776666666665555656666665555666666666665555664443333333333443
56632333433444444343443444444455443444457643444434443333334433433333333433344444444455545543267644444444444444444444444444544455753577777776666666655555555665566654565666666666666555666543333333333333
47632333333343444444444343444443433344457642454444444444445554444444443333334333344444444444477544555444444444444454555555444578843778887776676666656666666666666545665676666666666666677754333333344333
56531222222333334333344444343333333334457643554444444444444454544456444455445444444444333444587644555555555544445455544444335888735777887777776666666666666666666555666777766666666666777764444444444333
33332323332333233333343333333334434334326643445444444444444444454445444455455454444444433443587643444444445555655554433434578777736877777777777666666666666666665555666777766666666667777775444444444444
22322323322233334333333334344444433344347643344344544454444444444444344444445334444544454544577653443443444455555554424446887778647777777777777766666666666666666566667878776666666777777776454455555455
22233323333233333334333333344334444444457643344344444444444444444543343443444344343444444544577654444444444555444454445678876777647777777777777666666666666666676676667778877666666777777666545445544554
33333333443333333444433434333333444443457753344333544444444444434444444443444355343444434445477653444544545555444455677888666677557777777777777666766666666666666777677677777776666777776577644444444444
44444333344434444434433333443334443333457632333333454434444444443334444455454344444444445454477653444444445533335567787777666677567777777777777777766666667667667777666677777777777777775577644444444444
44333333333443344334344333443333333333346542233233444445543344443444444534443343334344345565467653445455543332346678777766666677567777776777877777777676676776677766666678777777777777775258754444444444
44433343445544444433444334444333334433356532121233434434443344333433323534434443354344555456557653456555532235567877766665666677668777777677777776677767776766777666666667777666777777764127765444444544
55544445445435444444444334333434334434346543222223333333333222333334434444344344443444455555326654555554323557777876666665566677668777777777777776666777776666766666766776666666777776654236865444445544
44544434334554444444455443333444334343334433332233333223344333344434434333444333333344455445336654555543235777777766666665666777768877777777777776666677766766655556776666666667777765543125875534333444
33344333434333444444444543443444443334333223333333333333343444444444433444444443333444444444433454444433467787666666666665666777778877777777777766677677766655555556776667666666777654431017875544544444
33333334433333444544444554444444444444444333423233433443333444344444433444443333444433553444313344442234678765666566666566666777777776666777666666666667666555555556766667766666776554321127875454444554
44444434333333344443333444344443454544455333433333333443333333344334434344333344443323666654314533442246776655565555556666666777777676666776666666666666665555554567766667776666766543211238876444444444
44334443433343433333333334444433444543455454344443333443433334333322334343344444444422456776523353342367766555555555556566666667777676656777766676666666555555544567766667777776666543111237886543334433
44443344443344333443443444445545455454455455444433344344444443323344433344443343344443256677654354232256555545555555555555666667776666666767666666666555555555544568766677777766666532112236886553333333
44444333344345444444444444445444554444455445544444444434444443334443343333443334333334335666534434233555555555555544555655666667766667666666666666655555555665545569866677777666776431122236886544333333
45544444333444434444444445444444344444444444444444434333354445333243333333333433333343434555433513435445555555555444555556666667755677767666666665655555555655556678876677776667776421122247876554434433
44444444333443444443444455444444453343443444334443334443344443233223333333344434333333334454433422323125666655544334445555665666755677777766666665555555566666677786776667765667875311222248875544433443
44444444344444445444443455544444454443344444333443334443333433333333443224465444444433443455432453331113666564333334445555665556665777777776765566666566667788787776776666656688764212222358875543333433
34444433443333333344554445555544444444444544434444444444444443444345543344564334454544544654543445441111455553223334555555666556666777777777875666677777878888877776676666667878764112222368875553333334
34444544432334443354444434555554435444335544444433444444444444444444555555555445454444545544446546631112364532123445544555666556667777777777986677777778888788766654377666778777652122222368885654444334
44444444334433333454444333555444323223344334444434444444444444443454554455444555545554545543346657721122543211135544444455666645556777766777897767777788766788766543267667788787641222222368876545435434
44444443444444344544444344444443212334443334444444434444444555544455444444544445545344444433346645521123421111255443444455555553455666665556697777877787666777665432267667778887621222222477876544344434
44444444444444444444444444444443334434433444444444444445444444455555444544545544543333333344436653431123321123555544333445443333234566555445477666875444356666433222248777788887411122223466876654444434
44334434344444343444444443444454433443444444444344455544544444443444443444545444454344333334556554331123442244444433222334333334333555544345434445764332245654322223348777888876311122233555676654443333
44444433444544443444454543444454434443334444443343455554554334444444344445444433434434445434346555544444543244422333333333333343344565545456522223444343223553333444446777998876211122334444565654444334
33444444544444444445544444444454344443444444433344444454444344444444344444343433334444444444446455566644443235533343333433333443443365666667743444444444433434454443444778998886311123334443455554443444
44344433333444544444544444434456554444554545544445544343323344433333443444333333333444344444545455666444344224554443333334333444443346666678854444344433334443444343344688998887421223475442444554333443
44433433333434444454455554444445555444544444534444444433233333333334433444443344344334344444544445555343224323455433334333433442333347666778964443344333343443333333244588998887432233895432233344433333
43433443433343343444444543443444445434433443433333444434444433334444333334434544453344443444434444444343334421344544444344455433343359766678874544434433344433333333334488988888332334996342122234433332
33443334333333333333344444443443334432334443334434444444334434334434444344444444553434333543444443332243445321233444445444444454334349966678886433333433333333433333333379888888433337997443322221333333
33434334334444333443444444443333333444444334444444444433334444333334444444444443344434444443444443331144444322122433444443444443334359987777897433333434443333332322233359988888633338998433333222133443
43333334334434444534334333333333323445444444444443444444444433444334434444444433343444444434333434311233345321113444544454444434323458966666787433333433333333333333333349988889733238999533333433223433
33233233333333334434334333444334434444334443433334443344444444444334534444443434444333333334334643124443345322114534444544344334433458954666666433333333333232333333333348988988843338999543333343433333
33333333334333333333223334444333434334433444444444444344444444444344544454433443444334334344444443234333235212113434434444343334433359988876567532333333333333333333333336999888863328999744533332233333
33333443443443343333322333433333433444443444444443344433344443343344434444433443343344333334443444343333136213123223333444344332322359999888778733323333334333433333333334999887884327988743334333243333
33343444444444554443333333443443344334333344434444444434433444343343454334433334333233344334443344543222134214123323333443343232223569999978888864333433233333334334333343798787765326987642333333343333
33344434443444453433543343444433344444433344444433434443443354333344354343343344333333366333444345553222333303223433333333333234234578899777889996444334333433344443333443698676665325888743333333334343
43333434323444343434653443333334334444333333343433444333343333344343344333333343443333354333454445544223444303324433433223333344335458789977778888432334434433444333433433698566765323888743333333333343
43333333233433443443553443443344344444333443444434443334334334334444444433333444444333544444454344887655521123425523344223333344434458778766677656443334443333443334433344798567765222788633333334334333
44444455433333433333444333444334444443433443443334333333444444433333333333334334444334444454444434555555432321335522223123434344434447668644665445433343333343333333433344488567665222498633333343333233
33444454333334333333333443444443333443443344343434334443444443333444333443444346544445444234343434544444332211334312232112333234423336768633555566433333433344444334333334368888754322278633333333332333
23333444434344333434333434433232232443344444343333344344443444433443333443354345444465454355433432557546543122223212442112323234323334778623345655443334443334453332332332358788753322259633433333333333
23444444433334444433334333433334433343333334433333344334544434433343333433343334334454344443433333465446641222113222522222444345333443788623235655543224333433333232332222238788753432238632333332333333
34433454333334344433443333434333344443333433333443333333544345433434443334443333433444343443333343334224630223224343422344456544233333686433225766752222322433422233322122128888653422226622332222323344
33333343334344333333443334434343333333333333333433333233332233333333345333343343454444333254433554423123321223223332521243334444445433675422124666752122321222311223212132127887642212225522211112233334
34333343333233332334322334533543333434333333333333322233332333342254346333334343344333322244323663433324333333443332432244323345334332654423123566663221222222211123211121148877642212224411111111122221
33333333333322333335423233333333333333334334333223334323333433332243334333343453334433323333332563444324422443563343333355223233244333655633233476685211231232135134311121128877632112225311112111122222
32222223323332233334433233233333323322344333233332333333443333443332234433343554333333333333333463434333533334433333332353323233333223766764222366787311243631223124312332258777634212246322012131111122
32333223333333333433422332323333333332433333323333333543333343243543334334333333323433433233333432343333333233433333332132224333323234676654233266677511243631333224323334358777535412256343122122111111
32233333333333332333532333323333333433443332223434344533333443244343443234332333333323323343324323243232233234344333323233223333333234455554333156556423244543334244334344367777553122365323322122111111
33343333333333333333333332333323344323333323233333344434333432444433333234332333333233323243423333332233333334355333232233333333233334446546643255545322345565456454333444467877543232365322321111111111
33433333334433333333333343434323344333333333333333433344334333543433333232232222322322234432323332332233224234344333332343355443245334234434644455764322553455443344444464567886433332466421212222310111
33333443334333333334334433334333334334433333333333433333433334332333333322333333332423223223323333333433233444333233333343444444345342233233344544542433353334433344543454467877432223666311115454211112
43333344333334333443343333333333344333333343343443333333433233234333333333333324333333233323433233432333332444332333322333322323233344233333344434344433464333334354434543567876444224676312112253111223
44334333333334333433333333333333333333333443333443333233432332333333343333344333333333344332334224332323332333333233322223223213232364232233433333464344343443233344444554456765333322665312014332221223
32233333334334222233323433443334334333323332343344335443443323333443333333233443332322333333233233233223343333323333232233223213333564223434433333343335432343233454333334456665243234544233124432221344
22333323433333332233433434453333344333333333443334334433345333334334433334344333333333322233333333123124333323435323332333334433222454332233433332233223343332233454333356555543132255544323144354233643
23333334433334443343333434433434333433333334333334334322354433333233344434334333333222332123333233232233333333423322434423333434434334233333322342333233443443233453334455565442233233435533333465334432
33333443433232333433333333323334433333333333334433343233333333433334355434434333343333333233333223433333332334532322334433344323333333223333343332244223334532333463327744564441344355434433333345534322
32232333232233222333333322333334433333323232433433433343333434433333345433434433344323323344343333333332332443332333543334345323344332333433264345534333335532244334456534453333453445433433333333223343
32323333333322223443344433344334443344335333444334454444233434334433334333443444343332433343343333233333333332223334733334333333333333333333443443536533334443433343344343233344343334443333333333323463
23223333433443334543343334335444333344235443344334344444344443434334334444443344333333333343433333233333333332233334544333333433333434444543433543335533344543433344243442322355454433334443333444423332
32333334443443443443333334334444333334443334443334434444333334433334334343333443333234434433433332232343333334434333333222332222332344333343334333333333334442422343233432222233653444344532433753433345
34543343333344444433333323334434433444443333354444444443333334332234333333334333333434444323332333322233334334432334344222233232333343333333334443333333233342342232333322332213533554433533233432333247
43322332433334444333333223233333443443344433444433434443333443342233344323333232234433344433333333333333344434443343344333433222322443234333333333333333333323343333322344442224333433332232233223434555
43333333433335334343333344333433344333444434444433334443343333433333434434432244334433434443323443334443333333333343233333333222222442233344333333323323323323222344443334353333453333233244233333445544
33334443433333343433343344434344444434443344445433434333332235444334434443343445434434444443433443334443433433343344343333332243333332232344332343323322322322323344423323344432443345334233433233564434
33343434444433443333344234443454445445533444344434444333332345554444444553344433434334544334444444334444433444333333333433333333232333333333333342223533332222332232223322222323333237533234322334333544
43343333454444333344445444444444454344433333444334334334433444444443344544444433433234433334443443433334434344333334333332333333323333433333333443334553332221232232332323322235534234643333322333323444
33344443433333333334444333434433453344343333334433434544434444543333444444433444434344333444344433334433333333233333333433333233444433333333423333233232322223233332333332323323233323432322333244333323
34434433433333233333443334434343343333344333332333344443333543433434443433332345444343444443334333344335433444333333334434323224444333334334333333344323223323333233233232233443332223321323234333332321
33333433333343233333433443333333442333443443333344344443344443333433333333333333443234334333334444333445434453332333334334433334443245335544333333343333333323232223333123233333322433333323234343332232
43343333433343323333333333333433433443333433444433443433333333443233443433343333444434333333333433444443333334333333343323543434333333346533334334344333333323322333234333333334333443333223233443322222
