76312222222122467644333222223333212322366422233423322335633333323688888888888888888888888877656888765546666566787543344332332222333244223588888888888888888888888888888888888888888888888777777777778743
76322222222211267853222233322322213322276322234533223335653232222577888888888888888888888887645888745557656677787533332344532322323355333578888888888888888888888888888888888888888888888777887777777645
76321122222222577874422223212222123321276322334332222223432222223347788888888888888888888878754888865444357878778643432254333312333444344678888888888888888888888888888888888888888888888777888877777766
76321222222112677553322233223222222222276422333332222223321112232135788888888888888888888878754888854333357766556543333344223321222322235788888888888888875677888888888888888888888888888777887777777776
76322322222222376332333332224222221123376323223332223222562112222223578888888888888888888878654887643333357864332333333333322222222222224888888888888888854444578888888888888888888888888777777877777777
76323222222122375332233332323222221223376323223422222233674111222222255777888888888888888878754886433333344554332233333233332222222222225788678888888888643333357888888887777658888888888777778888787776
67334333332123244422233333422234222434377522223522223323443212232222243456887888888888888877754754443433332334544344332223222222222223334565568888888887443333345887888888776557888888888777888888887777
76335445544455444544434444533345434444157522233422223333232112242111332234578888877778887877753543343522322234566543334432222222222233222333557888888887544344444775888888777537888888888766778888888776
76334444455555444444544555445555555555466423344533345444443222343434444443468888875447785567763465443522222244565423332321123222222232333333467888888887643333445664788887777548888888887444656788667766
76334444444444444444444444444454554455545435555455555555555555555555555555566666665556565568764565545533333354444433444432234322235322323433467888888887543333567563788887777558888887775334334467437644
76334444444444444444444444444444444444566434444454444555555555555555555555555555555555555557753555556555556665555555656555555555557555555544566666666666444343455553576677777447766776654334433344334433
76433333443434344444444444444344444444566434445444454555555455444555555555555555555555555415754555555555555555555555555455555555556655555555565555555565555555556555555555777545555555555555555555555555
76333333333333433333333344443333444444466424444444444444444444444444444444444444555445555546754454555555555555555555555555555555455555555555555555554455555555555555545555677545555544445544445555555555
76333444443444444444444444444334444334476433444444444444444443344444444444444444444444444457753444444455555555555555555555555554444555555554444444554444555555555555545555677545554444445444444444445544
76334444444444444444444444444444444444466533444444444333344444444444444444444444444344444457764444444444444444444445555544555544454454555555555455554455554555555555555555677534555555544444444444444444
76334344444444444444444444444444444444466434444444444444444444444444444444444444444344444457764444444444444444444444444444444445544444444444555555554444444445554554555555787534554444444445444444444444
76334333333333343343343344444443444343476434444444444444444443344444444444443444444444444457764444444444444444444444444444444444444444444444444444445444444444444444454444577634444444444444444444444444
76324333333334334333333343334433433443466534444444444444443333444444444444444444444444444457764344444444444444444444444444444444444444444444444444444444444444444444444542167534444444444444444444444444
76334334434443334333333333334433443443476534444444444443333343444444444443344444444444444457775344444444444444444444444444444444444444444444444444444444444444444444444444266534444444444444444444444444
76324344433444334444433444334443333444476323344433444333334443334443444433333334444444444447875344444444444444444444444444444444444444444444444444444444444444444444444444576544444444444444444444444444
76424334333343344443433444444344433434475323444434444333344444444444444433334434444444444447865344444445444444444444444444444444444444444444444444444444444444444444444444676555444444444444444444444444
77434333333333333433333334433334444444476434334444443433444434444444444443444444444444444446775344444444444444444444444434444344443344444444344444444444444444444444444444677544444444444434444443444443
77324433343433333444333343444434444444476534434444344334444443444444444443334434444444444446775354444444444443444444444444444444444444444333434443334334333334444434444444677544444444444433444444444444
66334444443333434334433333343334444334476534434334334434444443444444444444444434444445444446875344444444444444344444444444444433444444444444444444444444444444444444444444655543344344344434344344444444
66434444444433444434434444344434443433476533444444344433444344444444444444444444444344444447775344344444444444444434444444444444444444444444444444444444444444444444444443666544334343344443344344334344
77424444444444444444444444343434443343477533344333443444444444444444444444444444443434444446864344444444444444444344444434444444443444444444444444444444444444444444444444777544334433443333343333333334
76423344444444444444444444333333343344576533444333333343433444444444444444444444444544444446765344444444444444444444444434444444443333333444444444444434444334444333433334787644434433433333333333333333
77424444434443344433444333444443443443576533444444433433333343344433433334444434444444333446865344434443334343344444444444444444444444444444444444444444433333433334433333787644433333333333334333333333
66424444444444444444444444443344444444267533444444433444344443344433433344434444444334434436875343433334344344433434444444444444444433334444444444444444444444444455444444777433333333333333344444333333
66424444444444444444444445554444444444366534444444444444444434444444444444434444443444444346775333334343334333344444444334444444444444444444444444455555565556666665555554666644434333333333344444344444
76434444455555555455544555555555555444477534444444454444444444444455544544444454444444444446776444444444444444444444444444444444444344444445555665667766766666666666666666666654444344443333444334344444
76324334444444444444444444444444555555577535554555555555545555444444444444444444544544445446876445444444444445444444444444444443444444445556667877776666666666666655656666666665445444444444444334344444
56434334344433443444333334444444444555576535655555555544555555555555544444444444444444444445876445455555555555554554444444444444444456677777777766666667666666665666656666666666654444444444434343343334
66423333333444344444334444344443444434477533444344444444555555554555555555555544444444444445876444444444444455555555555555555554445778777766667766666667666666666655566666666665566554444444443343333333
76423343434443344344444444444333444433467533443343333444444444444444555555666555555555554455776444444444455555445445555555555555557776677777766666666666666666666555566666666666655665444444443333334433
76423333434444443434434545444455444444467534444443433334444334333333434444444444554555532333476444444445555554444544444444345786346677777777666666666655566666666555566666666666555566543333333333334433
66423334333344444444443334444544433444476533444444444444345543333434433333333343444445423653576544555555554444444544344445579886357778777766666666655555566556665456566666666666665566654443333333333333
66321222233433344333444444443433333344476534544444444444455554444455444444344333444444333564576545555555433333455555455578888886368888777767666666566666666666664566567676666666666667775444344343444333
44322323223333233333443333333344333344257534444444454444444544544455444554554544443454334456376534555544322334466677778888777775378788777777666666666666666666655566677776666666666677777444444454443433
23323323222333343333333333444444433343357533444455444544444443444344444454454444543576445547457534344433355666677788778887777884477777777777766666666666666666555666678876666666666777777545544554444444
22233233332333333333333333444344444444477533343444544444444445444433343434444334443467765645635543224445677777787787777776667774677777777777776666666666666666656666788887666666677777777645544555555555
32333333443333333444334333333333444444477643443334434444444444344544444433443453444467887642633543235678888777777776666766667774677777777777776666666666666666667666777887766666677777767654555445445544
44443334443344344444333334434344443434467523343334544344444444333344444454443454444647788643442431356887776666666666666666667764777777777777776667666666666666677767667777777766677777667764444444444444
44333333334433443344343333433333443334466432332334444445443444434444444444443444344665666545443331367766666566666566666666667765777777677777777777666666666766776666667777777777777777558764544444444444
43333333345434444434443344444333344333465431222334434344443444434434335434434433344356642245453221255656555556656666666666667765777777777777777777667667677767766666667777777777777776427864544444445444
55444455455344444444444344333334344343466432222223344334333233333334334443344443444455653247663111145556655556566666666666667776887777767778777767777677676677666666666777766677777766416855544444445444
45444344344545444444554443333443344443354433332342333233343323444344444344443344434444565667753111155666655666556666666666677776887777777777777666677777666676656676667666666677777655327854444444444444
33444333344434444445445443433444333333333233333333332333444444454444333344444343433444456777742111256666666656665566666677777776888777777777777766677776666665555677666666666777776544248644554444344444
33344444443334445444445544544444444444443333333333434443434444444444334444444333434444436754634312565566655555555566666677777777877767677777777667777776666555545677666766666677765432277534555445444444
44433344333333344444434443444433454544454334332333334433333343443344344443433434434344436654455324665665654455445555666676777777777666677776666666666776665555445676666766666677654323686544445544444544
44444334334433334332333344344434444434453443444443333434333343443223344443434444444344456655454226443555543444455656666776776776767665677766666666666666654555445676667777666666665667764444433433344444
44333344333433334434434444445444454544554554444433443434434443333333333443444444454444456655544334542223334544455556667767766777766665677777666666666665555554445776666777776667777754454333333433334333
44443333443454434444444444455444553344554455443434544344444443344444433344433333343433366566655654543122333334445555667666666776667766666677666666665555555554446886667777776676554444454434333333333333
54444443333444444444444445444444444444444445444445444333444444333433443433434334334444465456666655553123233344445555566666666775567777766666666666665555555544456896667777766654435445434434433344333333
44444444334434344433444454444343544444434444345443344343444443332242232433334333333433465455666444553223445555455555556666666675467777876666666566555555555555667787667777666533244254223444444445334334
44444443444444454444434555444444544333444453334433334433334332323234433333554444434333564455454454554222345544455545555666666665477777776666666655555555555666767767666776555223342332223433443334333434
44444434443333333345544455555444544444444544344444445444444434443344432345653444444434564434442544344222234543433343444566665665677777777776555666655556667877778668666665553244532222224334333333333334
44444444323334433444444345555544444454455544444344444444444444444444544455654354544445564445532444344322224433332233344456655665677766766787556666766677788877777657666666543345421122223355433443333333
44444444334344333554443334545543343333354344444334444444444444444444555655545545444545464452213544554222323333333233344434555555677766666688667777777787877776665435766677443465312222234443334445443344
44444434444443345544443344544442122234443334444444444444445544444554554444444456454455454520234444554212333443444433344343234444566665556678776777777766678776654324866777443665212222234333333344344344
55444444444444444444444444444433234344333444444444444454544555554554444545555446443343454424644344553222233333444333344334433222455555445557677787777755567765433223876777543763112222233333333444444445
43344344444443333444444444444544334434444444443344445454444444444444444445445444443343344345544334642222233333344333334333333322245554444443556687534434666543222223877777643652112222234433333544444344
44444334445444434444554434444544434433344444443343555545554334444444344544445444444444355344344335531311233344433333333343333333246555544531234576332223455432234434776788744641111223344433444444443334
34444445444445444454444444544543344433444444333444444554443444444443444544444334334444454554344325521221232233333333333333333433336566655532333444334333344433444444587789855541112233334434434444443344
43444444333444444455444444444555544544545455433445544443333444444444444443333333334443445554333236511313323333333433334333334444436666665544434444445434334334544443467889854643112233434334433444334443
44434333324444454544554544444455554445545445445555443332223333333344434443333344344443355553332345302424323434444333333333333444336666666643334443344333334433443333447889954743222237644444344433333433
44434434433443434544445434433455564444334434333334444433333333334344334444344444443443457653333444203424334443443444444334444422435766666543444443344333434333334332446899974863222259744333333344423333
34433444333333433333444444434444344332334443334333444444444333334444444344444444533343369986435545203424455444455444453444455433445766666545544434334333343334433433335899885762222279853343333343333323
34433343334444334534444444444333444434443334344444444343334343333344443444444434444344456677554322104334444445445444444544344543344876666544334333333344433333433332334898887683222399853434333443333334
33333343334444444433343343343333333455444444444444444433444433444344444444444433334344554555555433214433333444434434544433444433333876666533334433334334433333333333333798888885322499853333334433434434
33332333333333334343343333343344334444344444433334433444444344443334334443434434444433476754443334214544444544444444545544444344334666566533343333333333333333333333233699888896332599743333333343334434
23343333333333333333333344444334444344334444444354444344444444443345434544433444443233367877654221113444444444444434444443443344434876656533322333333333333332333333333599888888332498533433333333333333
33343433434433433333223334433334334444334454444433444443444444433444444444333443433343356665875111234344333444444334334444433343324776555323322223333333333333333333333379998888632498444445333322333333
33434444443445544434333334534433343434433444344434344344344444433344444344434333332333335344773011233343453343343333324333443322223787776322222233333333343334333334333359998878843388443333333333433333
33454344443444534334433434444333444344333444445434344443433553343443553343433343343323364122552011333433453333333333333333332233234788887432223343344342333333344343333448987877653278643333333333343333
33344343334443443335533444333333344444333343433434444333433433343443443333333444443333354210230113344433433443334334333333333343335778888743444444333344444433444333333436986766652268743333333333434433
33333332234344434434534434433443444443333333444344443333343333343444344333334444433333453321233344434333343332344334432233333444345677788853344333333345444434443334333446975666652249754333333333333333
44434554333334334434543334443333444434334434434344333344444444434444433333344444443334544444444433443334433333366344532233433444335676665543343433343344433434433334333446985677652228853333333343343333
44444544334333333333343334444443334444433444433443334433444433333433333433443455444454343443433344332323534443344233321223432344334576543444334433333433333433333344333444885676542224973333333333332333
33334444343343333343334444333332334434444443433333344344433444434443334433553465444554444344333333223324632332233135421113323234233476445654334333333334333344443333334334688887542222785334344333333333
33443444333344444343334334333333433443343344333333443345444444334433333433443444344654544554432323222234342221132123412113422354233356546555333333432344433344432323323322587887533222595333333333343332
34334543333344444334433334333333443443334334333433333335444444334344334334432334334543444433323332233234331222142335422233654343334446756567633333332233324334233333321222387887634222375323433323333332
33333433343343334334433334343333443333333433334433333434332344334433443343433434434443433433324444333444221222244334323443355433433235655666752232121222213334222234221121178886534222265222222123232443
43234444333333323334323335335433334444333333334333221333323333433443354333344433443333333543235644333443222333333224321333334454354326545556785333112122212223111123111321278776422222244211111112232332
33333343333223333354233334333333334333343333333233333233334333322443354334333433333333333443225643343243324336534434321453233443333335544567788642222212322431121123111110378776421122233111111111221212
32232233333222333345333233333333323223443333332223333234433334333322333333444543333332233233334744343345333444533443323553232323443236555776766542223112323421352133111221378776321122243111121111112222
23332233333332334433333333233333233323433333333333334433333433434433343334334333333334343323334433333234333334333333322433232333233236666666643341123122437523332243223233578776343122353230131221111114
22333333333333333335323333233333334334443333233334435433333442344444432343333333333233233333244222432332332334333332332232244323333235665455434452023133435424322243333342487776454222453431121222111112
33433333333333333333333323333332344333433222334433455334334433444334432343323433333233232334233333322333323233553332232333333333332344455455444354133243454544463453343343577776431222553233221221111111
34433333344333333333333433343233443233333333333334443343344325434433332333323233332323333423233333321333332233454332322333454332343343366456544456422335545654555543433544677775343323653213111111111111
33334433333343333343334433443233343344333333333334333333333334323333332222333323324232333322233322333232333333333333333434564543463332333334444446523233533344333344444654677875333224663212133231101112
33333343344343334443433333333333343333333333433333333324432332333333333223333333333232233234233333333333324553333343333334333333333432333333445443334433543344333445344543678875332235663111154551111122
43333333333344334433333333333333333333333433334433332333323323333233333333433343343332333233342234323233323343323333223332222232323452333334443343443333544333343544455434677764442135763121121431111222
33333333333343222333334334433343343333234423333443343334433323333333433332343433333332434232332243333233323333233332232232232132334742223334333333553454333532333444334544557752443215653221154333211232
22333333333333222344334344533333443333333334433343344433443333344434323333343333333333322342322331231243333234343333322333233233325643223333333333332244433432334543333444556653332455542232333422214444
33333344333344433333334344444433433333333343333343344223554333332334334343353333332233321233333332232333333334343224323333345332234453322334333423432233444332333534334565655531322445454221443552336432
33334434433333334333333343234344334333333333344333433333433334333343544333343333332333332233332233333333323345323223344333333244343332233333223322332234334433333633355455654422343344355333334554334222
32323323322332223333333223333344333333232334334334433433333434433333454344344433443333233443332234333333324434322333444333463233343333233332543333342223355323333533367445644423433554334444333344243222
23322332333322233333433333443344433444342324333345544442334344344333343333444333443223333444433332333333323322223336333343443233433323333332543456354333455432443344564443433333533444334332333332233532
33233333334332235444433343344444343442354334443343544443434433344333344334433444433334433433433332333343333322233346443343333333333334333435334433366333445434333432443433332442433333333333333333233532
23333344434434444433333344345443233343444333443344444443333444343344344444333433332333343334333332323433333333343344433323333333323444435433344433344333345434323442434422223555634343344423333344233334
35433443333444444333333233344344334444433334444444444433332344323343333333343433333344343334333332322333343344333343332223332223333333333333343333333333333423322433434322222225435444445433335633333456
34333324333433443333332222333234434433434433545434344433334433422443333333342323344333443333333333223333344344433343443233332323323433333333334443333332333323532323233333322135335444333332324423342365
33223334333354343433333333333333433333444344443333444433433323333333344334332333344333344433233433333433433334333432333334333222224432343333333333333233333233332434233443422243333232322332232334345556
33334334333333434433433443343344433344443444354333333333333344433334344343323454344444344434234433444433333333233442333333322333234422333443323333233233234222123444433343543324533433333343332335545445
33344334444434433333442344444544554455334444444444443333322355444344445533444444343344443334344444344444334334433333333333322333323322323442333432233223223223233333244233445323333364342334333345544344
34434334544443333443455444544544443344333344443343343344333444444443445533444334332345433344444444344445344443333233334333333332233334333333333433236533322223322322323222122244332366332343223233335444
33434433443433333344434334344334533443333333343333344345344444443333444444434434333343233343334433333333344333333343333323332333334333333334334433333433322222323323333233233344333346433333332334333343
44344334333332333334433344443433433333443333333334444434345434433334434433324544443444444443444333344343333343333333344333232344444333233334333322332223222332333333333322234332333233323222433443333223
33334333333432333434434443333433423334434433333433444434344433234333433332323444442334444434343433333455334433323333344343233344432343344443333333442232233233322232331222333443223233223232343333323313
33433333433433233334334333333334433433334434343434444333343433333333333333432334433343333333344433334444443433333333343335333344432453355443333343433333333333222233332232333333325333333232333433322321
33333333334433444333443334434333333343334334533333334333333334433333444333333333444444433323333334444333233343333333443234444443234223555333343343443333233134324432343433333333544433232232224333322222
