44444555555555444444333333332333333333333333444333334434579876679999999999999999999999998864643344444444455444443333344334432333333333333333333223222222233333334333344434432344322222222111111111222222
44443444445555544444433333332233333233333444444333334446898799999999999999999999999999999875533334434444444444444333344333332333333333333333332222222222233333334433444444424544322332221111111111111122
44444443444445555544333333443333333233333344444433345789986899999999999999999999988999999875443334333444444444444343333333332333333333323333322222222222233333334444444444435543333333321122111111111111
44555665445555555555433333344443333333333333444433578999978999999999998889999997864678898886333454333334444444443344333333322333333222222333222222222222233333344444444444455543344434432222111111111111
44555555555555555555333332333333333333433333444434899999879999999879987799999975632455676976335753333344444444443334333233322233332222222332222222222222333333444344444444455544554444433322111111111111
55555555555555455654322332232233322333332234444468999999679999998668888999999965422344445865444433333444444444443334433233322233332222222322222222222223333333344344444444455545554454433332222121111011
66655444455444344554222233222222222333322233446899999998579988987657888999999999832223334775543333333444444444443334433333222333332222222222222222222233333333334444443444445555554554444443322322211111
55554444455444445554222332222111223333323334689999999997469989987778999999999999832222233675443333333444444444443334433333322333322222222222222222222233333434444334444344445555555554444443334333321111
55555555544444434443222222211111222223223358999999989996469999999999999999999999942323223465443333334444444444444344433333322333222222222222222222222333333444344334434344444454455555555544454444321111
44555554433333444333332112222112211123357999999999978896468999999999999999999999963243222345443333333344444444444344433333332322222112344222222222223333334344333334333344444444555555555555554544311222
44565444322223333343322112233322111112699999999999777787458999999999999999988998864333321235443333333344444444444444443333333322221367899732222222233344444443333333333344444444555555555555555544311321
44555443332333333344322222223331111116999999999999757788447999999999999999888988765432221113443332333334444444444444443333333332224864688853223222334444444333333333344444444444445545555555555554222322
55544433444444454454322222234431111039999999999999855778646899999999999999888877666552321111233332333444444444444444444433333322258854456644433233334334444333334433443344444444445445555555555553234334
55444444443322334444322222123332111279999999999999864676645689999998888788888876666555422222222333343444444444444444344433333222586533334555743333334334444333333433333444444444445545444555555554344454
54444433333333223455422221112222113799999999999999865566654588999888877687666665545555445554444444443344433333444444334433332224763333333479973344344334444433343433433444444444445544444555555544455553
54444332224443345565422212222222226999999998778999975445654579877776666675545554444444455555555444444444433333344444334433332237533444333458973333333334444433343333344433444444455434444555555544555543
45444432223333333455433222222322335579999776566778875445564568766655565664444664444433444445544444444444444443444444333333332255333444433335883333333344334443343333344333444444444344445555555445555444
44455432222333443455544322222233343347997665566777766444564456655543444554444555554443434444444444444444444444444444333333332363233344433334783333333444444443343333334434443444443344444555555455555444
44444432223443345555542222222234462126975555566777766444455445654433444444444445545443443444433444444444444444444433333333332453333344433334653334433444444434434443333444434444444444445555444555555544
44444422222343345554432233322235672118954455666777776444446344554333334444555445544443344444422344444444444444444433333333333443333333333344433333334444444434434443443444444444333444455555444555455555
43333432222344334444333356543235553129744556656777776444445333443333334445666654544433333334333333344444444444444333333333333443332233333444333333333444444444444444444443444433333444444554444555555555
44333332344444334443335543444334453149544456666767676544444333443333334557766764443333333333333333333344444444343333333333333344332223333564333333333444444444444444444444444433333444444444444555555544
43333334555556533455555543555334565288444455667666666543444333333333334557655544333333333333334432233334444333333333332223433254333333344663333333333444444444444444444444444333334444444444444555555544
55433456566656655565554436776554576695344445555566666643334433333333334666554333333333333333344443333333443333333333332234433334444333335433333333333344444444444444444444444333334444443344444444455545
55555554456644555555554456775555688974444445555566666653334433333333333665433333333333333333344443344333333333333322222344333333454333333333333333333444444444443444344444334333334444333344444444455445
45555544444433443444444455543333579953444445445556666664344643333333323543332333233333333333333334444333333333333222233443333332245333323333333333333444444444443443344444333333334443333444444444544444
55544444444444433455434444544346789743333443345556666665347863333333222433222332233333333333333333444333333333333222344443333332222223223333334333333444443344443444444443333333334444333444444444444444
55544444443223456555544566555678888534333344455556666666469953222222322332222222233333333333333333333333333333333324433433333222222222222333333333333444443343344333344444433333334444333344444444444445
66555554455544554444456776555567785344333344455555666666669853322222233222222222233333333333333333333333333333333234333333333332222222222333333333333434443344344444444444433333334444433444444444444445
56665556665555554444566667654456862354344444555555666666678854332222333222222222333333333333333333333333333333333344333333333333322222222333333333344434444344444444444333433333433344434444444444444444
45555555665556554444445688732456663354444455555555665556687754322232332222222222333333333333333333333333333554334443333343333322332222222233334333344434444444444444444333333333333444434444444444444444
44455566555555555444435898633445676333444445555555555555687654323432232222222222333333333333333333333333356432234444333333333332232222222222333333344444443444444434443333333333434444444444444444444445
44456776555566655555545787644556677433444444455555555555687544323334222222222222233333333333333333333333453223323334333333333332222222222222233333333444443444434333433333333334434444444444444444444455
43456566655556656787655566533356677434444444455555555555576444332224344222222222223333333333333333333333432333332233333333333332222222222222333333333344433434444333343333333334334434444444444444444455
44445666666666666767766766532344478433444444455555555555555445433332335422222222222222322232233333333323432233333223333333333332222222222222333333333344434444444333343333333444344433444444444444444444
45545555555555665555566666544444469543444444444455555555555445433333333533344434433333333333333344444445542223333322333333333322222222222222333333333344444444344333333333333344444433444444443444444444
55654344566555556666666666655455558744444443444444445555555444332222343433785444454444444444444444444445532223333332333333333332222222222222223333333444334444343333333333333344444333444444343344444444
45654344554445556776556665554444447865543333444433334555555443322222234434554333444444444455544444444455532222233333233333343333222222222222233333333434333443343333333333344444444333444444333444444445
66776555444445555677655555555544446876643333333333334455555444323332223445434555554555555567654454444445542222233333333333343333322222222222233333333334333444443333333333444443443334444443334454444444
66655555555555555567766766799975566886533344444444444444555444333333222455543455665666555576543444444445542222222333334333333333322222222222222233333334333443333333333333444433433344444443334443444444
56655555555555555665555556688977876666555666555666555544445544333333222355543455566555444675443444444446632122222233333333333333333222222222222223333333333333333333333334433434433344444443344433444444
56776665566544555554444445555666787666555555567776666544445544345322222354333344445544444664444444443345434234332223333333333333333222222222222223333333333333333333333333333334444434444443344434444444
66887666665444456666444445554555556665445544456665577656545554334322222464333334444444334664343333333333223465322234433333343333333222222222222222333333333333333333333333333333444444444443444434444444
77777767765433467666544445444555555554444444345556666676654455433333333353222222233332333665332222222222221573334443333333344433333222222222222222333333333333333333333333333333444444444334444444444444
77656777766545777666555555544455555555455433345555566566565455543333333331112222222222223565322222222222222552333223333332344433332222222222222222333333333333333333333333333333444444444333443344444444
66655666677666766556776655555655555554565322333444456556786445554443333232112222222222222455322222222222222441123223333333344433332222222222222222233333333333333333333333333333444444444433433344444444
45555566788776665566655455556776444555554332223444456778974445665543333232111122222222222345322222222222224442233233333323444433332211222222222222233333333333333333333333333333334444444433434444444444
44555567666555556777655554445786434566543332223345556899962345565553333332112122222222222234322222222222236432243333333323444433333211222222222222233333333333333333333333333333444444444444434444444444
44566666665544456777555554433566545555544332223334568999962445555654333332222222222222222224422222222222225332333333333323444443333222122222222222233333333333333333333333333334444444444444444444444444
45578889986654445666555544434455445554444333223223587899733445556665433332212222222222222223432222222222224443333333333323444443333332111222222222233333333333333333333333333334444444444443444444444444
66678888887665444555555443334443357654554333222223883884223345566665433433212222222222222222333222222222223343332333322233444433333333221122222222223333333333333333333333333334444444444443344444444444
77666778886445544554444433333565445444544333222235863532222245566665433443211222222222222222222222222222222233322333322234444433333332332122222222223333333333333333333333333333444444444333344433444444
55444677665434566654444333334566655444433333323585333222222234555665543343321222222222222222222222222222222233332333322234544444333333333222222222222333333333333333333333333333444444444333344433444444
44334676554444555555443343333334555556543334434883222222221123335555543444321222222222222222222222222222222333333333333334555444444333333322222222222333333333333333333333333333344344443333444444444444
44444444555456665544443333334555566545553334555763222222111223445555554444332222222222222222222222222222222433333433333334554555444333333322222222222333333333333333333333333333344344443334444444444444
44344444454444333223344332356653466534554344566632111111111233444554554334432222222222222222222222222222222433333433333334544454554433333322223222222222333333333333333333333333344344444333444444444444
33444444455543323222345434455422566544554333566521111111122233334534665444433212222222222222233222222222222443334433322223445444554333333322333332232222333333333333333333333333343334444333443344444434
55444444444543333322234434433445665444455433556742111122222333334435666544443211222222222222233332223323533443334433322223455545443334333332333332232223333333333333333333333333333333444444444344444434
54333334445554322222222333224577765555444433456665322223333333333455566544444321122222222322333333333336555432234433222223445444432233333333233332332222333333333333333333333333333333444444344444444444
43333344444444322234332344444576533444445422345665543333333333344554345544444332122222233333333333333344334543444433222223445444322244433333233333332222223333333333333333333333333333434444444444444444
33433455433345433334543333344565423334455532344666455333333343345555445544434433222333333333333333333443344443334443322234334444322454433333233333333222223333333333333333333333333333334444444444444444
44443444454455543335663344445665554344455552345665554333333333445555555554433333223333334444433333222233333333333433322234334443224555444433333333333322223333333333333333333333333333334334444334444444
33333333456555444444675455556655676544335554444565554444323333433455556776543333223334444444333322111134433222333333333344324443235555655443333333333332223333333333333333333333343333333334443344444444
44433333323344554443345457754333455533443455444466554444444543333344556665554333333334443332222222222224533333323333333334324554356655432223333333333332222333333333333333333333333333333334443444444444
34544445433333344433333334443333345543443378754566655444445776433455444544455543332333443344433333333423433333333333333335544556786433321233333333333333322333333333333333333333333333344334444444444444
23455544443333334433444432345555446766555478853455665544444468865455444334455665543334554455443333345335433333333333333337764567764322332344333333333333322233333333333333333333333333443334444444444444
55544444443334444432334443433445555665444556654444555555533334566444555445555766544333444333333333334344444333334333333445655554322112222344443333333333333233333333333333333333333334333344444444444444
45545444454333344433433333332332334567654445655554444455444454444566776544455676433332234333333333334444444444334333333344655443322123332443354323333333333233333333333333333333333334333444444444444444
34334444455443334543333333333333235666765555556665444455444444455666665334565566543333223433344433333444323444334333333344555543222223333343433333333333333233333333333333333333333334443344444444444444
44443344555543344443333433333334456666776555554555554345554334566666554445555566643333333433333432333344433444334333333334555543221223334443443455333333332222333333333333333333333344443444444444444444
44543333344433334443332233333344445665566666775544554344454445665555444445555666532233222332222222233234433443344333333334455554321124555543455444333333333222333333333333333333333344443443344444444444
54433443334544445554333222234444445555555556887655554444455455665555445665555666544333333222222244443333444443234333322333455555432112456643444443333333322222333333333333333333333344433443344444444444
76543344446677655566555543334444444444456667877665544444544345555555544455566567666543676332222245554434433443323333322233455555432222346763444433443333322222233333333333333333333333433344444444444444
44444444444333333555357753455543333334455677776555554445554556665677545555555677656644688432221235655433333444322333322233354566543223344443355555544333322222233333333333333333333333333333344444444433
44345665323334333344335665554333223344567776666655554455455556777765544555566666665543465333321235665433554443222333322222345457654455545432234544566533333333333333333333333333333333334444344444444433
55444456543222334467765556676424543455566765556655554454446556788754456555554445444435664344322334676344677554322333222222245557863344455532224433566543333333333333333333333333333333333434444444444344
45556556666655555578877556767766666667766655456665444443445555688733455544444444443333566433332223554245677653323333222222234556875245555453335667656655433333333333333333333333333333333344444444433334
56667665555667776666655667665677765566555554456775434444444566678743345443334445543334444322332123444334667665445333222222234566554333555344436764343445643333333333333333333333333333333444444444433333
34555455556666677887665666566577754445555544445665433467644678667754333323333344543333444333332122344334566677544433222222234455543333444324456655653333444333333333333333333333333333333334444444343333
45554334444455666655555666665556764344443333445655443445767764456643333322345445544445555542344212333345666666534333222223234544444333444225876668995333334333333333333333333333333333333334444444433334
55533443333445566555554455555544565434433333335665444556787765566543332222222443443333334554455421332234455555434333222223235554444333444334687777885443224433333333333333333333333333333334444333333334
44322344335554455566555555454456665443334554333466554434555555676433222321111223444333334455543332333222345443344332122222335555554233344445568899864333223443333333333333333333333333333334433333333444
44333344567765555566556666555555554444444555334566665434565455456543322221112224554434432333321123444322345433334432222223333456776545544444447877974334322344333333333333333333333333333334333333333334
55444455556654555566677778875445543333234467644887566656676654444443344322111123443323432234432334576422355677644332222233333445665444434544456678987565433334433333333333333333333333333333333333333443
55555444555544455556787776443444344332223346765665444456776444345554456422222123333333333334443334578732356668864332222333345434554443235543466435666543223333443333333333433333333333333333333333333444
55565566665566655556788985334443333332234443345576544434554445444433344422222223333333344434455443447874345555654322222333356654443333355544445554566543333323444333332333443333333333333333333333333433
44444445676666556666556676544433455554333332444577544332456654334433444432221112212222223333445554444677655445543322222333344554433333466423333456567764322322454333333333343333333333333333333333333334
55543333467765556655554444554444667644444333455677423333457754555666885322222212222222222222444444444577655545432332222333333455543333455321233345666666875432233333333333343333333333344333333333333334
54445554469996556554445666433445444555553335665566323334665544557888775322222112222244433223566554454456665555542332222333333445433333554222333344565443369973222344333333333333333333433333333333334334
54455433468876554445677755554444444443333345544554332334577643578876544333322223454444444456777665554334555455555422222233354444433335664222344554554333224688632344433333333333333333343333333334333344
65555555666654554556776433345423433223333445436664333345677653356778863222222223333333445665456654454333444445555422222233368744443224554222223467656432223335764334433333333333333333333333333334333444
66565556666554565555322233444333333334554445333444466655555432345555554357752112444443333477656532344335765445555422222223467754444333333333222356545555543343355444543333333333333333333333333333333444
77655556777654555565443224554444444443224443333333588533443333356654444445697312236776557876667766555534787555456432222223466543454333443344446678766887764343334443443333333333333333333333333333334444
88754455566654445444444433454444433343222478765334799644444444456653334456667644565665556765667765544333467655445633222223455444333333355433334567876676433333222343333333333333343333333333333333334444
78754344565544345565543356654434333333224897554333589634543233455554334446764564222246665788765566665433345654433433322223455433333333234443333334555456633333343333334433333333333333333333333333334444
66665443344433445543333334555434454332246763222333455333445554456665323445664223223334667777667765666643325665544433322233444432234543223333333223434555554443334433333444433333333333333333333333334444
66555433445544544333223332234434543443466522222232477434444555555555433333455335665554456678888875444554323677787643222233554333334442222222333223323444556654433454333334443333333333333333333333334444
55555433334456654333223455455545444444455556433333357524444445554445554443333357776667766556776676443444433346667743222233554455443245543333444333444444334555444566433444344333333333333333333333334444
55555433333445544454432467766544444444555667654333345533444455555555554443345699876677765455566655543346765334666643322233554445556655643345553343454554445555544478865435665443333333333333333333344444
55444433333344433345555676543444455554566655443333333333444566764345555444457776556656665555776555544566654333334543332234544444556666665566652244554467888755454445554444566543333333333333333333444444
44456532223334333334555787765555444455666665433333222223565567654335555555446875334566776555777554556777643333124543333334554443456778877667652235544557654565444457754334566544333333333333333333444444
33345642232222222344333344554334433334444566656654432223334655443333344555433334554468888865555444566776554444432343333334566566678888766666653334554567765444444433455434467644333333333333333333444444
33334432223322222223333333233344444443344565566644333234444555433333334566543333344566666655566543444433222322344343333333456766678865665566655443555555444444334553334333346543333333333333333333444444
33223332222322113443222223334454455544455675566654333444556655433333444566643333335555433334555532233335432222223333333333334667667886666666654454444434444445543443333344444444444333333333333334444444
33223344333453212222111112334444456543444555556654333445656775332323444455432233336764433333444442222235545432222333333333234455667876556777765555555555544444443333333233334444455433333333333344444444
22334444435675333233222112344445765443344467655676544444554565333444444445433555322344433334554443222223344432222223333222223445566555544566555555566777877654344333333223444444444543333333333444444444
44333444446763223344322212334345554443345556765544555435664445534666543444447999832233333334544443322222333565422213333322233334566643333445544455555444555555322333222223345543333344333333333344444444
54443333335664222234321111123323565434446665787645654347776433334432345544444567852233433333444432222223223333322212455445564334555543333344565467644434665444444333332222234444333344433333333334444444
43444444434454443322332223333323566433456777666544664356556543355334444554443333333444544444555422222222222222222212455554466434434554555444455545654566667776544433333332234443333334543333433344444444
34554444333333225542233321122232356643445566445553344556555455544367632455443445433443233334444322332222222323433224665334346643333576543333323343334566788754332222223333323333333444444333344444444444
44566544444432236642112222222234457764444344445554345677766433444553212334544555543333222334332222223333222234774224553223444553334566533333344554433467776543333333333333332223333333344433344444444444
44456544444432246631112222334433336875556433345544544788777543446763333334554432234443212344322222223564323336642345422344456544344335543443344556653456666533344332222333444333453222334443334444444444
