33333333322233333222233322233222222222222222222222122222211112222222222234444334456789999999999999999999999999999866689999996554444333333322111113322232111123444554555566655555555542223353322443345554
23333333333333333222223322333222222222222233322222211122111112222222222223333335689999999999999999999999999998889777699999996654444333333322111013322331111234434444544555555554555422223333223433344544
23333333333333333222223333332222222112222222222111111112111111111122222222333359999999999999999999999999999988777777799999997654444333333322111123333321112332223344444554345544555321123332223322334433
33333333344333332222222333332222222111222222222122211122111111111111112222222599999999999999999999999999999989888787799999996544443333333222211123333311111122233334445543245445543111223221222222233333
33333333333333333332223444432222222222222344322222222222111111222222111122333799999999999999999999999999998889987776799999985444433333333222211123333211111234544445544431233344431111232211222122333223
22233332222222344433334543322222222232222222222222222222111111222222122122346999999999999999999999999999997899876765799999984334443333333222211123332211122345544444444311222333211112332111221123432234
22233332222222233333332223332221122222222222222222222222111111122222222222379999999999999999999999999988876899877754699999975333443333333222211123322322334565433345433111112321111112321112211223322244
22233333332222223333322233333322322332222222222222222222111111112222223223799999999999999999999999998888766898886654589999975323444433333222211133322344455664222244332111112111111122211122111232222343
22222333332222222333333333333333222333222222222222222222211111111122223336999999999999999999999999998887667899874555469999976423444443333222211233323334555552111232221111111111111122111111112222222334
22222333332222334432222222333222222333222222222211122222222211111111223469999999999999999999999999888776567889753445369988876522444433333222111233222234555431111121211111111111111121111111112221123334
33222333333222343322222222333333333333222222222211122222222211111112235899999999999999999999998988777665577777643334379877877522344433333221111233222223443321222211111111221111111221112111122211123234
33332334444322233222222222333444455443222223333221221111222211111122469999999999999999999999999887776655577667643223379867777421344433332221111333222222322222222221111112222211122111122111122111232233
44443334554322222222222223344444443333332233445443222222223221111136899999999999999999999999999998877665676677543234468865667412344333332222112332222222222222322221111112222211222111121111221112322223
33333334433333222222222333333333333333334333334444333333444322233379999999999999999999999999999998877787776666433234567764456322344333332222223333222222222333333221111222222112322111211111211113312223
44332333332233332232222222222333333333444333333344333333333233467899999999999998778778999999999987776688777655433223456664556322344333332222223332222222222333333222222322232123322212211111111123122222
44322234433333433332222223322233332333333444332333333333333457899999999999999987666666799999997766666566666554433333445555555323344333322222233222222222222223333333333333331233322222111111111121121221
33322234444333333333322223222333333343333443322334333333346789999998899999999887656566678999888654555556655554433333434444454223333333322222332222222222222223333333333333322343322222122111111111111110
33322345677543233444322222333333333333333333223333333334689999999988999999999888865555668998767644444545554444433333433343443223333333322223332222222212222223333333334334323443222332232111111111111110
34333345666443223444333323333333333333333322344333333457999999999889999999999888876755556997666644444444544443333333443333333222333333322233322222222222222222333333334444334443333333332222211111111111
44332234555443322333332112333333333333333223344343345789999999998899889999998888887666445775566544344444444433333333443333333222333333222233222222222222222222333333334444444443344333333232221111211111
44322223456654333333332123344433332222333323444444447999999999999999978999998888897776446543444444334444444444333333333333333222333333222232222222222222222223333333334444444444444444433333322222222211
43322223345543333333322233233222222222233334555555569999999999999999968999988899898776445433333433333444444444333333333333332222333232222222222222222222222333333333334444444444444444433333332233223221
33322223344443222232333332333322222222223323445556899999999999999999999999998999998667545333333333333444444443333333333233322222333222222222222222222222223333333333334334344444444444444444333343333321
44322223333333222333344443332222222222333333456789999999899998899999999999889999888766544333333333333444444444333333322223322222233222222222222222222222233333333333334333334444444444444444444443443311
44433222233332223333455433222222223333333334689999999988999999999999999888778888888766543333333333333444444444333333322222222222233322222222222222222222333333333333333333333444444444444444444444443211
55433222222322222334554433222333346555555568999888998888998889999999988775556777787777653333333333333444444444333333322222222222233222221222222222222222333333334433333333333444444444444444444444443223
54433323222222222234544433223444575468789999999888888888877899999999856653233455666567654323333333333444444444333333332222222222222222211222222222222233333333333333333333333444444444444444445444443233
44443322223222222244433332223457876797699998888888788888778999999999634421122333345466544332233333333333443443333333333222222222222211123322222222222233333333333333333333334444444444444444455444444333
44444322222222222344433332223588999987799888888887788886578999999996223211111222233345544433333333333343433444333333333233322222211113567754222222222233333333333333333333344334444444444444455444444334
33333221223333322233333333334699999987999888788876677776689999999996576531111222233335654433333333333343444444433333333333322222221147568775322222222333333333333333333333333334443344444444444444444444
22333223444322221223333333346899999986999887688755566776799999999998898731111122222234554433333333333334444444433333333333332222221476445655333222222333333333333333333333333333333344444444444444444455
22333443322222221234443333469999999975899877787555456777899999999999899742111122212233554333333333333333444444443333333333333222214776333444445333333333333333333333333333333333433344443344444444444444
22233222323222211244543225899989999975689877787565567878999999889999998753222212211222454433333333333333444444443333333333332222127754333344666433333333333333333333333333333333333344433444444544444444
22232332333221111234432369999988888974689877787666778888999988889999998764322221221112344433222233333333444444444333333333332221157533333234677632222333333333333333333333333333333344433444444444444444
23333322222211111245546999999987888874579988888887899989988888888778897665432221121111223333222233333333444333333333333333332211365333333323458842223333333333333333333333333333333444333444444444444444
22333322222111122244689999999986777874579999888988999999988888887678887665544211111111112222322333333333333333333333333333332212563333333332336952233333333333333333333333333333333334333344444444444444
34343222222211122358999999999986677774468999999988999999888888776788876655555432311112222223333333333333333333333333333333332213642233333333335952333333333333333333333333333333333333333444444444444444
54333222222111122589999999999876566775457999999999999998887787767887765555555544333444334444333333333333333333333333333333332214532233333333346632333333333333333333333333333333333333333444444433444444
44444332222122224999999999999765556676446899999999999888987678877766655444444444445555544444344444444443333333333333333333332224432222333333344323333333333333333333333333333333333333333444444434444444
33445544433334479999999999999874455666535678888899998788876567755555544443344444444444554444455544444443333433333333333333332224333222233333344323333333333333333333333333333333333333334444443334444344
23456654445555899999999999999985445566544567888898888887666567544334444443344333343344444444444444444433334433333333333223222223333322222333454323333333333333333333333333333333333333334434333344433344
24555445666547999999999999999986444555554456888888767865656555443333444444444433333334444333444344444333334433333333332222223323433322222234574223333333333333333333333333333333333333333434333344444433
34443347776479999999999999999877544455454445788776665544554455333334444444434443334333443323333333333333333333333333332222233322443332222234553223333333333333333333333333333333333333333334333334444333
44444567653699999999999999888788653344445444677665554333443454333333334444433333333333333222333333334454333333333333332222333322353343222223332233333333333333333333333333333333333333333333333334444434
54445555545999999999999997667899753334445444567554433333333343333333333443333333333333333333332233344543333333333333332223433332234454223332223333333333333333333333333333333333333333333334333333343334
44444444447999999999999865666798754333444434445444333233333333333444433443333333332333333333322223333333333333333332222223333333222454323322223333333333333333333333333333333333333333333333343344333334
43333334459999999999998655566788754333333444444443332233333333335555554333333333322333333333332333333333333333333222222233332233322233222222233333333333333333333333333333333333333333333333343344333333
33443344469999999999986554566778665333333453433333332223333333356555654333333322223333333333333333333333333332332222223433332223222222122222233333333333333333333333333333333333333333333333443333333333
33323454478878889999965544556677665433333354333333332333333333466545443333333222223333333333333333333333333333332222334443332222222222222222233333333333333333333333333333333333333333333334444333333333
44444444565444445999755445556677665433333344333333332333333333465443333333332222223333333333333333333333333333332223333333332222222222222222222333333333333333333333333333333333333333333343334333333333
44334455532222222798544444555666665433333335333333333333333334555433323222222222223333333333333333333333333222222223333332333322222222222222222333333333333333333333333333333333333333333343333333444333
33333455411111111497434445455666555543333334323333332222222334444332222222222232223333333333333333333333333222222234322323333322322222222222222233333333333333333333333333333333333333333343333333443333
43333344311111111397434455555666555543333333323333332222222234333222222222222233333333333333333333332323322333333343332223333322322222222222222233333333333333333333333333333333333333333333333333443333
54334544311111111297334444555565555554333333333333332222222233322222222222222233333333333333333333333322223443334443333223333222322222222222222233322333333333333333333333333333333333333333333333443333
44678765311111111296333444455555555555333333343233322222222222222222222222222332223322222333333332233322354332223433333223333223333222111222222233222233333333333333333333333333333333333333333333443333
78875555411111111195334444455555555555433333553222222222222222222222222222222222222222222233322222222223642222222233333223333222332221121122222222222333333333333333333333333333333333333333333333333344
66655566532211111494333333444455555555543335873222222222222222222222222222222222222222222223222222222225422222222223333322332222332221122111122222222333333333333333333333333333333333333333333333333334
87766666566431111883333334444455555555553347964322222222222222222222222222222222222222222222222222222234222222222222333223332223332222222111122222222333333333333333333333333333333333333333333333333333
99977665677864335963333333445555555555554347864333222222222222222222222222222222222222222222222232222243222222222222233223332223332222222111122222222333333333333333333333333333333333333333333333333333
66777766567766789843333344445555555555555447764333222222222222222222222222222222222222222222233333333344322222222222223223332223332222222111122222222333333333333333333333333333333333333333333333333333
33455555566678998533223444444555555555555447764332234422222222222222222222222222222222222222344343333455322222222222222223332223332222222221122222222222333333333333333333333333333333333333333333333333
45433345666678897432233444444455555555555547764332233233222222222222222222222222222222333333333333333454322222222222223233333323322222222221222222222222333332333333333333333333333333333333333333333333
54433346567777774322334444444455555555555557755433221124334421122111222232222333333333333333333333333454322222222222223233333333322222222221222222222223333332233333333333333333333333333333333333333333
34333356646776532233344444444455555555555557644433322222233442232233433444443333333333445444444333333444322222222222233333333333322222222221122222222223333322233333333333333333333333333333333334433333
44333456632443222333344444444454444555445556544443333322222343233455433333333334444444566543444333333344321122222222233333333233322222222221112212222222333322233333333333333333333333333333333334443333
33223356532222223333344444444444455554445555444444322222333233233443333333333445555444565433344333333333321112222222333333332222322222222222222112222222233322333333333333333333333333333333333333443333
22233356532222233333444444444444444444445555443333222112233333344333344444444555554444664333333333333332232134322233333333322222322222222222221112222222233222333333333333333333333333333333333333333333
22333357543222333333344444444444444444445554443322222222222344444333444445555555443334654333333333332222223464222343333333322222322222222222222111122222223223333333333333333333333333333333333333333333
44444348742222333333334444444444444444555554433332222222221234444333344444555543333335654433333332222222112653333322333333222222321122222222222111122222222223333333333333333333333333333333333333333333
44443337962332334333333344444444444444555554433333222222221134444333334444445433333334654333222222222222212532222222333333332222321112222222222111122222222222333333333333333333333333333333333333333333
24555447973333333433333333444444434444445554433333222222221134333323333333344333333334554322222222212222212432222223333333333222321111222222222211122222222223333333333333333333333333333333333333333333
34444345873333233433333333333333333444444454444333322222221223333322233332333222222333554322222222222222223332322223333332333222322111222222222211222222222223333333333333333333333333333333333333333333
33333334684453233333333333333333333334444444444333432222222223333222222222222211122223454222222222222221255322322233333322233222332211122222222222222222222223333223333333333333333333333333333333333333
24444343476544333233334443333333334433344444444433332222222222222122111111222211122222344222221122221211255322222233333322222223332221111122222222222222222223332223322233333333333333333333333333333333
24555544446544432333334444543333344433333444444433333322322222111111111111122221222222234322222222112211234333222233332222222223332222111112222222222222222222333223322233333333333233333333333333333333
35555443334454544443333345544443333335533344444443333333332222211111111111121222222222224322222221122111233432222333333322222223332222211122222222222222222222232233332233332233333233333333333333333333
44554443333344544444334565444444566678862233444544333333332223211111111111111122211112223422222222222111223332222333443322222223332222222222222222222222222222222233332333332233332233333333333333333333
34444433333344444443346665545456888898772123444554444333332222111111111111111111111112222332222222221111123332223443444332222223332222222222222222222222222222222222322333223323332333333333333333333333
34444433334566554433234433444457999963331123444555444333333322111111111111111111222222222233222221111111223332223444444332222223333222222222222222222222222222222222322222223333332333333333333333333333
44444444445555555433222333444458999842321123344555555433333332211111111111111111222222222222222221111111233333234444444333222223433222222222222222222222222222222222222222233333332333333333333333333333
44445554444444433443322223444479988864211123344445555433333332211111111111111111222222222222222111111111233333234444444333222223443322222222222222222222222222222222222222233323333333333333333333333333
33445544443333234443322224555698889985211223444455555543333332211111111111122211222222222222222111111111233333344444454332222222455432222222222222222222222222222222232222223323333333333333333333333333
34678644443332233334554334556889999842112223444455555543333333221111222222222222222222222222222111122222333333344444554222222222355543222222222222222222222222222222232222223333333333333333333333333333
35776544444322222235567788768569985322122223444555555543333333321111222222222222222222222222222221123332344333344445554222222222366654222222222222222222222222222222222222223333333333333333333333333333
34444444433333223333468999878369963211222212445445555544333333322112222222222222222222222222222222246554333233444455554322222222455433322222222222222222222222222222222222223333333333333333333333333333
33333344433443333333345766578477532222221112233345555544333333332112222222222222222222222222222222244233343344444555554332212222443334432222222222222222222222222222222222222333333333333333333333333333
23343334443333334444433322588343222211111111233345554454433333332221212222222222222222322222222222232222344444434555554333322223444344443222222222222222222222222222222222222333333333333333333333333333
22344544443333333556654345685322211111111112233445543455433333333221112222222222222223333333333333332222333333334555555333222223444444443322222222222222222222222223222222223333323333333333333333333333
22234434333333322246765445763221111111111112223334433555433333333221112222222222222233333333223333332222223333335555555332222223444444433333222222222222222222222222222222223333223333333333333333333333
22233333333333333567655556752211111111111122233234434555543333333322112222222223332333333332111222343323333332345555555432233223443444433333322222222222222222222222222222223333323333333333333333333333
22333334443333334445555446752111111111111122232233345555544333333322212222222333333333333211111222244333333322345555566432233333343444433222332222222222222222222222222222223333333333333333333333333333
22333333344444443333333346642111111111111222333333444445544333333332222222333333333332222111112112234333333322356666555433223333454444444333343222222222222222222222222222223333333333333333333333333333
22222223455554553333334445542111111112222233233334443344444333333333222233333333332222222222332235433333333323456776545333333343454455555444455322322222222222222222222222222333333333333333333333333333
53222233444467765344333334664211111222223333333344444344444443333333222333333333222233333344542565543333323333456766554333334443445665445666655533222222222222222222222322332333333333333333333333333333
54322333334567655444443334565433332222223333333445554444444554333333322333343344444544445555533444566554333334567777665333334433466654446776655553322222222222222222222332332332233333333333333333333333
33333333334566644445553333444445443322222333333344444344444555433333322234454445555665544444444444444444544445555555666423333333355655456777655665432222222222222222222233332222333333333333333333333333
33333222233566654444443222344555434332222223333333333334434455544433333344456655544444444454444433445555556445444444555433333332435666666777665665433222222222222222222333333222333333333333333333333333
22223222233455666665543333322334444333333322233333332344433444433344433444446777533334445555654554445555555445555555555433333222334666655666666654444322222222222222222233333322333333333333333333333333
22233322233356678886433223322233333333444334444332223444444455432333233333455666554433444555554565456775445445555555444433332222323556655566665444555533222222222222222233233232333333333333332333333333
33333333332335666655433333322222223335554445665433334443333333332222333333444556666433333455665555467765455654444444455532332222223556666555555667765553222222222222222223233223333333333333333333333333
32222333322234555554444333222222223345433334666544444444443333322223233333334444555544333345666555555544455555554444444432232222222456655544444677765554322222222222222222223223333333333333333333333333
44333455534566554444443332222222223454332333666544444445543233333333333344333444444455554444556656666655556677654444433332332222222355555544555667654444432222222222222222223233333333333333333333333333
44333455444445555433333321223332234654432223454433333345432222332222223445555555544455555445556665666666666565544445555432332122222244455655555554444444433222222222222222223233333333333333333333333333
43334444443345676432332222344556677532332233344544333444433333333222223455543456677654455655555665555555556776444455555433322112222235555444444443333333333332222222222222223333333333333333333333333333
44544455543346765432222223455457776532222223345533333333443333322222223444455678887543345554444555555555455565544455555443222112222224444555555554333333333332222222222222223333333333333333333333333333
43333333333334444333233345554333445544322223466532222234433322322222233346777776554444445555444455566655455666544456677753222112222224555566544444333333333433222222222222223333333333333333333333333333
33333333323333334334444333343333333344433344555544433233333333322222334677666554344444445555545555556665567765565556677753232112222224554444433333333333333344332222222222233333333333333333333333333333
44333332222223333334444444344443333444444433345554433333332322222234577644444444444444455555444565555566787656676666655553322111222234444333333334333333333344433222222222233333333333333333333333333333
33333322222234444333334444333333456544444444555444433333211222222223443334445555444444445665445666654457887666666665555553322111222234445443333333333333333444443322222222233333333333333333333333333333
43333222212223444333333344443334555445555444444455543444322234555433323334455554444455445555445556665568888665555555555543322111222234556544333333333322223344444332222222233333333333333333333333333333
43222222221122333333333443334455554444444444444445555444433456533333345556555444444555445555455555555568876554556666555443322111222235666544333333333222233443344433322222233332333333333333333333333333
44443232222233333333333333444454433333334445566788655554333564333334445667776655444555555554455554443467765555565555665553222111222235665443333334443222234444433443333222223333233333333333333333333333
