44444444444444444444434344444333449643333333333433344349844433447533434444444443444443598544444444444444444545444447853544455555555555555555555454555555556653454545544555555555555555555555555655556655
44444433333343343334444444444344459644444444344433444448744433347633333344333333344333598543344444444444444444444447863444444444444444444444544444455555456753455555455555555555555555555555555555555555
33333333334334333333444444433343349644434444444443434448844443347634333444333333444444598544444444444444444444444447853444444444444444444444444433444444447653444444444444444445444555554555555555555555
44443434344444334433433444434443349643334434444434444447843344446734444444444444444444598544444444444444444444444447853444444444444444444444444444444444447653444444444444444444444444444444444444444444
44444444444444444433433444444333349643344433444434444447854444446634444444444444444444597544444444444444444444444447853444454444444444544444444444444444447653444444444444444444444444444444444444444444
44444444444444444444444444444443359644444344444344444446854444446644444444444444444444597444444444444444444444444447853444444444544444444544444444444444456653444444444444444444444444444444444444444443
44444444444444444444444444444444459644444444444444444336954444446734444444454444444444598544444444444444444444444447853444444444444444444444444444444444447653444444444444444444444444444444444444444444
44444444444444444444444444444444459544444444444444444446964444445743445532244444444444498544444444444444444444444447863444444444444444444444444444444444347653444444444444444434444444444444444444444444
44444444454444444444444444444445459545444444444444444444764444445743447621134444444444598544444322344444444444444446863444444444444444444444444444444444447753444444444444443344444444444444444444444444
44445555544444445444555545444445459645444444544444444445655454444754459621134444444444588544443322464444444444444447863444444444444444444444444444444444457643434444444443333444433444444444333444444444
55555554555555555554445554444455459645544444444444444444865444445754479621134555455444378545443223675544444444444446863444444444444444444444444444444444457633444444444443333443444444444444333333344444
44555555555555545555555554455455459545544444444444444444874444445753489721124455555444488454453226867545444444444447863444444444444444444444444444444444457653444444444444444444444444444444344444444444
34444454444544433444555544555554459644544454555544444554885455445743589731134444444444488444443247767755444554444446853444444444444444443444444444444444457753444444444433444444444444444444444344344444
33333333344444443443334444444454559545554444444444454445874445445753699841135444444444488544444367658745444554444444753444444444444444443444444443444444458753443444434443444444444444444444443443344444
43333334344444444443444433334444459544444434443444454444774544445753699952145444445454488444445577558744444444544446853445555444444444544444444444444444457753444444444443344444444444444444444434444443
44444444444444444444444444444444459644444444444444544444555444454653699973245444444444488544455586469645544443444446863444454545554554554444444444444444457753444444444444444444444444444444444444444434
44444444444444444444444444444444459644444444444444444444664344454653699983245444444544488543455784489644444443444457863444444444544444444444444444444444458753444443344344444444445444444444444444444444
44444444444444444444444444443333359644544444444444444443684333344753699983245555555555468545457974799635444444444446863454554444444444444434444444444444458753444444444444443444444444344444444444444444
44444433333344443343444334333333359633334444444455433333454333333764699983245455556655578555469965788535555544454556763444444455444444444444444444444444437753444444443344444444334444344333444344444444
43333343334444443443334444444443346522232236644444333355543333333764699983244444454556589545479955778446666666665556763455555555555555555555555555444444436653444444444444444444444444444444444344444443
44444444545455443443444444444444444433333337733333324466643433434664699972244544444444488555489856778345555555555557863455555555555555555555555555555554457753444554445544455444455445455454444444444444
44444444545454433444444434444444444444444445544444445554555544444555699972343455444444479544489855688255555545544546853444444444444444445544444445555666558753555555555555554544444444455454444544444444
44444444444344433433344444444444444444343334554544444444444554455455699972344455544444479643388754687244544454444544753544444444444444444344444444454555568753566555556555555556555555544444444444445445
45544454443324433333344445455444444544444444454544444444444444544456799962345445545444479543477545786344433454444446853344344444444555544444444444444444458753454444445554555555555555655544444444444444
43443444443334444434444444444544445555544554555444454544454445444457799973444345545445456553476546685344434444444447763344454555445444444555554444444444457763444444444444444445555555555555566555555554
33334444444444444443444445444444454545655655555555455555565454454567789974434445555544444453576655674444444444444446763344444445455444444454554555544444447753444444444433445434444334444554555555555555
44444444444544444445555544566555554455555555555555455666555555565578789985344445555555554554587645686444433344344336763343334444455544544444445555444445457653445444444444444444443343444444344444444445
55444444454554454555555555666565545555565555545554455655655555555568889985443334677545445554587535773444444344344346653133333343434444444455444444434345557753455444454455445555444444555333333433334444
45444444444555544455554566655554556555556544443555556556655545555667799985433333687335444445686435854544444443344333443243333334433344344334334344444444436753454554455454444455454455644445555544444444
55544555455434544455544566665555455455445445555556556565555555555578899985432222455445455345687645855654555544434333333343433234334433344434444444444444436753445445545454444444355444544445545545444444
55545554554455444455554555566455455555555455556565556665545555555579999995432122345544544455687657855545554444444433334433444344443444444433354445444444457753344444554454545545554444434444445534444454
56555445554455554455555455555455565555566556555545446567655655566569999995433211145555533455786559865455543334444444444434445444444445444444444434445554457764345444454554444545444454434444444434434344
55555555444455554444455555544555555455556555544434455557554555555568999985333111135555434455787789655454444555555455544444444445444444544434444434554444457753344333554444544554444444445444444445534444
55555455555565554444555455455544554455655555445544554556545555545557999985333322125654345454798998654444445444445445444444444554455444444434454434444434446743233343455544545444554444454455545445444444
55544454445554554444454455455554545545655654556555555555555455454556999985556644214654465654799996555545555445444555554455545655554544444444454433444434456643222243444444554344454454454554444334343444
55544444454444445445444455455555444555545455555555555544455444454555899987777666546666765655899975543445554455455555555555545655654455455444444444444444356643222233344433444434434343432453443444324433
55443444344434434444445544455545555544544455545445545544444555455666799876666566766667764666999855444344443554444554455544444565544545556554333454444444346543333334344444433322344343444454434544545444
44544445433444445444445444445556555545444455554446555555445554444544588666666666666666555687999744555344444555445644445544544444445555555654454445544334434334333334435444344444444433332223334434444344
44443444444444445444445544445455654555544445544555555455555544454555776566666666655555556578787534555333345455554455554444544444455555545555555554444445445334433333455554333444433332221223334444334434
44544454445555455444445555444444544555444445554456554554554455544567766665666665555554445446656323455232344545555455554544444444444544454565546776555555555444433333455543333333323333333344444443344444
33443445555565445544444435444554455444444444544455455544454455677876677765666666555554445424544223354221344555555544544444444444444443456764456666665554555445444444454444444333333323333445443344444344
33444334444445444444433334444544454345554443444345454445555556666777776656556666666665544313443222243121235655555455455444454445444455566445666655545665566555444555664322323333333322333344444444444434
33333333333434444444544444444444444445545434444445555444445566566777766666566667665566654322332222233111235544554455555444444445444565555456666656655455566445545466665543223333223343443344444444344444
33333333334444444544545445555444444444544444454555655544444467777777666666666666544444454322222211122111135555554455555555544455545655565555666555665544554545556677776333344443334444344444444333433334
32334433334444444444444555544554444444445545565545645444444468877777666666666666655554443222222211011101135555555555555555444555566556555565565556666654555667778777665311124555444334344343343443433344
33343333333434444455455545455444444445455554666545655544445545887776666666666677885455332222112221111001135454455655555554455445655665655566666666666665556778888778754311234444233224333333344433433344
34333344444433344445444444444344344444444544444445445444444224887776666666654688875555432221112322221111124444445554545554545555555655666666776766666666554557888767764421344433443334444333456444444443
33443443434434444444334344444444445443444444454444445445444216887665666665567755432233332221112233322211123554555555555555557666776555566677887666666666664334568766654444444444444445554334566444445444
34444543434443344344444443344554444444455444444444554554434347766656655545568622110011232221112223333321123565555454555545567876665566655667777666666666655422367776654455544444444444455555566443555444
44454543434434444334444444344343344444444444444544444444444577655556554445447511111101122222112222333321222455455455655545678866655566777777876666666667655433556676644454444544444455555456555554555445
55434333434544443345444444444443344443444444444444444444444666444455554455556532111000122122112222223332232344545545765666788766666666788888776677777666554434555555544455555555544455555445454454654545
43444443444444444444444543443344444444444434344444445456445666554334434455555644411000111222111222222333332223555556656688777666666666777778766667776666554433554445444555554555555555544455555554554433
34344554444444444444344444444434444344433434444443344455545555655433324555434434421111122222111222222233332212553434578676666667777667677777656666666666554332344444455555555444544444544454544554454334
44444444544444444444444444444444433444434444444433444456578754454433334554333334432122222222111122222223333212333345777665555667877666667766656666655665554322243444455555555334445444444455544544444444
44444444544444444444454444444454344444444444445444455666799975454434444443333333322122222222111122222222233322333344566655565567766666666656666666555555565322233345554455444444444444444444444443443444
44333343234445443344444444444444444444445444444444567668978887554333443333323222221112122221111122222222223333333332234555555678876666666666666555555544555322224555544444333344443444444444333433433444
44433344335444444444444334544444445453444444334445676699868887433333233333222222222112112221111122222222222233333333222445555666776666566666665556554544555432223444444443343333343434443444444334434444
33333333334333444444444344544354455544434444445555666999988896543333323322222222222112212221111112222222222233333333321234555655664566666656655555544444555542222433444444444433333444443444444444434434
44334444445344454434444444444344444444444444444454469999988896534322232211112223321112222211211111222222222223333333332123456765555567666555555555544444445553222344454444334444334444444434444454455333
44334444544344454443444334333343334444444334344444589999887787533322222211112232211122222211211111122222222222333333332112457776545667765555555555554455445654222354444444344444333434444444444444444443
44444444454334444454434544444443444543433444444344578988776567533332222111112332111112222122211111122222222222333333333212345566434566665555555555455555444664222244444444444444444434444444444453333444
33333333333444454454555543444333333443434444444345446666654336523333222211111321111111111211211111122122222222223333333321234455434555665455555555555544443675222245544444444444444334543444444343444444
34344454333434444344454343443333333343333455544364335444321112632332222221111111111111111221111111112122222222223333333321123344433445555445444444445544443454322244444444444444444444544455444344444433
43334333344334444454443443343344444444344444543452334333100000452232112441111111111111122221111111112122222222223332333332123334333345555444444545444444443455322244444434444444443344444444443344444334
34334333444334444444443343434334343433445544433542333331000000352332113652111111111111122221111111111122222222223332233332113333332334555444444555445444443455322234445444433455444344454434443433434334
44444444434433333333333343333444334444344443444433333321000001442333112353111111111222222221111111112222222222223222233222212333332234444545454454455444444344322244444443443354334344455344344434434333
44444334443333333333324334444443444344444433444444333222111123432333211342111112222222332211111111111222222222223222222222211233332233444434555544555544444334322244444333344443344344344333344334444333
44443333333333332333334444344444444433333333334443333322222333322332211242211112223322332112111111111222222222222222222222211233322223334444445555554444443333322244444344444434444444444433443444443433
44433444333333333433334544334433444433433344344443333322223332222222211232112212233222321112111111111122122222222222222222221223222222333433445444554433433333322344344444444544443343444434334444444433
44533334333344444444434444333434445444543454444454333222222112222222211221012212222211211112111111111121122222222222222222221123222222233333345444544333332322322244444444444444443444334444344344544334
43443323333333444444445334334334444445433443343454333322211112222222211121112211111111211012111111111121122222222222222222222123222222222333345444443332222222322243444444444444444444343444355445654454
44454444334433445434455444335445434444443433333345333333211222222222211111111111111111121021111111111112222222222222222222222223222222222233345444333322222222222344444334644444434444443433445334434446
34443344334433445455554445334355444345443433334445333232211222222223321111111101111111111111111111111112222222222222222222222212222222222223344444433322222222222344443344543345434444443443444234443445
44443433344554444444444334443454444455443344443446433332111222222223321111111001111111121211111111111122222222222222222222222212322222222222333334443222222222222343332243432234444444344434444343343434
34443444456644544343434343333344444444444345544457764442111111111112321211111001111111121211111111111122222222222222222222222222332222222222233333333222222222222333433233333333443354346433434443344333
23343334445555533344345333444454344454444554444346787642111110000012311111111011111111121211111111111111212222222222222222222222232222222222222222222222222222222333343324433433333244335433434344333343
22333333344444434345434434434544454555444455544344466533211000000002311111111001111111222211111111111111212222222222222222222222232222222222222222222222222222212333333444443344443332234433344455333333
32123343444444444333324543343444434444554445674444443444311000000002321111111111111111221211111111111122211122222222222222222222232222222222222222222222222222113434434643333353244544334434433444333343
42234433333444544344435544444344434434444444465444545544310000000013321111111111111112211211111111111112222122222222222222222222222222222222222222222222222222124444355534434444244444443334433333333333
22113332333334444444444444343444445333444433445445444533421000000013311211111111111222112111111111111111222222222222222222222222222222222222222222222222222222224444444434444432444433433234333343333323
23212323333344355444433344343443445445544444555434555433111000011013211211111111133211111111111111111111112222222222222222222222222222222222222222222222222222233444444344334433543443343233332333333333
33222333433444344444444444343434444445544555555444444431111001111012212211111333443111111111111111111111112222222222222222222222222222222222222222222222222222234444333333433334333333333322233333333332
43313332453333434334444333344434444434445445554455544522332221110012112211112445411111111111111111111111111222222222222222222222222222222222222222222222222222234443343343433333334333333333233433332322
43334433331123343344444444445444444433435445654544543444445432111112112212211012111221111111111111111111111122222222222222222222222111222222222222222222222222234444344344433332333333344333344334333433
43233453311223444444444334545445434434444545554334533334544321111122112122111111122442111111111111111111111122222222222222222222222111211122222222222222222222234344345443453333333443343333344443333333
44344442332333444344554334444444344434445565564344443223332111111222111112421212243444111111111111111111111112222222222222222222222111111111111222222222222222234444344433455333344444433333334433332333
34334443332343333334445554455443433444556564455443443322211111111211111234432333244433311111111111111111111112222222222222222222221111111111112222222222222222234443443233444433333334444435345433333323
34444444542223332333345465444445543454434554344444433542111111112211123444343333334423421111111111111111111112222222222222222222221111111111111222222222222222234433443343333343433344455434444433333223
34324343453423333333334564444555555444344444333234443443211111123433343444443354334434542111111111111111111112222222222222222222221111111111112122222222222222234444544453343444444333445434544333232334
43234334444443333334444544455554555444433444334444444334541111233342243444434433324445444211111111111111111112222222222222222222221111111111112222222232222222234344555554333444344433344333444443334223
43344334433333334344554354444444455555333343444445545445553333333442343543544333344444345521111111111111111111222222222222222222221111111111112222222322222222234344445444444444445444334433443444443333
44554344543333333544554444444454335335444443453344443334453433333443343443554343344545454542110111111111111111222222222222222222221111111111122222223222222222234444444544333334434334434444343444433333
43345443454333334435444344344553344333333434344543433333353433444344333444444444444444444464211111211111111111222222222222222222221111111111222222333222222222235544444543334434332344333334334443333333
44444444554333334444344444344344255433233345434543434444344434444454434443444444344433434577411111112111111122222222222222222222221111111111222223333222222222234333444543444443342344443433444333333434
44443334444334434443336544433444344343334445433544444444544334434433434443344444443434444477642111111111111122222222222222222222221111111122222333323322222222235433444443433333433333444433433233234443
44444444334444444443445444344454443323334445334544444455555445444334344443444555444443444468775211111211111112222222222222222222221111112222223333222232222222335444444333332345444344434334432245434443
54444444444344433444345543434454332334444444545444344343445444444334444333444444333333443368776311111211111111222222222222222222222222222222333322222222222222334344444344433345554444445443444545444434
44444344354443433344334444333455333455545545544333333343445544443333433445433454443333443357777632111111111111122222222222222222222222222333333222222222222222234344445445444444454443444443345433443334
43444344444334444333433434444544444554555555444333444443445454434344443434444454334433444446777664211111111111122222222222222222222222233333332222211222222222234434445534445544544333444444444444433334
44445434433344333333343333334444345656555555555433344333344343434455444444455434434444544445677667422122211111122222222222222222223333333334452222211222222222233444444444434543433434444444433454444444
43332334333333454334443433334454444544444434434522233223333344445444443344544444434444444444577657532222222111122222222222222222223333333334454222222222222222344444444443444443433433343433332345544334
44333333333444464344433333333344444344444234534532232123444444334433343443554445444434434444367766742222222211122222222222222222222333334434446522222223222222333333444433334334442333334333334233444224
44444433344434566433333433443343344445444335443432222233344444344434444445444434444334444464447766774222222221122222222222222221222333445544335742222223222122332343343333333333443333334433343333444434
45544433454433346533334433443443444444444344444333334444334444454433444445534434445444555565655776675222222222222222222222222211122344455545455574222233222222333333443333433334433333333333333333344443
34433433334345456554345434544444444555444454344444344433445443433423543444444344445454554344664567776312223322222222222222222211111343454454476487522234322222323334444344344434433333332333333333444443
33433344433333444544444444544444454544443454445444345554444443445433444445544433544553444444433358988742223332222222222222222111111344444444455487852233322223322333434444443444434333333333332223334443
33343455434344444544433444654335444444543455455444454444544443454444344444444435544454544444433447999974443333333222222222221111111344433444333477774233322233322343444444443333333233323322322323443334
44444445433345444444343455544445543435554334545444543444554334543445455453343445555544554444444434899996554464333332222222221111111334533442442477765323332233322433434343333323434333323311122212323334
34444443333444554454453445443334433444343344544444433444564433344455555544444555444344544434444544799997654498753333222222222111112433433332333477663223333333323433345434433233333332223311432223212333
44443454444444444444453454343434444344433344554444544433354433344444544544334434244454545554433455578887533479766543233332222211112333233333333476653233333333333344444434443443333344333333532222123324
43444444444444555554323444333433455544444443433455556533344444445555544445545444354454446454433455467666533347666654333332222222222333434333333476543233332233333444434334444444443343343343333232334443
54444444444444445544434334344322344456544334445454555534543444444655444545545445553444445443354444568844443334554555433332222222223343334432333576532233332222234333334444444434444344333332333442443444
