76322222222122567644333222223333212322366422233423322335633333323688888888888888888888888877756888765546666566787543344332332222333244223588888888888888888888888888888888888888888888888777777777778743
76322222222211268853222233322322213322276322234533222335653232222577888888888888888888888887645888745557656677787533333344432322323355333578888888888888888888888888888888888888888888888777887777777545
76321122222222578874422223212222123321276322334332222223432222223347788888888888888888888878754888865444357878788643432254333312333444344688888888888888888888888888888888888888888888888777888877777766
76321122222112677553322233222221222222276423333332222223321112232135788888888888888888888878754888854333357767556543333344223321222322235788888888888888875777888888888888888888888888888777887777777776
76322322222222376332333332224322221123376323223332223222562112222223578888888888888888888878754888643333357864333333333333322222222322224888888888888888854444578888888888888888888888888777777877777777
76323222222222375332233332323322221223376323223432222233674111222222256778888888888888888878754886433333344554332233333233332222222222225788678888888888643333357888888887777658888888888777778888787776
67334333332123245422233333422224222334377522223522223323453212232222243456887888888888888877754754443433332334644344332223222222222223334565568888888887543333345887888888776558888888888777888888887777
76335445544455444544434444533345434444257522233422223333232112242111332234578888887788887877753543343522322234466543334432222222222233222333557888888887544344444775888888777537888888888766778888888776
76335444455555444444544555445555555555466423344533345444443222343434444443468888875447785567763465443522222244565433332421123222222232333333467888888887643333445664788887777548888888887454656788667766
76334444444444444444444444444454554455545435555555555555555555555555555555566666665556565568764565545533333354444433444432234322235322323433467888888887543333567563788887777548888887775334334467437644
76334444444444444444454444444444444444566434444454444555555555555555565555555555555555555557753555556555556665555555656555555555557555555544566666666666444343456553576677777447766776654334333344334433
76433333443434444444444444444344444444566434445444454555555454444555555555555555555555555415754555555555555565555555555455555555556655555555565555555565555555556555555555777545555555555555555555555555
76333333333333433333333334443333444444466424444444444444444444444444444444444444555545555546754455555555555555555555555555555555555555555555555555554465555555556555545555677545555545445544445555555555
76333444443444444444444444444334444334476433444444444444444444344444444444444444444444444457753444444454555555555555555555555554454545555554444444554444555555555555545555677545554444445444444444445544
76334444444444444444444444444444444444466533444444444333344444444444444444444444444344444457764444444444444444444445555544555544454454555555555455554455554555555555555555677534555555544444444444444444
76334344444444444444444444444444444444466434444444444444444443444444444444444444444344444457764444444444444444444444444444444445554444444445555555554444444445554554555555787534555444444445444444444444
76334333333333343343343344444443444343476434444444444444444443344444444444443444444444444457764444444444444444444444444444444444444444444444444444445444444444444444454554577634444444444444444444444444
76324333333334334333333343334433433443476534444444444444443333444444444444444444444444444457764344444444444444444444444444444444444444444444444444444444444444444444444542167534444444444444444444444444
76334334433443334333333343334433443443476534444444444444333344444444444443344444444444444457775344444444444444444444444444444444444444444444444444444444444444444444444444266534444444444444444444444444
76324344433444334444433444334443333444476423344433444333334443334443444433333334443444444447875344444444444444444444444444444444444444444444444444444444444444444444444444576544444444444444444444444444
76423334333343344443433444444344433434475323444434444333344444444444444433334434444444444447865344444445444444444444444444444444444444444444444444444444444444444444444444676555444444444444444444444444
77434333333333333433333334433334444444476434334444443433444434444444444443444444444444444446775344444444444444444444444434444344444344344444344444444444444444444444444444677544444444444434444443444444
77324433343433333444333343444434444444476534334444344334444443444444444443334434444444444446775354444444444444444444444444444444444444444333434443334334333334444434444444677544444444444433444444444444
66334444443433444334433333343334444334476534434334344434444443444444444444444434444445444446875344444444444444344444444444444433444444444444444444444444444444444444444444655643344444344434344344444444
56434444444433444434434444344434443433476533444444344433444344444444444444444444444344444447775344344444444444444434444444444444444444444444444444444444444444444444444443666544334343344443344344334344
77424444444444444444444444343434443343477533344433443444444444444444444444444444443434444446864344444444444444444344444434444444443444444444444444444444444444444444444444777544334433443333343333333334
76423344444444444444444444433333344444576533444333333343433444444444444444444444444544444446765344444444444444444444444434444444443333333444444444444444444334444333434334787644434433433333333333333333
77424444434443344433444333444443443443576533444444433434333343344433433334444434444444333446865344434443334344344444444444444444444443444444444444444444433433433334443333787644433333433333334333333333
66424444444444444444444444443444444444267533444444433444344443344433433344434444444334433436875443433334344344433434444444444444444434334444444444444444444444444445544444777433333333333333344444333333
66424444444444444444444445454444444444356534444444444444444434444444444444434444443444444346775433334344334334334444444334444444444444444444444444455555665556666665555554666544434333333333344444344444
76434444455555555555544555555555555444477534444444454444444444444455544544444444444444444446776444444434444444444444444444444444444344444445555565666766766667666666666666666655444344443333444334344444
76323334444444444444444444444445555555577535554555555555545554444444444444444444544544445446876445444444444445444444444444444443444444445556767877776666666666666665656666666666445444444444444334344444
56434334344433443444433334444444444555576535655555555555555555555555544444444444444444444445876445455555555555554554444444444444444445677777777766666667766666666666656666666666664444444444434343343334
66423333333444344444334443344443444434477534444344444444555555555555555555555544444444444445876444444444444455555555555555555554445778777766667766666667666666666655566666666666566554444444443343333333
76423343434444344344444444444333444433467533443343333444444444444444555556666555555544454455776434444444444555545545555455555545546776677777766666666666666666666655566666666666655565444444443333334433
76423333434444453334434544444455444444467534444333443334444334333333444444455444554555554442476544444444555555445545444454445677446677777777666666666655556666666555566666666666655556544333333333334433
66423334333344444444443334444554433444476533444444444444345543333434433333333343444445543343476544455545555554444544344444468986347778777766666666655555566656665456566666666666665566654443333333333333
66421222333433344334444444443433333344476534544444444444455554444455544444344333444444433554776545565555444434444544344467888886368888777777666666566666666666664566667766666666666667776444344343444333
44331323223333233333443333333344333344357534544444454444444554544455444555554544434444333565586545555555422223455666667889877776368788777777666666666666666666655566667776666666666677777544444454443433
23323323222333343333333333343344433344357533444455544544444443444444444454454444444445443457377544555543333445577778878887777885477777777777776666666666666666555666678877666666666777777645544454444444
22233233322333333333333333444344434444467533343444544444444445444443344444454334443456545547547544334433466677787787777776667785587777777777777666666666666666656656788887666666677777777755544555555555
32333333343333333444334433333333444444467643443334444444444444344544444433443453443367755645635543224456788777777777667776667774677777777777776666666666666666666666777887776666677777767754554445445554
44443334443344344444333334434334443434467532343334544344444444333344444444443454444357887653643543234678877776677666666666667764777777777777776667666666666666677766767777777766667777667764444444444444
44333333334433443334343333433333443334466432332334445445443444534444444454443444344546788642442432246887766666666666666666667764777777777777777777666666666776776667666777777777777777658764444444444444
43333333345434444434444343444333334333465431222334434344443444444434435434434433344455667645433331367666655566666666666666667775777777777778777777667767777767766666666777777777777777526865544444445444
55444445455445444444443344333334344343366432222223344334333233333434334433344443444455653345444221255555555556656666666666667775787777777778777767777677677677766666666777766677777776514864544444444544
45444344344545444444454443333443334443355433332242333233333322344334444344443344433444663236564211145556555555555666666666667776787777777777777666667777666676655676667666666677777665426854543444445444
33444333344434444445445443433444333333333233333333332233444444454444433334444343433444455566763211145666665565555566666667777776788777777777777766676777666665555677766666666677776654328644554444334444
33344334443334445444445544544444444444443333333333434443434444444444333444444433444444435777843111145566665555655556666677777777787767677777677667777776666555545677666776666677765443168534555445444444
44433344333333344444434543444433454544454334332333324433333343444344334443433434434344434774743221476566665555554555566677677777777666677776666666666776665555545677666776666667665432486544445544444544
44444434334433334332333343344434444434453344344443333434333343443233344443434444444344445664455434665665664444445655666676676677777765677766666666666666554555445676666777666666655567765444434433344444
44333344333433334433434444445444455554554554444433443434434444333333333443444444444444445665445325543555533444455555666777766677766665567777666666666665555555445676666777776666778865445433433443334333
44443333443444434444444444455454554344554455443434454344444443344444443344433333343433346655544324453222233443444555566666666677666766566677666665665555555554445787666777776667765444444433333333333333
44444443343444444444444445444444444444444445444445444333444444333443443433434334334444346655555554444212223334444555556666666676567776666666666666655555555544456897666777766676443544543434433333333333
44444444334434334433444454444343444444434444445444434343444443332242233433334334333443356556666665554223333445445555556666666676467777776666666666555555555555566787666777766775443425323444444445434334
44444444444444454444434555444444544333444454334433434433434332323234433333454344434333456455666644554323445554445545555566666666467777777666666655555555566666767767666776556743424233223433443334333434
44444434443333334345544555555544544444444544334444445444444434443344432345653443444434455445555444455322334554444444444566666666577777777776555666665566677877778768766665567533333222224334333333333334
34444444333434433444444345555544444454445544444444444444444444444444544455654345544445555444443354334322333444344223444456655666677767766787556666766677788877777657766666786423422222223345433343333333
44454444334434333554444334555543343333344444444434444444444444444444555665545445454545455444552354334422432333333234444444555565677766666688667777777788877776666434766667874433322222224443334444443343
44444434444443344544443334544443112234443334444444444444445444444554554454444556454555445355321544455322342344444333344433234444566665556678777777777776678776654323766677864435312222224433334345445334
45444544444444444444444444444443234344433445444544444454545555554555444545555445443343445452113444455421244333444433344334333222355555445566767787777755567765443222776777864434112222233343333344354445
44344344444443333444443444454544334434444444443344445454444444444445444545445545443343334441454444464322233333344333344333334322235554444543556688644434666643222222777777875433111222234433333544444344
44444334445444434444454444444544434433344444443343555545554334444444344544445444444444345444554433563221233344433333333333333333225555544542234466433222456433223434686788885432111223344433444444443333
34444444444445444445444444544543344433444444433444444554443344444443444544444334434444445435444433552231123233333333333333333443434665555543333344443333344433444434477789987432111223334434434444443334
43454444433444444455444444444555544544545455433345544443334444444444444443333334334443445545434432652121123333333443334333334444443666666654444444444434334334544443458789888433211233434334433444433443
43433333323444454544545554444455554445545445445555443432223333333344434443333344344443344455433322551131222444444333333334333444433666666664334443344433334433443333347889888533212236744444344433333433
44433434333344444544455533433455565444434434434334444433333333334344334444444444353443444555333224541231434444443434344334434432333766667664444443344333444433334332345889988743222349844343233344423333
33433444333333434333444444434444344332334443334333444444444433334444334344444444543344344665333344430332455444445444443444555433444876667655544544334333344334433433334899888852222269954343333343433422
34433343334444334534444444444333444433443334344444444444334343333334443444444444444344435987533554520342444445445444444544344543343797667755434333333444433333433333333798888873222289973434433443333333
33333343334444444433344344343333333445444444444444444433344433344344444444444433334344544677765533220343433444434434544443444433333797666764334433333434443333333333333699888885322399973333334443434434
33332233333334334444343333343344334444444444433334433444444344443334334443444434444433434455555543231454444544444444544544444344334697656675343333333333333333333333232599888897332499984333333343334433
22343333333333334333333344443334444334334444444344444344444444443445434544433434443333335655544333421354444444444434444443443344434798665554322333333333333332333333333489888888432399974333343333333333
33343433434433333333223434433334434444334455444443444443444444433444444544433443443343335888765432211344334444444334334444443343333898766654322223333333333333333333333369998888733389863445333332333333
33434444443444544434333334534433344433433444344433344334344434433344434344434333333343333766578621123333354343343333324433343322223798877763222233333333343334333334333348998877853279863333343332443333
33444344443444544434433434544433444344333444445434444443433553343443554344333344343323355443458411123333454343333333333333332233233798788875233343334342333333344343333437987877653268863333333333343333
33344343334443443335533444333333344434333344443433444333433433333343343333333444443333355331356311124343433443333333333333333344235788778888544344343344444433444333333435986766653258884333333333444433
33333333234444434434543434433443444443333333444344443333333333343343344333334444433333454432214101334333333343235334432233333454345687777888744333333335444434443334333435986666653238886333333333333333
44433454333334434433543334443333334434334434434344333344444444434444434333344444443334554443211333443333433332346334442233433444335686766654533433343344433434433334333446985577652226876333333343333333
44444554334333343333434334444444444444433434433443334433444443333333333433343445443344343454434344332333533332345333322223442344334576665534544433333433333433333334333433796676652223886333333433332233
33334444344344333343334434333331233434444444434333344344433443434443333433553455454554444344333333233334642332233225331213332235233367664456543433333334433344443333334334687887543222696333334333333333
33343444333344444444334334333333433443344344333333444345444444334443333433453444344654544554433233322235442231123123422212422344233347785565443333432344433344432333323322477887533222386334334333343333
34334544333344444334444334333333443443334444333443333335444344334344434434432334333543444433323333233234332122133235422233655353333446875465565333332233323334233333322222277887644322276322433323333333
34333443343343334334443334343333443333333433334433333334433344334443344334433433434443433433323444333344322222244334323453355342333335755366667333221222213334222233222121168887533222256322222223232443
33233443333333323334323334334533333444433333334433321333423333433343354333344443444333332443235644333353212233333223322233334444444325545346567533222122312223111123111221258776522222235211111112232333
43333343333223333344233334333333334333343333333333333233334333432454354234333443333333333443224744343234323335534433332353233443333335644336667863222212321332122123111220268877522122234111111111231212
32232233333322333345333233333333323322344343332223333234433333333332334333444543333332233233334644343245323444533443333553232322454235555644777875323112322432253123111221268776422122244111121111112222
23332233333332333433323333333333233323433333333333334433332443433433344334334433333433333333233533433334333234333333322433232333233236666653666564223112336512332134223232578776443122354231122131111113
22233333433233333324322333233333333334443333223333435433333442344444443344333333333333333333334222332332332334333333332232234323333235665543554354213123435423432243333343378776454222363332121122111112
33333333333333333333333323333332344333433222234433355434334433444334432243323443333233232333233332322332323233454333232333333333233344455555444455124242353544363353343343477776531222463123221221111111
34433333344333333333333433333233443223333333333334444343344324534433433333323323332323333423233333321333333233354332322323354332333334356556544555322234545564555543433544577876342322563213211111111111
33324433334343333343334433444333343334333333333334433333333334323333332222332323323222243322233322333232233333343333333434464543464332233324444546623223534354433344443654677875333223664211123133210111
33333443334333333443333333333333343334333333433333333323433333333333333222334333324232232224233333333333334463333343333334333433343432343333345434434433543334343445444543678875432235664111135363111111
44333343333344334433433333333323333333333443334433333333432322333233333333433243333333334233342234323233323343323333323333222232332452232333443343444333553333343444445544578775443135764121022341112111
33333333333343222333334334433333343333233432333443343334433323333333433332343433333332344232343233333233323333233332232233232123333653222334333333553455333532233443434544556763343214653121145333312231
22233333343333222334334344543343443333333333443343344433443333344434323333343333333233322342332332231243333323334333232333233223324743224334433333332244333432333543333434556654342355542232233422213443
33333334433334433333334344444443443333333334333343334323454333333334334343354333333233322232333332232233333233443224323333345332233453332334333432332233444332333543333455655541221445444221353543235533
33334434433333334333333334234344334333343343334333433233433334332343444333343333332333332233332233332333423334323323344333333335343333233333323332332233434433333633355545554431343244345433333564334332
32323332322332223333433323333344433333322333334433433343333434433333454344344432443334233343332234333333423434423233434333364233343333223332443332342223345433333543257535644422443464334444333445343222
22332232232322233333343333443334433344332323334344544442333344444333344333344433443223333443433333333333323422223235433343454223343322333332453446344233355432343434565433433334443354334333342332233532
33223333333333235444433343344444443443254334444344554443434443344333344334433444433333433433433332333333334322233346544334334333333333333435434433356333344434333432443433332443343333333343333333233532
22333344434433444443333344345443233343444333443343444444344434333334334443433433333333333434333332233433333333334334433323333333333344435533334433344333345534323443333422223554644333344423333444323333
35433343433444444443333333344343333444433334444444444443332334333243333333343433333344344334333332332333344344333343342222332223323343423333343333333333233433222433333322222325534444345523335733333456
44332323333443343333333222344334434543434433454434344443334433332343333333343323344333443333333333323333344344433343453232332233323433333332334443333233333323442422223333321225435544333432324423342366
33223333433344343433333333333333434333444334444333444433433432433333444334332333244333344433323333333433343334343332343334333222223532233343333333333233333233332433232343423244333333222332332234335556
43334334434333443433433444344334443344443444344433333333333344433334334334322454344444334434334433444433333333233442333333322333234432333343323333323233224222223444433343543324543333333353333324545545
33344434444434443333443244444454555455434444444434443333322355443344444533444444344344443334334434334434434333443343333333322343332322323343333332223223223223233343234233345423433356342234332344644444
33433334544444333343345444544544444345333334443343343344333444444443445543344334432335433344444444244445434444333333334333333333232333333333333332235533322223322322223222223244333257333243223333334444
33433443443443333344443434444434533443333334343333344345444444444333344444434434333334233333334433333333344343333333333323333333334333333333334433334433332222322323333223233345343335533333332333334343
44344434333232333334433334443434443333443333333334444434335434433334434443323444443444434444344333344333333343333333344333233344434334233334333322332323222233333332333323234332233333323322332443333223
34334333333433233434433443333333433334433433333433444443334433324433434332323444443334444434343443333445334443323333344334333244433333244443333333343233233223332232231222333443322233222222343333333323
33433333433443233334344433333334433433334434343444444333343443433333333332333333433343333333344443334544443433333333343334433344442354346443333343433333333323323233332232333333324433333233333433332321
33333333333433344433343333434333333343334334543333334333333334432333444333333334444444433333343334444333333243233323443234444444223323455433343343343333233223323432343433333333454433233232324434332222
