66556666666665556679999998655443235899987888997555544445555444444555555566666666666654554557766655555544444455556666777776776666666666666677777777777666666666777777777777666666666677777776666666666677
55565555555555666679999998655443235899998789997555444444555444444455555556666666555544554556756656655554444444555566666666666666555566666677777777777776666667777777777777766666777766677766666666677776
67766665544455555679999998654443335799999789997555444444554444333445555555566777665544544446656656776665444444555666666666666666666666667777777777766777766667777766667777777777777776666666666666666666
67766666555555555579999998755544345799999999997555433444444433333344444555566677765434444445546766777766544444455556666666666666666666666666777777777777666666667777777777777777667777777777776666666666
55555566666666554469999998766665456799999999996554433344444333333333333455556666654333434445445666677666666666665666555555555555555556666666666666667777666666556666777777777787777777777777777666666666
44444445555555554458999999887766567899999999996454333334433322333333333333445555554333334334445677777777777777777777777777666555556666666777666655455677777777767766667776666667777777766666677766666666
44445544455555555557999999988877667898999999996544333333333222222233333333333345543223233333335777777777777777877777777777777766666666666777777777766667777777777777777776666777777777666666666666655555
33345555555554444557999999999887667888899999996544333333332222222233333322222333432222223233335777777667778877877666666667777777777766666666777778777777777766677777666666655555666677777767777776655555
55555566666665555678999999999998877898889999986444333333332222222233333322222233322222222233235777777666778888877667766666666666777777777777777777777777666666666666666766665555555666666666777776655555
56666665555555667788999999999999988899889999985444333333322121222233333222222222222222222233234677777656667778887777776666667777777777777777787777666666666556677766666666666666666666666556666666555555
66666665555566788899999999999999999999999999975443333333222221222233333223333322222221122233224666666655567777777777877666656666677777777777777776666666666666777777777666666666666666666666666666555566
55566655556678899999999999999999999999999999964443333332222222122333333333333332211221121222234666566655566777777778877666666677677788776666677777766667787776667666677777666777677777666666677777766666
66665555677889999999999999999999999999999999964433333332222222123344444443333333211211121222234666566654456677777788876666666777777778876665566778888888888876666666555666666677777667788766666777777776
66666667888999999999999999999999888899999999865433333322222222223444555543333332211211121222234666556654445667677777777667777777787777777666666677788877777777766666666666666666777766667777766666677777
65566778999999999999999999999999876899999999864433333322222222234455555543222322111111111222234565556654345666667777776677777788887777777777777777777776666666665556666776666667666666677777777776666666
55667888999999999999999999999999876799999999854333333322222222234555555432212221111111111221233455456664334566556667766667777788887766666666677777666666666666655555666666666666666666677777777777666666
56678899999999999999999999998888877689999999853333333322222222335555554421111111111111211221223444344555334555555566666666666777777766666666666676777766677777766666666666766666666666666777777665555555
67789999999999999999999998888877777689999999853333333322222222334554444321111111111111111221222333334455323454445556555666666777888777666667666766666666766667777666667766666666666666667777766654444555
88888999999999999999999998888887777679999999852233333322222223344443222211111111112211111221122233323344322444444455545555666778888877766677777777776666677776665566666666666666667766666777777655445566
88988999999999999999998898888888777668999889852233333332221223444433211111111111122221111111122222222334322343334455444445566788888876665666677777877666667777766666666666666666666776666667777777766666
99999999999999999999888888878888766546899878973223333332221134455432111111111121222221111111112222222234322333334444444444455677888876666666666677777666666666777777776767777777777666667777777777777777
99999999999999999999887788777888766544798877774223333332222124554432222211111122222222111111111121112233322333333444444444445677888876666677776666766666666666667777776665566666666666667777776777667777
99999999999999999998887777777888765543688876675323333332222223443222222221111222223222111111111111111223322233323444444444445677888877777777677777777777667777776677776666666777766666677667767777666777
99999999999999999998877777667888764454588777666312333332222222222222222222222222333222222211111111111122321233223444444444455678888887777766666777777777777776676677777777776666677776677766667666665566
99999999999999999888877766666788753344478866666422333332222222222222223322333333333322222222211111111112221232223333444334445678888887777766666666667777777776666666777777887766666777777666777776655555
99999999999999999888777766666677653234467765556422333332222222221222233333333333333333333222222222222111221222222333444334455677788888877776777777666667776666666666666677778888777777777777777887765555
99999999999999998887777665566666653234567665445422333332222222211222233333333333333333333333222222222211221222222233443333445677777788887777777777666667777777776666666666777777788777777777888777766666
99999999999999998877776665556666653224556655444432333332222222211222223333333433333333344333333333332222221122222223443333345666667777888777777777766666666666666666677766666666777776667777777777766666
99999999999999998887776666666666653223445655444322333332222222122222223333334444444444444433333344333222222122212223333323345666666677777788887777777777777666666566667666656667666666666666776666666666
99999999999999999988877666766666554323443444444322333322222222122222222333333444444444444444444444443223332222222222333223345666666677777777777777777766766666666666666665555566776666666666666666666666
99999999999999999988776655666665543322343333433322222222222222122222222333333444444444444444444444443333333222222222333222345565556677777777777778887777666666666666677777666666666766666776666666666666
99999888899999999887665555566555443322333333333322222222222221122222222333333444444444444444444444444334443322222222333223345555455666677766666677777777776665666666666777777766666666666777777777776666
99987777777899999877654455455554443332333332233222222222222221112222222333333344433444444444444544444444444333332222333223445554455555566666666667766666666766666666666667777666666666666666666666666666
98876665666677899876654444444544333332333332222222222222222221212222223333333334333444444444444554444444444333332222333323445554445554555566676667777766666777776666677766777777666666666666666666666666
88776665565556789866654333444444333333233322222222222222222222212222223333333333333444444444444454444444544433333223443323445544444444455556677777778777677777777777766666677777776666666666777766666666
88766666665545567765554333333333333333223222222222222222222222112222233333333333333333444444444444444445544444433233443333444443344333444445667777778776667777776666666666666666666666666666666666666666
88766677766654555554444333333333333333222222222222222222222222222222333333333333333333444444444444554445544444443334443334444443333323344444566666777766666666666666666666666666666665556665666666666667
88777767766665455433333333333333333333322222222222222222222222222223333333333333333333344444444444554444444444443344443344444433332223333344556666666666666666666666666666666666666555555556666666666666
88777777776666444433333333333333333333322222222222222222222222222223333333333333333333343344444444454444444455444444544444444433332222333334556666667666666777776666666666666666666666555666666666666666
88777887787666544332223333333333333333322222222222222233322222222233333333333333333333333334444444444444444555444455544444444433322222333334455556666666666776666666656666666666666677666666666666655566
98887888877655543333222223333333333333332222222222222334432222222223333333333333333333333333444444444444444454444455544444444433322222333334444555666666666666655666656666677666666666666666777777665555
98888888877665543332222223333333333333333222222222223334543222222233333333333333333333333333344444444444444444444455555555444433322222333333444566666667766666666666666666666666665555555555666677666666
88778777777666543322222223333333333333333222222222234433444333223233333333333333333333333333433444444444444444444454445555444433322222333333344566555666666666666777777777666666666655555555555555566666
76566777776666654322222223333333333333333222222222345543333443322233333333333333333333333333333444444444444444444444444555444443332222333333334555455556666666666666666666666666656666655666665555555555
54444555555566554332222223333333333333333222222222345543333444322223333333333333333333333333333334444444444444444444444455544443333223333332234454444556677776666666677766676666666666666666666666666666
22222333344445544332222223333333333333333322222222345433332345532222333333333333333333333333333333344444444444444444444555555544443323333322234443334456677777766666676666677776666666666666555666677888
11111222323334554332222222333333333333333332222212344323333234542222333333333333333333333333333333334444444444444444444455555544444333333322334432233445667666666667777777777777777777776666666677778888
11111112222223444433222222233333333333333333222212344322333323453233333333333333333333333333333333333444444444444444444455555544444433343322333332223334566666666666677767777888877777777777777788777888
11111111112222344433222222233333333333333333222212343222333333343233333333333333333333333333333333333444444444444444444455555544444444444333333332222233456666665666566666666777777777777887788888766678
11011111111122334433222222233333333333333333222112332222233333333233333333333333333333333333333333333444444444444444444445555554444444444433344333222223344555544455444554455566555666667888888888766678
11111111111111233333222222333333333333333333222212332222223333333223333333333333333333333333333333333444433444444444444444554545444544444443444444322222233444333333333444444444455555567888899999877789
11111111111111122332222222333333333333333222222212333222222234432223333333333333333333333333333333333444433444444444444444444444444554444444444444433233333333332222333344455444566655678899999999988899
21112111111111112222222222333333333333333222222221333222222234443223333333333333333333333333333333334444443444444444444444444444444554444544444455544333333443333322233344456666788877789999999999998899
32111211111111111222222223333333333333333322222222243322222223443223333333333333333333333333333333333334443344334443444444444444444455444555545555544444444454444432233334455677899988899999999999889888
43321111111111112222223333333333333333333322222222234332222222333233333333333333333333333333333333333334433344333433444444444444444455444555555555554444445555555432223333344567899998999999989988888888
54333222222222223333333333333333333333333322222222223433222222232233333333333333333333333333333333333333333334333333344444444444444454444555555555554444455555555543222333333455678888888888888888888888
55443333333333333333333333333333333333333322222222222344322222222223333333333333333333333333333333333333333334333333344444444444444444444445555555555444455555555554322223223345566677777888888877888778
44444333333344443333333333333333333333333222222322222234432222222223333333333333333333333333333333333333333334333333344444444444444444444445555555555444455555555555432222223344555666667777778777888888
43334333333333443333333333333333333333333222222322222233432222222223332333333333333333333333333333333333333333443333334444444444444444444445555555555444455555555554443222222334445566666667777788888888
33333333333333333333333333333333333333222222222222222233322222222223332333333333333333333333333333333333333333343333333444344444444444444445555555555444445555555554443222222233444555666667777778888788
33333333323333333222333333333333333333222222233222222232222222222223332233333333333333333333333333333333333333333333333343334444444444444444555554455444444444444455444322222233344455566666777777777788
33333333222233333222222222333333333322222222333222222222222222222223332223333333333333333333333333333333333333333333333444334444444444444444454554444444444444444444444322222223344445555666667777777788
33333222222233332222222222223332222222222222333222222222222222222223333223333333333333333333333333333333333333333333333444333444444444444444444444444444444444444444444322222223344444455566666667778888
33333222222233322222222222223332222222222222222222222222222222222222222223333333333333333333333333333333333333443333333344333344444444444444444444444444444444444444444322111223344455556666666666777888
33332222222222222233332223333322222222222222222222222222222222222222222223333333333332233333333333333333333333444333333344333334444444444444444444444444444444444444444432211223334455556677666667777788
43332222222222222233333333333322222222222232222222222222222221222222222222333333333333223333333333333333333333344333333344433333444444444444444444444444444444444444444432211223334455556677777777877777
33332222222222222333333333333322222222222332222222222222222111122222222222233333333333223333333333333333333333334333333333333333343444444444444444444444444444444444444432111223344455566677888888888778
33332222222222222333333333333222222222233333222222222222222211111222222222223333333333223333333333333333333333333333333333333333333444444444444444444444444444444444444432111223444556677777888899998778
32222222222222222233333333222222223332233333222222222222222111111222222222222333223332223333333333333333333333333333333333433333333344444444444443344444444444444444444443211233455667788888888999998777
32222222222222222223222332222222233332222333322222222222222111111222222222222333223333223323333333333333333333333333333333333333334444444444444443344444444444444444444443222234556777889999888999998777
22222222222222222222222222222223333322212222222222222222222111111222222222222333222333222222333333333333333333333333333333333333334444444444444443334444444444444444444443222234456677788899988999998777
22222222222222222222222222222223333222221122222222222222222111111222222222222333222333222223333333333333333333333333333333333333344444444333444443334444444444444444444443222223445666777888888899998666
22222222222222222222222222222223332222222112222222222222222211111222222222222332222333322223333333333333333333333333333333333333444444443333344433334444444444444444444443322223344555666667667789988665
22222222222222222222222222222233322222222212222222222222222221111122222222222233222333222223333333333333333333333333333333333333344443334343334433344444444444444444444443322222334455555555666678887655
22222222222222222222222222222233322222222222222222222222222222111112222222222222222332222223333333333333333333333333333333333333344443333333333333334444444444444444444443222222233444445555555666776655
22222222222222222222222222222234322222222222222222222222222222111111222222222222223223222223333333333333333333333333333333333333334443333333333333333344344444444444444443321222233444444455555555666544
22222222222222222222222223332334332222222222222222222222222222111111112222222222222222222222333333333333333333333333333333333333333433333333333333333444443444444444444443322222333444444444555555555544
22222222222222222222223333333334332222222222233222222222222222211111111222222222222222222222333333333333333333333333333333333333333333333333333333334444443344444444444433322222334444444444445555555544
22222222222222222222223333333334432222222222233222222222222222211111111122222222222222222222233233333333333333333333333333333333333333333333333333333344433344444444444443222223344444444444444445554444
22222222222222222222223333333334432122222222233322222222222222211111111122222222222222222222233223333333333333333333333333333333333333333333333333333334433344444444444443322223344444444444444444444443
22222222222222222222333333333233332112222222233222222222222222111111111112222222222222222222223332333333333333333333333333333333333333333333333333333333433344444444444443322223344444444444444444444444
22222222222222222333333333333333332112222222333322222222222222222222111112222222222222222222222222333333333333333333333333333333333333333333333333333333333344444444444443322223344444444444444444444444
11222222222233333443333333333322222123322222333332222222222222222222111122222222222222222222222222333333333333333333333333333333333333333333333333333333333344444444444433322223344444444444444444444344
11222222223333334444333333333222222223432223333332222222222222222222211112222222222222222222222322333333333333333333333333333333333333333333333333333333333333444444444433222223344444444444444444444333
22322222333333334444333333332222211124432223333332222222222222222222221112222222222222222222222333333333333333333333333333333333333333333333333333333333333333444444433333222223344444444444444444444443
23333333333333334544333333222222111124432222333333222222222211222222221112222222222222222222222233333333333333333333333333333333333333333333333333443333333333334443333333221223344444444444444444444443
23333333343333334544333322222111111123322222333333222222222211112222221222222222222222222222222223333333333333333333333333333333333333333333333333333333333333333333333333221223334444444444444444444444
33333334444333333543333222211111111122322222333333222222222211112222221222222222222222222222222223333333333333333333333333333333333333333333333343333333333333333333333333221223334444444444444444444444
33334444443333323443332221111111111233322223333333222222222211222222222222222222222222222222222222333333333333333333333333333333333333333333333343333333333333333444443333222233333344444443444444444444
33444444433322323443222221111111111234322223333333222222222222222222222222222222222222222222222222333333333333333333333333333333333333333333333333333333333333333444443333222233333333334443344444443444
33444444333222222344222111111111111134322233333333222222222222222222222222222222222222222222222222233333333333333333333333333333333333333333333333333333333333333333343333222233333333333444444444333344
33333333322222222234321111111111111123332233333333222222222222222222222222222222222222222222222222233333333333333333333333333333333333333333333333333333333333333333333333222233333333333444444444333333
33333332222222222223421111111111111122332333333433322222222222222222222222222222222222222222222222233333333333333333333333333333333333333333333333333333333333333333333333222233333333333444333343333333
22222222111111221112332111111111111122333333334433222222222222122222222222222222222222222222222222333333333333333333333333333333333333333333333333333333333344333333333333221233333333333444333333333333
22222221111111111111232111111111111122233333444443222222222222122222222222222222222222222222222222333333333333333333333333333333333333333333333333333333333344333333333333221233333333333444333333333333
11111111111111111111122221111111111122233334444543322222222222122222222222222222222222222222222222333333333333333333333333333333333333333333333334433333333344333333333333222233333333333333333333333333
11111111111111111111112222111111111222233334445554322222222222222222222222222222222222222222222222333333333333333333333333333333333333333333333333333333333344343333333333222233333333333333333333333333
11111111111111111111111222111111111222333334445444422221112222222222222222222222222222222222222222333333333333333333333333333333333333333333333333333333333333344333333333322233333333333333333333333333
11111111111111111111111111111111112222333344555443322222112232211122222222222222222222222222222222222233333333333333333333333333333333333333333344333333333343444333333333322233333333433333333333333333
11111111111111111111111111111111122223333344555555532222222232221122222222222222222222222222222222222233333333333333333333333333333333333333333334333333333444444333333333322233333333333333333333333333
11111111111111111111111111111111122223333444555666653222222222221122222222222222222222222222222222222233333333333333333333333333333333333333334334443333433334444443333333322333333333333333333333333333
11111111111111111111111111111111223223333444555555554222222222221122222222222222222222222222222233222233333333333333333333333333333333333333333333333333344333444443333333322333333333333333333333333333
11111111111111111111111111111112333333333344455555544222222232222222222222222222222222222222222233332233333333333333333333333333333333333333333333333333334333444443333333322333333333333333333333333333
11111111111111111111111111111112344333333334555555543222222233222222222222222222222222222222222223332223333333333333333333333333333333333333333333333333333333444333333333322333333344333333333333333333
11111111111111111111111111111112333333344334555555554322222234422222222222222222222222222222222222222223333333333333333333333333333333333333333333333333333333443333333333322333333344433333333333333333
11111111111111111111111111111112333333344434555554454322222233442222222222222222222222222222222222222233323333333333333333333333333333333333333333333333333333333333333433322333333344443333333333333333
11111111111111111111111111111222233333333334555555555322222223454322222222222222222222222222222222222233333333333333333333333333333333333333333333333333333333443333333333322333333344444333333333333333
11111111111122111111111112222222232233333334445555555432222223345543222222222222222222222222222222222233333333333333333333333333333333333333333333333333333333443333333333322333333344444433333333333333
11111111111222222222222222222233223222222234456665555432222222245665432222222222222222222222222222222233333333333333333333333333333333333333333333333333333334443333333333322333333344443333333333333333
11112111112222222222222222222233223222222335555555555432222222235677543222222222222222222222222222222233333333333333333333333333333333333333333333333333333334443333333333322333333333433333333333333333
11112211112222222222222222112223222222223345666665555532222222235666654322222222222222222222222222222223333333333333333333333333333333333333333333333333333444443333333333322333333333333333333333333333
11111222222222222222222221111222222222333444445555666542222222223566665422222222222222222222222222222222333333333333333333333333333333333333333333333333333444443333333333322333333333333333333333333333
