22222222222222222222322222222344322222222333333333322343222222233333333334643334334433333322233443333359985455555555555557975443444444566643333456653333322333323333333333223332222233333332343332222234
22222222232222222222322222222222222222223423333333333333322332233333333334532334334333333322323443333348974455555555555557865443333333456543346776543333333333333333333333322222233222223333333332222333
22222222332222222223322222233232332222223333333344333233332332222333333323333244354344433322324443443358964555555555555556876323323333356543578875444333333333333333233333332222322222222233323333333333
22222222222122223223333333322333342332222333333333233333332222222333333333323334444333333432334433334359974555555555555555775532222222245556887754555544333233332233233332332223222222222233323432333333
22222222222111122222233333222333333333122333333222222333222222222222333333323333334432333332334444333359975555555554555555676532111111235789876655666544323333323332233332233323322222222323333332222433
22222222222223322222223223222333323333222333233222222233222222322222333223322223333433233342343343333489974555555544455544676421111111147888765555556543333332223333323333223322332223322333323322233642
22222232222223322222222222222333322223322333333222332232222222222223333222222224444433323544344464333489975555555555555444566531111013588877655444455443333333222223322332222222233222322233333333335643
22222233222221222222222222222332222233332333232223332222222222122223323322223223333333223343444345444799975555555555554444345422111147998887544333344343333232223333322322222222233332222223333322335433
22222233222222222212222222223333222233333233232222222222222222222212222222333223333333222343333234345799975555555444444443344432112588888764333333333333333222333333223322222222223332223233233322246322
22222233322222222221222223323332222332332233222222223212222222222222222222233234333333333343334334444589975555554444444443334531125777766543333333333333333332223333333322222222222332222223233333365222
22222234433222222222222122222332222222222223322222222322222222234223322222222223333333333233344333567899985455444444444443323433478777554333333333333333333332134322333322222222222233222222233223574223
22233334323322232222222222222332222222222332233222542323222211223312322212223333223333333223354457999999985555444444444443323577888764433344322233332233233333223332321122333332232223332333233222563223
22223333333333322222222222222332322222322442233333453322222323332322232212233333333334333222357799999999985555544444444433213799886444332343322233333333233323333322322223332332333223233333233333333333
22233333323333332222222222222232322222322443332222354323542243222463232421233223322344322234789999999999986555544444444432111477542232233332223223333333333333333322223323443323322233232223333223334434
22223333333333333222222322222222322222222443322222344313543232123342224632233323322234323479999999999999986555544444444321111244322222233322223223333333333333333332222323433333333233333333343344334324
22222233333323332322232211112223333232222433322223334312322222223332214732233213522223468999999999999999996455555444443321110122222222222222223333333333444444444433332223333333443333333332332223333334
22222223333322222223322111222123422353222433323322224333432233323432234642233333752236999999999999999999996555555444433221010143322222222222223332333333444444555543333322333322343333433322232223333223
22222222223222223222222112212224423432222333223322223323533233332332145542222233334689999999999999999999996555545444332211010254322222222222233322223333333445565553333333332222333323332223322223222235
22222222223223223211122212222233243243221332234322323323435434332222244333332223479999999999999998999999996455444444332211110244433322222212222222222333333345666665433333322222233343333222322222223577
22122221223222233222222322223234531143233332234322223322337435433222222332233357999999999999999989999999996444444444333211110145433332321112211222223334333455666666654334322223233332322322322232345643
33322221233322233222223333233255222133123342234322223321336533333322222333456899999999999999999899998899997445554444333211110146433333321111111222233333334555566666654334432222223233322323322224554433
33322331133332333234332233233552122234111243333423323333334334732332223446789999999999999999997899976789998545554444333211110135433334311111112222233333444555555556666544343222222222222213321245323433
22222222123234344334444332235522123234211243335433223333333332642354346899999998878999999999988999854689998635555443333211111134433333211111122222222233344445444455666665343222222322232223323332122232
22222223212332343123335521256323223134211243343343222233323322553244489999999977778999999899999999744589999634554443333211111233333332111111112222211233344433433444567766544322222232233224543222222232
22122223332233334124424522254223333245312145422234433232324433474356899998899975678999977788999997434789899624554433322111112333333331111111122222211233333222332333455666544434331123222335421232221222
22322232332123434334434522243323223345312365222644655323357765688899999999999976578889855666887765435799789524544433321111122333333431122222222222211123222122222223344455544455432224323445222232221123
44479753221231344544335542253222222455323543221455745546677998999999999999999985665577744555665555435678687334544333322111123333333321233322222222111112111112222223333445544455542235344334322232111122
34458744222442334555234452454432223565335353222464779999779999999999999999999985753445544455555554335557775344444333222222233433332222234322212222111111111111111222323344444455433236532243122232113422
33445455444532214444353342463322225435552344222366999998999999999999999999999997543444444445554444334556665444443333322222233333322222233333212211221111111111111222222334444455333344323343222332222322
33444554444332214544453233553322255424522356542489999977999998899989999989999996443344344444444444344445554344433333322232233333322222233333211112321111111111111122222334443454334443222343221332232223
33323542223322334665544343554322266545423245677999999858999987789999998658899996343333334444444444343444444334333333333333333333222222233333322223322111111111111111112333333444345333432333221322332222
43323543223324655665645545665422465676445345799999999658999987899999999746678885333333334444444444443443443333333333333333333222222222333333333333322212221111111111112233323344554322442333221322223312
33323533333336753643667655464433455475344358999999899459999999999999999965656865333333334444444443344343333333333333333333332232222222333333333333333223221111111111112222222345544332433322222322113322
33442423232337864555677544553333346576433699999997889559999999999999998875555765433333344444444443344333332233333333324643322322222223333333333333333333321121111111111222222344455433343332323322113322
23443422233324564566678655653444676456436999999997689559999999999999999965544554433333344444444443344333332233332232236533222222222223333333333444433443222221111111111121122433455433343323323322223322
33343421234435556664677644443455557544369999999998578648999999999999999855632355433333444444444433344433332233332222233332222222222223333333334444444443222221111111111111123333344433334323324322234322
22255433684456646657777544443565546864599999999998568647999999999999998765532235433333344444444444444433332233332222222222222222222233333333344444445543333322111111111111122223334444445323324322334222
34475248998875446679766454543455555745899999999999557747999998888999887666532123433333344444444444444433333233322222222222222222223333333333344344445444444432221111111111122222233345445222234332333322
36565698899986435566456544564344555668999999987998556746988777767866766555544222233333444444444444444433333332222221122222222222233333333333443344445555544443332111111111112222222334556322233223333333
45776877448775334654445645567444344579999999668998555746876665666655665544456543444444444444444444444444333332222245643222222222333333334433333333445555555444432221111111111222222234456422333123333223
44777654113666534656543445547745333555579996568998555655765544556555655544344445554444444444444444444444433333235656886322222223333333333333333334444555555444443333221111111211122223355544454223336333
32465553334445655568643235657854433423389765668998555655754445555555455544443445444444444444444444444444433322577544566432332333334333333333333333444445555555544443331111111111122222345555566324456333
33556655555544566556443235446843553312396555568887545544664334455566445444433444444444454444444444444444433225765433355443323334344333333333333344444445555555544444432111111101112222234555566545566444
34565555555556666665434324425533575311594455677777644543554344566777655544444444334444444444444444444444433247644433345675333344344333333333333344444444555555555544432122111101112211233444456556665566
24455444455667765654653334534333367422864455676667644543444344567777766544433444333444444444444444444434333465344443335776334344344443344433333343444444444555555544432232221111111111234333345445556666
77665443455555566545654443453444456756844445556666644453333333577665544333333333333444444444444444433333333553334443333586333333344443344333333433443344444444555555433333322111112111222233333333445556
75555543454445665545334333543545546999544445455666645773333333576543333333333333444333344444444444433333334433334443333475333333444444344333333433333444444444555555434444332111121111121233222223343334
64445555565357543443434444798633347997434444455666667984333333564333333333333334444333344444444433333333334433333443334553334334444444444333433334444444444444555555444554332211121111111222222222332223
64455544554465455443343334654443348984334444556666679963223332443333333333333334444344444444333333333333334443333333344433344344444444444444433333344444334444445554455554433222221111111222222222332223
53333333444654565554445544533335558742334445556666689864322233333222333333333333444444444433333333333333433543333333445333343344444444444444443443334433344444555544555544443333211111111211122222332233
54344333346665565554234455445565357323444444455666688764322223322222323333333333334444443333333333332344433454433334574333443444444444444444444443334333344444444444545544443443211111222111112223322233
34444454456565543332222455567754465224544455555566688764323233322222223333333333334443333333333333333444333245533334443333333344444444444444444434333333444444444444444544444443211123322111112223433233
44445664455556632223122355446644465225544455555555688655344323332222233333333333333333333333333333344443333324543333333333333344444444444444444344333333444444444444445544444443222344322111222233433223
76565544556565643222212335456544575235544445555555688655322432222222333333333333333333333333333334444433333232223322333333433344444444444444444444333334444444444444444544444443234444322222222333332223
34566655775544454422322345445444585334444445555556688576433344322223333333333333333333333334433334433333333332223222333333333444444444444444444444333334443333344444444444444443455443322333323333221234
65675468856544444533332345455433486334544455555555588565434334522222333333333333333333333554334554333443333332222223333333334444444444444334444433333334333333444444444444444445555543334433334332212345
63477776555554545533332334554344477334644445555555677554322344545653333333333333333333334532223444433443333333222223333333333444443344444444444333333334333333444444444444544455555433344333333322122333
44766755456554444432343224553233458534544344445555556654222234459987654444333333334433334323333334433333332233222222333333334444444444444444444433333334333334444444444444444455555444444334433221222222
45556667764544443323334334554332448645333344434445555654333324446665444444444443344444444323333334433333333222222222233333334444444444444444333333333334333334444444444444444444555545544444433222222111
75357777533445566677447645654445535754444444455444556754333333455566654455455554444444555323333333333333332222222222223333334444444444444444333333333334333334444444444444444444555555544444432223321111
95578766533245445566677766654444554566674445677544456645543332555446665666677764454444554222333333333333332222222222223333334444444444444443333333333434433344444444444444444444555555444444432233211122
58999544453455434445566556454454455576355454445555445445553233444446566655787654454444554222333333333334332222222222223333334444444444444444333333333444443444444444444444455544555544444444443333211123
58974563445554444554565556556665554565456554454455454434543323443345556535886443444444454222233333333333333322222222223333333444444444444444333333333344344444444444444445555445555544445544444433211233
77646754456644344454565545655665554567665555565446775443454333333334455446985444444444443222223333333333333332222222222333333444444444444333443333333444333444444444444444444555555445555444445443222333
76426645555534344454545445654554555556787555564545654454454333321222333335984333344333333322322233333333333333222222222333333344334444433333443343344443333444444444444444445555554444555444455443323333
55457643455533454454576554566544555556655544554555545455554333321122232236974322233222222356432233333333333332222222222333333334334444433333333343344443333444444334444444445555444445554444444443333333
44466455455532354455775554566665455556554455665655786355655333321122222234863222223222222376333443333333333333322222222323333333334444443333333444444443334444433344444444445444444455544444444443344433
46676665555443334568654455665566555655565567876678863455565433322222222223852222223222222363234323333333333333322232222222333333333334443333334444444433344444433344344444444444444455544444444444454433
77676666665434534564455555665445455665666776777775323455566544332222222224852222222222222342123223333333344333322333222222333333333334443333334433344433344444334444344444444444444555444555444444554433
67677666665533455543565555554445444566654556654432233355566544432122222223842222222222226532233223333333344333322233222222333333333334443333333333334444444444334443344444433444444444445554444445554443
67767755655432257654665545565435544466533456432222222245666543432122222222643222222222225432233333332333443333322233222222333333333333344333333333334444444444333444444444433444444444455444444455554444
76567655655432466666565546544444444564554565222222222234455554443222222222433322222222223343333333333334444333221233332222233333333333333333333333334444444443334434443443333444444444454444444555555544
66666655765433553235655444433334444553445664212222111234455554443212222222333322222222223343333333333334444333321222333222233333333333333333333333343444444443334434443443333444444444444444445555555555
66866567755435742235544444444334545543334564111212122334455554444322222222222322222222222343333333333334444333332222223222223333333333333333333333344444444443344444443444334444444444444444445555555555
56665444555435732224444444334454357453345576211222223333344355444322222222222222222222222343322343333344444333333212222222223333333333333333333333334444444444344444444444344444444444444444445555555555
55565546545435521114433544335433456553356556632223333333343465444332222222222222222222222443222343223344444333333221222322223333333333333333333333344444444444444444344444444444444444444444455555555555
55554346654443421234544544544334444553345535555333333343445556544432122222222223322222223443333443323344444444433332222232222333333333333333333333344444444444444444344433444444444444444444455555555555
55445554444255322233423423433455335444355555345443333443455445544433222222223223332222223443333443333345543333453332222233222333333333333333333333344444444444444443344443444443444444444444555555555555
55446666544366434322223335655443234443355333553455433344455544544443222222233333333334543443333443322334432213564333222233322333333333333333333333334444444444444443344443444444444344444444554555555555
45444455434656644321224644545654534433344333355335543333345545544443322333333333333334555442333433322224322234565433323223322333333333333333333333334444444444444444444434444444444344444444444554445555
35553334544534454222226423554554565534544334445655654533333444565444332333343333333334334543333343222223322455556543333333332333333333333333333333333444444344444344444444444444444344434444444544445555
34565444556644455332255322343345676444654234346666454565544433565433333333444444333333344445554454322233223665456643333333332333333333333333333333334444444444444444444434444444444444444444444444445554
33355334446743343432453342453235665343555333466987655556443333443344333333444433333234333334444554322233234555446643333333332333333333333333333333444434444444344434443334444344444443444444444434444444
22334344345444235444755456554335544543554433355687554554333445433344443333444332222225433332334554333334544446555433333333333333333333333333333333344333444444444444443344444444444443444445544444444444
23433332454433346645632455545533453443355333466676565554334664444344545544556876764334433333334554333334644455644433233333333333333333333333333333333333344444444444444444444444444443433445544444444444
22322333334643334435454275555554444343355444656765566775445654443233444577767977877565433333333554333333544446435433322333333333333333333333333333333333344444444444444444434444444444333445444444444444
22232234345654434425464258466555345354356767555556776878645533443333443577656677898644444433333443333333443554444432323333333333333333333333333333333333344444444444444444434444444444333444434444444444
22232333444454434534664236546556555445456654565687676768634434555433335563344577777534466643323333333333445643455432333233333333333333333333333333344333344334444444444444444444444444333444444444444444
22233122434455545653453424644545546665466555565577555645544456444344344344434587554344456655432333333333555444554432322223333333333333333333333333333333344434444444444444444444444343333444444444444444
32213223344443345653366533455555345565356545566666555655434444433344642345434435765455756655443343333333464555443342332223333333333333333333333333343333344444444444444444344444444433344444444444444444
22223222344434345555666666555544445553345556544666458555324433434456332334234334554455544444444333333333345565563343452222333333333333333333333333333334444444444444444444444444444433344444444444444444
32221322346544355555676456644544555434654655544565557666555433444654332244334344556444323323444343333222335443554334464332433333333333333333333333333344444444444444444444444444333433444444444444444444
73222233444544444553366556643555455443563555664465645545775544443344454564245335444544333322356434333222334533455344364223443333333333333333333333333344444444444444444444444344334444444444444444444444
98432333355544444454465555554554555434472453465664455434566764332233467642235334345543332232233433333222233453355433246324433333333333333333333333333344444444444444444444444443334444444444444444444444
89843334654544555444466554454543556545455543467865555433455654335643464344324345444443311333232343332222223354345433346244433333333333333333333333333344444444444444444444444443334444444444444444444444
37984233444543455543665445556643554577446445466655534533454554333324454344333355332354222323532244432222222355435522255365434333333333333333333333333334443444444444444444444444444444444444444444444444
44899533455664445433655454446654443465264346565465434543354654652354354444444444443455433222552344432222222355544532245455544443333333333333333333333333443444444444444344444434444444444444444444444444
33479964545765444444544455566554346653454566456544543453234765543444353344223233375464443455473344432222222234355532245435535544333333333333333333333333344444444444444334444444444444444444444444444444
43226998656874453455564445545555237755655775446434554355334687444334243443324333224345544543366455432222222344435642135545644654433333333333333333333333334444444444444444444444444444444444444444444444
54235799757775455555564345545556445655554555545434554335433575345445343333545345334334554343237644433222222344434654234455655654433333333333333333333333334444444444334444444444444444444444444344444444
44465469975443355544565435556556435533366544445555564444544664444454333334554345423333344333334434643222223443542355424445655544523333333333333333333333333444444444444444444444444444444444443444444444
45554455898543335444565334456455446522355555456644344333564554644455443365445554333344345423344332432222222453442246735435655544533333333333333333333333333444444444444444444444444444444444443444444444
34454464689854444444665555335555545445544565555523323322455554444445443354455434543334444333444443432222222356553347954334656644444433333333333333333433333444444444444444444444444444444444444444444444
54455565558985444345565467345434446555665645565432222322434444544544545444644443444333244433333344432222223355444445743235576544345543333333333333333333333444444333444444444444444444444444444444444444
56675465656998433435565445434544465223454335556564322333434533544556656445633354455332345334444334332222223345454444654345356455454243333333333333333343333344443334444444444444444444444444444444444444
34675444455789954433465345444566544423443433544566653334544443344445655434433342554333544433434333333223223345575444555545355345563354333333334333333433333334433344444444444444444444444444444444444444
56754555565577996433246324534346445553352364344344454444333233444345556555334343444333345432332332332222223346887445644666455345543454533333334333333433333334444444444444444444444444444444444444444444
66634555665454699744346667635335436465443355332344432344553223444445556664433345556654356543322232343222223355577655764646455445653431443333334333333433333334444444444444444444444444444444444444444444
44543353543345459983356798556333334336534234333343344433443333343344455456553354454553345754434433233222223345546665675645565445555433565333334433343333443334444344444444444444444444444444444444444444
55544565554255334898435545666433333435535443444333355443234434443344454544455653334443234642577533354322222344555444576754555555554336657433334433344433443333444444444444444444444444444444444444444444
55654443455343332489944655556533334454367664445533554344334534446644445554444553223323332441346654553322222344445675578865545534554455445533333434444434433333334444444444444444444444444444444444444444
54444443444343322238996755456653455334456544333433234445555434443444334455455457543224544775554566554322222334445566888764655434454333366553333444444434443333434444444444444444444444444444444444444444
