23476321112222213778864322223212222123221376322334432223223532122223358888888888888888888888888645888755555557877787533322344433222323455343578888888888888888888888888888888888888888888877777777777777
32376321222212212687553222332222221212222375322233332222223321112232245788888888888888888888878645888854333457778677543332353333312323443345688888888888888888888888888888888888888888888877777777777777
31376322321222222375322332332224222321122475322223322222223541112222125778888888888888888888878645888743233368755444443333343223311222322236888888888888888875667888888888888888888888888887777777777777
43276323322222122364332233332423222211223476322223322222223773111222222367888888888888888888878645886433333356653322333333333322222223322225888888888888888854444578888888888888888888888887777777777777
54366334333331123244422233333422133223434377422223422223224553111232222344567888888888888888877645865443433333444532333332222322222222222236687678888888888643333357888888887777668888888887787788777777
44576245545544455444544444434433355434444167422233422223232232112332112332345678888878888888877754643343533322334555443223222222222222222333664568888888887433333345877888887776558888888888878888888887
43576334444455555444444544555445555555454466423344433344444443111332323433333478888876568886777754454444522222244676433334432222222222232222334568888888887543333434866888887877547888888888766778888887
44576334444444444444444444444344444454455545335555455455555555444555555555554667777765456674467753465434422222253544322422321133222232222333333467888888887643333345765888887776548888888887554657788777
44576334444444444444444444444444444444444565434444454455555545555555555555555565555665565555678754555556555555555544444545544344333345333334433567888888887533334566653888887776558888887785333334577547
33476333333333434444444444444443344444444566434445444454555555454445555555555555555555555555437643555556555556665555555655555555555557555555555566666666665544333556553676677776448877777654333333354335
33476333333333433433333333333443333444344576424444444444444444444444444455555455555555555555426654555555555555555555555554455555555557555555555565555555565555555556555555556777546555555555545444454444
33476333444444444444444444444444334444343576434444444444444444443444444444444444444444444544557753544555555555555555555555555555555455545555555555555554565555555556555545555777545555545455555555555555
44576334444444444444444444444434444444444466434444444444334444444444444444444444444444444444468753444444444445555555555555555555554444445555554444445554444555555555555545555676545554444445444444455555
44576334344444444444444444444444444444444566434444444444444444444444444444444444444443344444467763444444444444444444444544444455544544454545555555555554555554555544555555545677534454555444444444444444
33576334333333333343333433344344443443343576434443444444444444443344444444444444444444444444467764444444444444444444444444444444445444444444444555555554444444445444445555545786534454454444444444444444
33576334333333334334333333343333333433443576434444444444444443343444444444444444444444444444467764444444444444444444444444444444444444444444444444444445444444444444444444544686534444444444444444444444
33476334334434443334333333343334333334433576434344444444443333344444444444443344444444444444457764444444444444444444444444444444444444444444444444444444444444444444444444542276534444444444444444444444
33476324344333444334444333444334443333434575333334433443333334444334433444433334444444444444457764444444444444444444444444444444444444444444444444444444444444444444444444443266534444444444444444444444
33476433334333344444443434444433444433334574324444434443333334433444444444433212344434444444357764444444444444444444444444444444444444444444444444444444444444444444444444444576534444444444444444444444
33577434333333333333433333334433334444444575434434444443433444321344444444443125444444444444457764444444444444444444444444444444444444444444444444444444444444444444444444444666554444444444444444444444
33476334433443433333344333343444334444444576434334444443334444521344444444443145534444444444456764444444444444444444444444444444444443444344344344444444444444444444344444444676544444444444433443433444
43266334444443333434334333333443334444344576433334343344334434630244444444444254534444455444447764444444444444444444444444444444444444444434333434333334334333334444334444434676544444444444433444444444
34466334444444434443444334444344444433434576434434344344434444662144444444444454634443444444457765344444444444444444444444444444444444444444444444444444444443444444444444444656544344444444334444444444
33476324444444444444444444444343334343433576434344333444444444586134444444444655634433444444447764344444444444444444334444444444444444444444444444444444444444444444444444434665544333343344444344344434
44576323344344444444444434344433334443344576434344333333344434378424444444444644634444444444457753344444444444444444344444434443344443444444444444444444444444444444444444434776544333333343333343334333
34576334444444443344333444343444434433343676434444434433433334368513344433453653634444444343447764344344444444444444444444444444444443333333444434434444344444334433333443434887544334434433333333333333
44466334444444444444444444444444444444443376434444444433443444457512234433443523634544444333447765344434343344343444434444444444444444443444444444444444444433333333333333334777544433334433333333333333
55576334444454555445444444455454444444443366534444444444444444456632223444434553534554445444447765333333344344334333434444444444444444333344444444444444444444333433334333334777434333333333343344343333
44576334444455555555444444555555555554443576434444444454444444556663111345434653432444455455457765344344334434334444444444334444444444444444444444444444444444444444444344434776533333333333333344444343
44476334334333444444444444444444445555555576435544555554555445567874111144434663531344444354557765344444444444444444444444444444444444455555555554445555444444444444444444445875544443333333333444344344
44256334334343433443444333334444444445555676435655555555555555568985221134334666631234444343446775355554444444445444444444444444545555555656656666667776555544444444444444445776644444444444444444334344
33466323333333434344444334443344434444434576434443334444444555556887345555455588432123223233336775354454555555555555544455555565566667767777777777777776666654444444444444445876744444444444444344343344
43476323344434443443344445444444334444333576534443333334444444445568677667756786333343322222334665344444444444444555545666667777777777777776676667777776777777654444444444335877634444444444444434343333
43466323334434444443434434445444454444444576434444333433334443344457765666655864233456644333333455445444445445555556777777777777777777776666776666777777777767666444444444435876534334443444444443343333
32476323333333444444444443434444544443444576424444444444344344434357666665564553223456766435432345444444545566567778887777777777777677766666666666777777777776666654444444345776533333333333333443333334
33465322223223333343333444444433433333344576535544444444444455544466666665554343112345676666532333344444456787777777787777777777776777666666766666666677777777666665554444445777534344433333333333333333
22334322323323342333333433333333343343343376434444444544444444544666666665444322112222345666644445455444577767777777777777776767766676666666666656655677777776777776555555556777644444434444443333333434
22223223233222332343333333343443444433343366434444455444444444446666666665444211212222222356656678688754566677777777777777776666666666666666666656555667777777777876554454556888645555554544434444444343
33222333233332333333333333333444454444344576433443445544444444566676666665554311122222222223456677787874467777777777777777666666666666666666666666655566677777777776554454446867645554445555545444444444
33333343334433333334444334333333333444444577533443344445444445666676666655554321112222222222234466677884368888777777777666766666666666666666666666655566677776677776456445445645535555544454455544555544
34444443334443344444444333334433344444444577423433335444444444577776666544442321111222222222222245444466457878778777777666666666666666666766667666654456667776677775356545445765534444444444555554455455
34443333333334433443343343334433333433333466322333334444454443377766666665543221121122222222222222222236347877678777777776666776666676677776676666654456666666777765235544546766544444444444444444445444
44444333443445444444334443334443333343333465421222334334444433367665566762122221122122222222222222222224468776678777777777766676666666677777776656554455666666777775333454446776544445444444444444444444
45554444455454354444444443344334343343333565421212233344334333466655656510011211112111122222222222222224557766688778777777766776666666677767666556544455666666666764353345545775434444444554444444444444
44445444343345544444444554443334443344433454432322333333333332466655546333111111111111111222222222222225557677777778777777777777666667777666666555544445566655666653144334445776534433343444445444444445
44333444334344334444444455433434444433343332333333333332333444566555445554221111111111111122222222222236557667777778777777777777666767777666566556543445555555555642134444334676534444434444444444444455
44333334444333334445444445544444444443443443333233334434433334564454554432221111111111111112222222222257657667777777877777777777777767766556665456544444455554445532344444223466534444445444444444443444
34444443343333333444434434444444434444444454334322333234433334654444554333311121111111111122222222222366646677777777778777777766777777766556654456544455455554444423444333223246544445444544555554444444
44443344444343434333323333444444334445434543443444433334433344666545544333211121111111111122222222223676646777777777788778777666667777655455543466545555554544333224444443113213333443444444445445544445
34444433344333433334434334444454444454544554544444433434434555556665432232111211111111111122222222246776656676666667777777777666677666555554433566555555555543332244444443112232211223333333334444444444
34444444333443453444444444554455545543444554454444334544445666555455421121113511111111111122233333476776655666665667777777666657676665554444433577665555555543322343334333322124323223333343333333333344
44455444443334444344444444454444444444444444455444455444334579874443321111234311111111111112232455676776655565555566777666766666665655544443433677665555555433223443334333334543233333333333333333433333
45444444443344433444434444554443444443434444444444444344433698886543222113333111111111111112222345776776555555444555676666665656655555433444324777655555444332223443344333346776433333334343433333333333
54444444443444444454444434555444444543333444443344333344334898887542254223111121111111111111122356777765554555434555666665665665555554333334324887655544443322333445443333446776334333333333444434444333
44444444344433333333345544455555445443434445443444444344444788887432233122111111111111111111112356777765554545434555566665556555555543333333226988655544432223334454343333446775334443233333444433344333
44344444444323344333554444355555444444544455444344444444451355421423232011111121221111111111111256776765554445333555556655556555555443333332238998655444322234333353333433457775433533335434333333333334
44444444443344343434544443335554443343333454444444344444442233100423332111113521352111111111111246776765443345433544455555555555554333333323339998655443222355333343335444357766434443333433354333333333
34444444434444443445444443345454432122244443344444444444433211002422322113434411255311111111112225776765442345543444455555555555554344433233339997655443234554333333344454346776433333444433444333434432
44444444444454444444444444444444433234444334444444444444443322223222112134455211355441111111112214776664342345654334554555555555543444333333227998665443445554343334444343346776433334444334333334345444
44443344343444443434444444434545444344444444444443444444554322221111111335444113445333211111111222776664442355554334555555566655533443333332213997677545555554344334433443422676434344433333333333344444
44444444344444444444444545444444544344433344444433434555454422221111112334443124444433322111111122576664443355544345665556666555444433333322310698786555555554444344433443331576444444554334433333543444
44334444444444454444454445444544533444434444444333444445544432211111123445553134344344443222221122376653433455443335666567766443333333333223310178876556665555543445433433344566434444455444333434534443
33443444333334444444455444444444555544445554554333444444544334421123333444431134343344443322222222266543433455433225776666655433333333333233330137876555666556544554344434447776333343444444434444444443
33444334333334444444544455543444565544445444454455554433333333433333334344442233334344443332222332235444433444332224666665543333333333333333433345876666676656665444434444447776444443333343334334444434
34434334433433433434444455434333455554445334344343344444332433333333443344443434443443343433323333323323322343221223345544443222333333333334333344556777777766677543333444346776433443443344334334433334
43334433443333333343333444444434443444322334443233334444444444333343443343444445444433434433332333332221211332211222233333332233223333344334333444434677776765676766432444346766424533443343433343434333
44434333433344443344434444444443334444334443333344444444443344442343343444444444445433343343333333333222211221111223333433334454333443343444445445444356776676677677653344446765412333433343333333444333
34433333333343344444333343343333333334454443444444444444333444433343344444444444333444444433333333332222224433212235444445444445444443344444344344333334676677777776653333446764311333322333434333343333
34322332333334333344343343333433344344444344544333334334444443344443344344434444343444444433333333222222236544322234345444434444333344454454333344333333245677888767643333336765312332223433333334434334
33323433333343333333332333344443334443343344445443444443444444444433344344544434344443333333333322343323336554332334445445444443353334443333233343333334312367888865653333336655212322233333333334433334
33333334434344433433333233344333344334444334454444433444443444443434454445444334434432343344444333444445546654323434444444433433344444233333233223333333322248888864553334446554323333332333333333433334
33334433444434445544343333335444433444434434443444433444333444343333444344344344434433443344444344433345444653422433443344444433433244332344233212233333332227888864453333445433333233223333334333333334
33333443444434444444334434434444333443343333444444344444433334543433435543344343343333333334444334333333434653432333433334433443324334333343212222223333333225888765543333344333333333333334344343322333
34433334342234433434346434433333333444444333444434334444334434433333433433433433443433333213444343433444434543443233434333433354336533333243322223333343333322488765554334433333333333344333323333333433
44434333333334334444336434444433433444433333333444344433333343333433433443333344444443333221432443444444434434333222344334343333444334433433333444443433344743268765543334333333334333333333333333333343
44444445544333333434335433334443343344344344434343444433344444444344444343333344444443343222321444444433333434443222344434444334544454333434334444333323344798559876544333333343344333333322333333334333
44334444543343343333333344333444444344434433344434433334334444433333333333333343444444443223323444444434334444555544345443454344544444435334333433333433354488778776544334455434654433332333333333333343
33233444443343443333433334344333312334434444443333343343444434434334443334334433564444442223333333343333335434555555555454444543444444334434333344443334333387877786544334345534443333333433333334433332
22344434443333344444434343344333334324433443443333333443444444443344433334434533454445632223334333332223345533455555555444343443444333434333333345433344344347877776343434555443334333333433333343333322
33343334533333443444334433344333333434433344343334433433355444443343434334343432443345532222334332323232354453455555443444344333354343333343344354343333444435876765333433554233333334445553333444433333
33333334333443433333344433344343333433333333333334333333344333544344434433344423334333542222333233433333354443445555432433333333233232222342343353443432343334766664333434445233333334334753443443333333
33442343434332333323343223344345434334443333333334333222334222334433433443333443334433542222343335543444543233334554322323222222222211222322333333433233333334666665443422443332333333343443333432233233
33333333433333223343353332344333333334333343333323333332323233334323533553333334433333542222332246533343443333333444222322122221111111211221233223332233233333666675433322122222332333253223332322232333
33322222233333222333353332333333333223223443433332233332344333333323323333334435433333442222332236443432352344322322222322211111111112112122123222222222222323666676332222112312222321212232222212123554
34323333333333333334333233333233333233224333333333333334333333434333322343333344433333452223333336433442453333433233322321211111101221112146312211121121112214666676322112111211211121111121111331112644
43322333333332333333244223332333333333344433332233334345333334422444443433343333333333464233332343334233342322343224544221111111101120111134211110111121112236666654221112112111111111112452110452443334
33334433333333333333333334333332333443334332222344433554343344424443344322433224334332466333232332323223222322332122444231111111110210110111111110241121112225566653221112112112221121044342320562543223
43334233333343333333333333434433233442233333333333344443433344235344333333433223233333676443232333422123333332322112454354211011001211111121242110351251322335556643311111211143142110123333343434652144
34332334433343433333433333333443233443343333333333334333443333344334333323222222232333776553232333323222342222211112365465521431111221222353265320343221554345555554432112223254132101114333334445443244
33433333433343333334433333333333333433333333434433333332234333333333333333223343333243776653232333323333231111111111255453312534212633322332234442356233244344466443432223534221222111133335544333443333
44443433333333433334334333333333233433333334433344333333334323223332333333333332333335766753243333343322112111211110144432211223222334423423433454344234334433455533442323535313323211143355543464644333
33223333333433332223333243344333333433332334323334433433344333223233334433324433333347767753323322333222121111113211145433310121112223532324444433334443325543344444542334315534424422253354423344633332
33233333343333333223344343444433334433333333334433433444334433333344433223323343333356555643323223312212111111112332356644211120123336532323344323335533543334323344431345334543333434334554233343433222
33233333344333344333433343444434433433333333343333433343234543333433343333433533334466543543423322211111111112223342444332331331233236532233334333333322453324322335431223344433434544454453332455323222
33333344334333223333333333342343443343333333433343334332334433333323334443333443343456663431333322211110111223333333244433323453333334533323343234223322334443323334423234234333333434654342323434322226
33323323323322322232333332233333344333333323333344334333433334334333334543344434344334542222432211122101213223453233233443333333353433322333333223324322344344433325433444344433323322344454323435543345
33333232333333222344333433333433344433443333233333445444423333444343233443343433345431221123323222333113333234333232334343333642333433332233324433323421233454333335432475355444323443644444443334553343
33323233434334433354434333333454443434432544334443445544433344433443333443334434444332212323334433323333332333222233364333434432333333223333324524564442333564323434345664344433334434553344443433343333
33334333434344334444433333343354433333434444334433434444433444343433343444434334333323334334333333323333333343223333465443333343333333333334343334343563343444343334334434433323434333444332433333332335
33354433333334444443333333333443443344344333344443444444433323343332433333333334333322343443343333323234323343343343343333223333333333444355333344333453334445334333333334332224534443333343433333333334
33433223234333443433333332323333344345434344334454343444333343333323433333333433233343444433343323332223333443443233433421223323233333333233333433333333332434333224433334321223356444443445234356343233
44433333344342443434433333333333334333334443344433334444333334324333334443343323323443333443333333333333333443444333434433333322333234333333323344433332332334334424223243223222145255444445332346333334
53333343334343334434334333443443444433444434343443333334333333343333343343443223433444333444342244333434333333333334323343343332222134322333333333333332333332333324342233435222343344343223222332233433
33334444344443344333433443444444545554454344444444344433333223544433443444334344543443444434343344333444333343333334423333333223332344322333433233333332332232222224444323435323334432322323423332333366
34334333334434433333443444344445444433443333344433443433343233444444434455334443343432455433444444443444443343444333333333333223333223223233433334322232232232232234543342334544235333433333443323346444
32333444343333333333444333343443345324433332333443433443453444444443334444444444343323343333434344343434353344433333333343333333332333333333333333322355333222233322222342222242233332563332443333444444
32343343333333323333344333343434334433334433333333344454343444354333344444433344443434433344433343333333333343333333333333233323333343333333333344333345433222123223123232232222453332464333332233333245
33333333333334332334344344433333334333344334343334333444343344333244444343333234544433344444443443334443443334433333333443332322444343332333343333223323232222223333323333232332333333345233233323443333
45333333334334432333333434334333334334333344343434444443433434433333333333323333334323433433333444433334553344333233333443443333444433333433433333334432322332233323322323223344323222332232223333333332
34322323333333333444334433334343333333433333345433333343333333344323334443333333344443433333333443344444333333333333333433353333444424533554433332434333333333222232333312323334333132333232323433333323
33432333333333433344334443333344323343434334334223333433333333344333334432333333334444444433333334444553332333332333334332344444432233234554333433433433332332233233323333333333333354333331323334332322
33343343433433332343333444333233444464433343232223334333333333344333333332332233434444343433344324344543333433333333333233433344333333343433333433433433333231333344333434443333334534333332322233343332
