88888888888887777777666775699989996333222222222345554311122101111233123435544434543224555666666666666666666655555666666655455444555666666666666666666566665556544455556566666655565566665556666666666677
88888888888877677766777665589878986223222222122345443111111111111232112335444334443224555556666666666666666655666666566544555455556666666666666666666666666655555555666566666555555566666655665556666666
99988888888777667766777665369877887223322222123454332111111111111122112335344234442123555556655666666666666666556665555323444455556666666666666666666666666656666665666666555555555666655555555677666566
99888887788777666656777655337876667313322222124553111111111111111121112244233233442113454456655556666666666666666655566433444444444555566666666666666666666666666666666666555555555555665555555665666666
98888887777776666666787544426876667412332222124531111111111111111111112233232222331112444446545555666566766665556666665554445443333334456665566666666666666666666666666666666666666666665566555556666666
88888888777766666556777523335876666412322222123211111111111111211111111232221122231112333335444455566667766666666666666666666643333344556665566666666666666666555556666666666666666666555666555555566666
88888888776666665456666522344765556412332222122112122111111112211111111121221122221111232334334445566677765567777666666666677655555566766666555566665655555555554445566666666666556666666566655555566665
88889888777766655456666531355655445422332222111112222211122222211111111111211112221111222335434444566678754456666666655555666667666666666666666666655555555544444556666666666665666666666666555555555666
99899998887776556666666432345664444322332221121112222222222222221121111111110111111111222334333444666778656665566666555555666666666666677766677665555566566566555666666666666656676666666666666666656666
77788999887665544666655432244444444322322221221112222222332232222222111111110111111111122234233345666777666666666655556666666666666666666665665555556666666666666666666666666666766666666666666677666677
55566788876554444455544432243333333222222221221112222333332332222232221111111111111111112243223335666677766666665555566666655666655566666555555566666666666666666666666665555666666566666666666677777777
55444557886554333344443332233323333222222222211112222333333333333332222222222211111111111232223345556677666666665556666666555666555655655555556666666666666666666666666655556666665565566666666788776666
66555445677554333333333322233322222222222222211112222333333333333333333223233211111111111232222246555676666666666666555666655555555556666555566666666666666666666666666656666666666555555666666777766777
56655544554444333333333322222222222122222222111112222333333333333333333333333212221111112221122356555666666666665555556665555555555556666666666666666665555666666666655556666666666666656666666666667777
56666653453333333333333322222222221122222221111112222333333333333333333343333222331111112221112355445666666665565444457766666655665555666666666666655556555666666555555556666666666776666666766777667766
76666654432223333333333322222222221122222111111112222233333333333343333343433332332111112221122354345556666655554444566666666666666665566665666666655566665556665555555666666555677888666677777776666666
77776554332222222333333322222212221122222111111112222233333333333333333444433333432222212222222443335555666654555655654456666666676655566665665566666666554455555555556666666666766666567777777777665566
77766554322222222233333322221112211122222111111122222233333333333333343344443334432233212222223433344445555555666654433455666666666566666666665666677655544555556666666666777777775566778877778877766666
76666564422222222233333322222112211122221111111122222233223333333333333344443344333232112232223333333334445665556544434544455655555666655666666556665544566666566677666777877667887777777666778777777776
55665654432222222223333222322112111222111111111122332233233333333333333334443344333332222332233333332233346676655566445554444555555566656666666555544556666666666788777878877788887777776666777778888887
33444564322222222223333222222122112211233211111123333332333333333333333334443344433332224322333332222233356777655555666555543555555667665555665566666666666566666788888878888888877777777777777777888899
22233454432222222223333222222222212113455321111123333333333333333333333333443444444432344333333332222232346666655555556655433445556677666666666666676667766676667788899888878877766667776777777777788899
12222344332222222223333322222222222124433322221222223333333333333333333333444444444433444334333332222222345666666655566654333455666677666666666677788887776788666889898878778777766778777787777777888899
11112234332222222222333322222222221145322333222222222233333333333333333333344334444433444444343332211212344467665566666654455445566766666666667888877766556789878999987778777676666788887888878878888999
11111223332222222222233332222222221243222334422222222223333333333333333333343333444334444434443322111123343466556666666656655555566666666677788877775555578899879999766777776677667777888888888888989999
11111123322222222222333332222222211342222334532222222223333333333333333333343333344344434444433322111223333554455666566777777666777777777788876556887677899999888888776777777788887777889999999999999899
00111012222112222222233332222222111332222322442222222223333333333333333333333333334434443444444322112222225533355666677777776777777887887776774468999889999999888888766678887888877778889999999999999998
11111111111122222222222233222222111321222222342222222222333333333333333333333333333433443444444332222232244222345676777766654555555544566678975689999888888888778887767778877788767788889999999999999998
11111111122222222222222222222222112321222222332222222222333333333333333333333333333433344444444343322321242122234577765543433433334334588899877888888788888877777777767888877778877788888999999999988888
21111222222222222222222222222222112322222222332222222223333333333333333333333333333433344344444334323322322222222455434433434333335556889999888887777777777777777888778889998778888888888999999999987778
32333333332222333222222222222221111322221222332222222223333333333333333333333333333433444444444334333333322222222233223333334455457767788888888777777777777777788998899999987777889888999999999999887788
33333333322233333322222222222221221232211222432222222223333333333333333333333333333333344444444333434433333332222233233333345555568888888887776777777667776666789999999999877777888888899998889988888788
33233333222333333222222222222112222243221122322222222223333333333333333333333333333333333344444443444433343443333344344322344455588777778777777777777666666667888888888898777778888888889998888888888888
22333222222333322222222222222112222123321122222222222222323333333333333333333333333333333344444444444444444444333444445422343444666677777677777777777666677778988788776777677788888888888887888888888888
22222222222222222222222222221122222222332122222222222222322333333333333333333333333333333334444444444444444444344444455432344444566666777777777876666777778889999778777677778888888888877777888888888877
12222221222222222222222222221122222222222122222222222222222333333333333333333333333333333333443444444444444544444444455443333434455556676666777766777777789999999877888777788878888888888888888888888777
22222222222222222222222222211222211222222222222222222222222233333333333333333333333333333333443343444444444444444444444444432323344456666667776777777766789999998867788877777777888888888888888887777777
22222222222222222222222222112322221112222222222222222222222333333223333333333333333333333333333333444444444444444444444444432222343456556677776777777776678889887866788877777778888888888888888877777777
22222222222222222222222221222222222111222222222222222222222332333223323333333333333333333333333333444444444444444444444444443221223455666777666688766666667788766666677888888888888888788888777777777777
22222222222222222222222221222222222211222222222222222222222222333223322333333333333333333333333334444444444444444444444444343221112344566777777888777767766678755567777888888888888887777887777777777777
22222222222222222222222211222222222211222221112222222222222222233223222333333333333333333333333333444334444444444444444444444321112334456677777899877767776567655567888988888888877777777788777776666777
22222222222222222222222222322222222211222221112222222222222222222223222333333333333333333333333333444334444444434444444444444421111233455666677899976766776566666788999998888887777777777777777777766776
22222222222222222222232223322212222211222211112222222222222222222222222333323333333333333333333344444444444444433444444444444432111123445567777899976766665556788899999998888887767777777777666677766677
22222222222222222223321122222211222211222111112222222222222222222222222233233333333333333333333333333333444444443444444444444433222123444556776789876666555556788999999998887777666667677777776776666777
22222222222222222233221111222211222111222111112222222222222222222222223233223333333333333333333333333333444443444434444444434433222223344445665678876555445666788998899999877777766666667787777776667777
22222222222222222332222221122212222212222111112222222222222222222222223233222333333333333333333333333333444433444434444444444443222222334444554567776444445677788888888888777767766666766666777766666656
22222222222222222322222321112222222212222111112122222222222222222222222222222333333333333333333333333333444433334434444444444443322222234444444455665444446777777788888887777667766676676667776667766666
22222222222222223322222221112222222222222111111111122222222222222222222222223333333333333333333333344333444443334333344444444444322111233444444555555433456677766776777776666667766666667777766677766666
22222222222222223332222222212222222222221111111111122222222222222222222222223333333333333333333333334333344443333333344444444444332111233444444455554433456677776776666687665566776665666777666666666666
22222222222222223332222222222222222222221111111111111222222222222222222222222333333333333333333333334333333433333333344444444444332211233444444444444433456666766666666677656656676666656666666666666666
22222122222222223322122222223222222212222111111111111222222222222222222222222233333333333333333333333333333433333333333333444443332212234444444444444433455666666666666666555665666666666666666666666666
22222222222222223332112222223222222211221111111111111222222222222222222222222233223333333333333333333333333333333333333333334333332212234444444444444333445555666666666666555665555666666666666676666666
22222333333222223332111122222222222111221111111111111122222222222222222222222223223333333333333333333333333333333333333333333333333222233444444444444333344455555555666666666666656666666667776665666666
22333443333222222221112222222222222122221111111111111122222222222222222222222222223333333333333333333333333333333333333333333333333221233444444444344333344444455555566666666666665666666767766666666766
33334554333222222221122222222222222222221111111111111122222222222222222222222222222333333333333333333333333333333333333333333333333211234444444444333333334444444444455555665566666666655667766666666666
33335654333222221111134222223322222222222111111111111122222222222222222222222222222233333333333333333333333333333333333333333333333211233444444444433333334333444455445555554556667777666666776666677666
33235654322222111111144222223322222222222211111111111122222222222222222222222222222233433333333333333333333333333333333333333333333211223344444443333333333333444455545665555555667777776666665666666777
22236644322211111111133222233322222222222211111111111112222222222222222222222222222233333333333333333333333333333333333333333333333211233333333333333333333333334444445666555666666666677766666677766678
22225633322211111111122222333222222222222211111111111111122222222222222222222222222333333333333333333333333333333333333333333333333311233333333333333333333333334444445566555666666677777765567777776567
22223543221111111111232222333222222221222222111111111111112222222222222222222222222333333333333333333333333333333333333333333333333311233333333333333333333333333344445555555566666677776766667777776655
22212442211111111112332223333222221111222112111111111111112222222222222222222222222333333333333333333333333333333333333333333333333311233333333333333333333333333344445555555555666677766666677777666665
11111343211111111111232223333222222111222111111111111111112222222222222222222222223333333333333333333333333333333333333333333333333321133333333333333333333333333334444455555566666777666666667776666655
11111223211111111111222233333222222222222111111111211111111222222222222222222222223333333333333333333333333333333333333333333333333321123333333333333333333333333333444445555556666777666666666666666555
11111112221111111111222333333222222222222111111111221111111122222222222222222222223333333333333333333333333333333333333333333333333332123333333333333333333333333333334444555555666676666666666665566554
11111112221111111111222333333222222222222111111112222111111122222222222222222222223333333333333333333333333333333333333333333333333332123333333333333333333333333333333444444555566666655556666665444444
11111111121111111111223333333222222111122111111112222221111122222222222222222222223333333333333333333333333333333333333333333333333332123333333333333333333333333333333444444445566666655556666655444444
11111111111111111112223334433222222111122111111122222221111222222222222222222222222333333333333333333333333333333333333333333333333333223333333333333333333333333333333333444444555555655556665555544433
11111111111111111112233344433222222111122221111122222222112222222222222222222222222233333333333333333333333333333333333333333333333333223333333333333333333333333333333333344444455545555666665554445443
11111111111111111222333445555311222111122211111222222222222222222222222222222222222222333333333333333333333333333333333333333333333333212333333333333333333333333333333333333444444444445556555554444443
11111111111111112222333455555521122111122211111222222222222222222222222222222222222222233333333333333333333333333333333333333333333333212333333333333333333333333333333333333444444444444455555555443333
11111111111111112223334555545532122221123211111222222222222222222222222222222222222222223333333333333333333333333333333333333333333333212333333433333333333333333333333333333344444444444444445555444333
11111111111111123332223455444443222221222211111222222222222122222222222222222222222222223333333333333333333333333333333333333333333333322333333333333333333333333333333333333334444344444444444544444333
11111111111111344333322355555544432222222111111222222222111122222222222222222222222222223333333333333333333333333333333333333333333333322333333333333333333333333333333333333333333333444444434444443333
11111111111112333223333345555556642122222111111222222222111122222222222222222222222222223333333333333333333333333333333333333333333333322333333333333333333333333333333333333333333333333334333333333333
11111111111112333334443345455555532222222111112222222221111122222222222222222222222222222333333333333333333333333333333333333333333333332333333333333333333333333333333333333333333333333333333333333333
11111111111122333444443444445554442222222211112222222221111122222222222222222222222222222333333333333333333333333333333333333333333333332233333333333333333333333333333333333333333333333333333333333333
11111111112223222222222344444445542222222211122222222111111112222222222222222222222222222223233333333333333333333333333333333333333333332233333333333333333333333333333333333333333333333333333333333333
11111122233443222222222444455555542222222212222222222111121211222222222222222222222222222222233333333333333333333333333333333333333333332233333333333333333333333333333333333333333333333333333333323333
22222222344432222222223444456666553222222221222222221111122211122222222222222222222222222222333333333333333333333333333333333333333333332233333333333333333333333333333333333333333333333333333333322233
21222222343222222222234555566666553222222222222222221111122111122222222222222222222222222222233223333333333333333333333333333333333333332233333333333333333333333333333333333333333233333333333333323333
11121111122222221123455555555555553122222244222221111111122111122222222222222222222222222222222223333333333333333333333333333333333333332233333333333333333333322233333333333333333233333333333333323333
11111111122222221355545544556666665212222235322211111112212111122222222222222222222222222222222332333333333333333333333333333333333333332233333333333333333222222223333333333333333333333333333333333333
11111112222222223555445555555555665212211113432211111122222221112222222222222222222222222222222332333333333333333333333333333333333333332233333333333333332222222222333333333333333333333333333333333333
33332221222222345544566655555655555322211112343221112222211211112222222222222222222222222222222332333333333333333333333333333333333333332233333333333333322222222222233333333333332233233333222333333322
55445422222235544455555444556665644422111111234322222222222211122222222222222222222222222222222333333333333333333333333333333333333333332233333333333333222222222222333333333333333333333332222233333322
55555433444345555655555445555555555422211111245432222222222222222222222222222222222222222222233333333333333333333333333333333333333333322233333333333333222222222223333333333333333333333332222223333322
44555554454345555555555555555544455522211111246644322222222222222222222222222222222222222222233333333333333333333333333333333333333333322233333333333332222222222222223333322332333333333333322223333322
33454455543355554555555566655556666522211112234445422222222222222222222222222222222222222222233333333333333333333333333333333333333333332233333333333332222222222222222333222222233323333333322223333322
44555555444555554555555544444454445522211122234444444322222222222222222222222222222222222222223233333333333333333333333333333333333333332333333333333322222222222222222222222222232222233333222222333222
45555566445556544455555544556655455532211122124444555422222222222222222222222222222222222222223333333333333333333333333333333333333333332333333333333322222222222222222222222222222222223333322222233222
55666555555655444444444555566665555432211133224455555542221222222222222222222222222222222222233333333333333333333333333333333333333333332333333333333322222222222222222222222222222222222233222222222222
55555544555555444455555555555555455432211123223455556554221112222222222222222222222222222222222333333333333333333333333333333333333333332333333333333322222222222222222222222222222222222223222222222222
55555554555555555455556665544444444432211112322344556555432112222222222222222222222222222222222333333333333333333333333333333333333333332333333333333322222222222222222222222222222222222233222222222222
44445554444565555444555554433333455552211222332244566555554222222222222222222222222222222222223333333333333333333333333333333333333333322333333333333222222222222222222222222222222222222222222222222223
55555544444444445445665544323344566663211232232245565555555532222222222222222222222222222222222333333333333333333333333333333333333333322333333333333222222222222222222222222222222222222222332222222223
56665555555544444445666555455555566663211232233135666666655653222222222222222222222222222222222333333333333333333333333333333333333333322233333333333222222222222222222222222222222222222223333332222333
55555555554555555555555555555555555553212333223135666665555565322221222222222222222222222222223333333333333333333333333333333333333333322233333333333222222222222222222222222222222222222333333333222333
55555555555555556666665554444445666654212433322135555455544456642221122222222222222222222222223333333333333333333333333333333333333333321232333333333222222222222222222222222222222222222333333333333333
65544555555566665554455554445555555544222443421135554345555566754322212222222222222222222222333333333333333333333333333333333333333333211222333333333222222222222222222222222222222222222333333333333333
55433455556655566655556555555566543344321443431135554456666666556532222222222222222222222222333333333333333333333333333333333333333333211222333333333322222222222222222222222222222233222233333333333334
55555554444444455555556555555665544455322354332134456676666555557963222222322222222222222222233333333333333333333333333333333333333333221222333333333322222222222222222222222222222233332233333333334445
55665554334455555554556555555555444554422234432234456665555555557996332222322222222222222222222333333333333333333333333333333333333332221222233333333322222222222222222222222223333333333333333333344455
56654434344445544445566554455555445554432234544234566655544555457999743222222222222222222222222333333333333333333333333333333333333332222223233333333322322222222222222222222233333333333333333334444555
55555444444433444444445555555555554454442235654236666554445666656999984332222222222222222222222333333333333333333333333333333333333332222222333333333332222222222222222222233333333333333333333444455676
55665444444455654443334444455544444543442245654335655444455555556999998533222222222222222222222333333333333333333333333333333333333332212222333333333332322222222222222222333333333333333333444445555766
55555444455445554433333444444444455544453245555345566554555555655899999864322222222222222222222233333333333333333333333333333333333332212222333333333333333222222222222222333333333333433444444554445555
55554444555555555444444445555444454444443234555445444555555555655799999875433222332222222222222233333333333333333333333333333333333332222222333333333333332332222222222233333333333344444444455544445665
55554444455554444444455665445555566555443223445444444555555444455799998887433333333322222222222223333333333333333333333333333333333332222222333333333332332333222333333333333333344444444444556654555666
54344444444444444444455555554444555554434222454444455544455555555689999888643333333333222222222223333333333333333333333333333333332332222222233333333333333333333333333333333334444444444455566545555566
44344444444456655554446555555444555554455322333344466555455556666689999887865433333333333222222223333333333333333333333333333333333332222222333333333333333333333333333333344444444444455555566544455666
33444444444445665666555544444555554555565432222345665554444555666569999987777643333333333332222223333333333333333333333333333333333332222222333333333333333333333333333444444444445555555666566554456665
34443344444434555555555445554455555554455542222234555544333344455558999987767863333333333333322223333333333333333333333333333333333322222223333333333333343333333344444444444444455555554566556655566665
