86322222222111221221112132223763212232222148876433223322222111222225752223333222223333211222323678888888888888888888888875478886554545687778864333223544222123234553345788888888888888888888877777777777
86322222222211111111111122213763223222222225853333323322332222112325753222333222222233111223212478888888888888888888887875378886433334677876764343324533333133234433457888888888888888888888777777777777
86432322223221111111110232323763232223221225744232333233342322112226752222333222222237311122222356888888888888888888887876488875333334786543444333334432232122222222468888888888888888767778777777777777
86443332334332322322233444543663343334311323554222333333231322123436853222243222333357511112222224577888888888888888887876488753333334666433223333333333222222222222268888888888888887534456777777777777
97444444445544445555555555556762454455434553444343434344323543343523763222243222332334321124222224345688788888888888887776477544334333334454333333322233222222322222367876788888888886433333677777777777
97444444444444455555555554445762455445555554454554455554445555444534753333343222333323211124222234223457888888788888787776464334353333223355544432332222222222222223346645788888888874333333467777777777
96433344444444444444444444445763444444445444444444444444445555555555653444554444555455432334344444444346788888544788656776445544353222223546653333344212222222222322223345688888888874433334447767777778
96433333333433333444444444445763344444444444444444544444444444444555553454545544555555555555555555555556666676555656545776445654353222224445432234233111422222323223333334688888888875333333457657777777
96433333333333333333333333335763333334444444444444444444444444444446653444445445555555554555555555555555555556556555556776355555665555555554444445454433533332533233333235788888888875333344676637778777
97433333333333333333333333335763333333333343333333334344433344444446753344444444445455545544433455555555555555555555542475345555665555556555555565555555555555665555555445666677776764433335565536777777
97433333334434444434444434335753344444444444444444444344433344433446653344444444444444444444412344444444455555554555553576445555555555555555555555445555555555575555555556555555555655555545565545555567
85444334333434443444444444445763344444444444444444444444344444444446753344444444444444444334314644444444444444444444445776444455555555555555555555555555555545555555555555555555545655555555565555455556
96444333333333333334444434445863344444444444444444444444444444444445653344444443334444444444326653444444444444444444445776444444444444455555555555555554555444444445555444444455544545555555555554455556
96433333333333333343334333435762343333333333444444444444444444434446653444444452344444444444335463444444444444434444445776434444444444444444444444444444454445444444454444444445544545445444445555445556
96433333433334343444333433345763343333333433443433334433444334334346653344444562454444444444465563444444444444444444445776444444444444444444444444444444444454444444444445555555444445444454445545444456
96433334344333333333333443345763343444344433333343333433443344443336753444444583554443334444474663444444444444444444445776534444444444444444444444444444444444444444444444444444444444444444444444444556
87434443444433334433334334335763343444344443444444344433444333444346653333444594564333344433584662444334444444444444444776534444444444444444444444444444444444444444444444444444444444444444444444444433
77444444434444444444334444435763333443334444444444344444444433343446632334443694564333444433584562443333434444444444444777534444444444444444444444444444444444444444444444444444444444444444444444444431
86344443444444444444434434435763343333334443444333333444334444444447643344443694566434443443463563443333443444444444444787534444444444444444444444444444444444444444443434444444444344444444444444444443
97444443444444444444444444335763344334444333444443334444443444444446753443444595567544443454454553444344444344444444444786534444444444444444444444444444444444444444444444444444444434444444444444444445
97444444444444444434444444443653344444344344443443333334443444444447753433444487656654444444474453444433443444444444444677534444444444444444444444444444444444434433443433444444444444444444443444444446
97344343444443334444444444444753344444444344444443344444343444333447653443444478643554444434573454444444443444444544444687534444444444444343344444444443443444444343333333344333343343333444443344344446
97433333333444444444433333335763344444444444444444444444443444334347753444444369632244434334575554444444444444334444444787534444444444444444444444444444443344444444444444444443333333333344444343444446
87433343433333333344443333445763333444444444444444444444334444444347753334433379632112444334676854444444444444343444444786434444444444444444443444444444444444444444444444444444444444444444444444344346
77444444443443344444444444345763344444444434443344433444444344334447753344443489634321344444589744444444444444444444444676434444444444444444434444343444433434334444444444444434444444444444444444444346
87445554555554544544444444445663344444444444444444444444444444444446753344444489756654566555598544533444443444444434344676534444444443444444444444444344444443333333334344344344343444443344444434344347
97444554555555555555565555555763344444545544444444444544444444444425753444444469867666666655786343544443444444443443343686534443444434433334443444444434444444434334444444344434443444333333333333333347
87345445444454344444544454446763444444555555555554455555555555444346653444444458876656666555664232444443444444344444444686533333334434433443343344444444444434443333444444444444444443333333333333333337
87433333344444454444444444445752443444444444444444444444444555555547753444444546766666665444353121344444444444444444444677534434434443433444444444443444444444444444444443444444444444444444344443333347
87432223443434334433444443442653444443444344344444334444444444556557753565555567666656655444332111244444444444444445544677644544444444444444444444444444444444434454444444444444444444444444444444444347
87323233333333333333343333335753344333444443444443344434444444444457753455445676676556665554322211134444444444444444444687644555445555445554444445444444444344434444444444443444445444444444444444444457
45444443334332333333333334436752334444454444434444445444443344443447753444446566766656665555312322124554544444444444444677644455555555555544444456665544444444444444443344433444434444444444444444444457
34455433333333333333333333435763233344444445434444454544444444444447753444356777666666665443212232223666655555554444444576555554555555555555666666655555554444444444444445344444433343334444444444444457
43354333334333333333333334335753233333334444444444433444455444444447653444433777666666677554222223322345554555555555555566666665666666666666666667665556665555454555444445554544444444444444344444433358
44544444444443344333333333335643122233343334433444444444344333344457653454431676666564664112211222332134444444565565677766666566666677777777777776665555566644454445445555555555444544444444444444343358
34444444444444433333333333233333232333333423334344333334334433434436653454443666665555620001211122233223333356776676777766667677877777777777777777765555566654444334444444454555554545545444444444444447
44333344544444544444443334222233332332223334433333334334334443334425753445447665555445532111211122223333333335666666677877767777778777776677777777765555555665344444444444444444444344454455555554444457
44433344433444444544333333332223333333334433334333433354444544444447753344356664455454545222221122222233333323566667787777677777777777777777777767654455565455434444444444444444444443444444454444555557
44434344444444444432233334343334433444334333444443443334333444444457753344355654444454333212111112222223333332466777677677777777777677777777777676644455555544432344454444444444444444444434344444544457
43544444444344444433444544445544433444434444444433443444434444454447753344345555554443322212211112222222222332467776666777777777776666776677776666544345555554233234454444444444444444444444443444444457
33443333444333333334444444444433333433444344334434333443333344333446742334445654445433223312111111222222222232246665567777776666666666666666776665543334556546422323554444444444444444444444444444444457
44444444444434434454344344454444444444544444443444434444433333333446543236658986433432123211121111122222222232245554567777766666666665656666676665433334445545531131345665555544454444444445454544454457
44444444344333444444444344455555445545544544444444444443434434434346543135579898533221122111121111122222222222123334666777676666666666655566676665433323444434541122123554445555555444444444444444444467
34332233234343344443444344444454434434455544444455544333344334444345543234799898632221111111221111122222222222123323566776666666666666666655677664333333344433541112211244434444555555555544444444444468
43333333333344344333444334533344433444433444444545554343444443343334334334899888632133111122311111112222222222222334566666666666666666666556677664334333344432452111221134443333444444444444444444444468
44455444544444434434444444444443344444333444554544554454444444344344334334577664533134212332211111112222222222223334566666666666666666655556766654234322333322343323122123444433343443344444444444444467
44445444544445444444444444444454434433433334444444454445544445454445433342344310143123212222101111112222222222223333566666666766666665565556766544233222233322233434211112454333343333334344433444444445
44444343444454444444444444444433444433444443433333344444443444444445344443233100342222021111111111112222222222223333566666667767766665565567766543223211233222224445311111355344344343443333344333333312
44443433444444444444554554344444334443344333443444444444544445554555455443322112332221111011111111111222222222222333556555667667664445554466555553123211222222223544420111344444444444444444444433333333
44454444544554444455444444444444443344345444444444455545555455344455455443322223222211110011111111111222222222222222455555666676543223454566443442112211112211123444442111344434443444544444444444443356
34444444445444444554434444445554444433344444444444444544444444444454445544322221122211110111111111112222222222222222355555566655432222245555333221111111111111133344345333454444433344444444443344334356
33443444444544544444445444454444444433444444443444455444444344444444544444422222210111111111111111112222222222222222254444444333322222223454322211111222111112133234334444444434434444443334333343333356
43445544444455544454443355544544454444444445444444455544444454443344444334432311100111111111111111112222222222222222233222222222222222222343221111111221111122234233333233334434444334444334433443333367
44444553443344444554343334444444443443333333344554455555554454443444444343444310000111111111111111111222222222222211122222222222222222222232211111111111111222334343343333333344343334444334443433333477
44544544544544444454333444444444454433344443355444434555554444445444554444332100001112233311111111111121222222222211122222222222222222222222111111111111111122344343333344443444334454344334444433334477
44434444445444555444444445444444444434444334355444433555554334443345444444432100011123344521111111111121222222212211112222222222222222121111111222111111111123344444344444434444344443343334433333335577
44444444444445444454444444444544454444444444554444444555444222224444334444433100111244444541111111111112222222112211111111222222222221111111122332211111111223434443344344444433344443444333433344434577
44444444444444454444544444444444444444544444444454444444444323334443444444444311124444554443111111111222222222112211111111122222222221111111221333211111111223333343344344334434343343354333433345444577
44433455454454544444444445544434434444544444444444444455554434444444444444344443344444455554211111111222222222112211111111112222212111111122200233221111111223333334444334433443343333443333333443433477
33333333444444554444343444444444444444544444444455544444454544444344444444344445545544444544211111111222222222122221111111112222211111122222000133322111112233333344444334333443343333344333343344333467
33343333444435444444444334434444444544445544445544444454454344443344444443344455554554334443111111111122222222222222111111112222222222223310000133322111122233333333344444433344343334333343443334334226
33344443444444444434444444334344443333444544445544444444455554544555445433344444454444344444123211111122222222222222211111222222222222332100000023322212222233322333333333444344444444334333454344433325
33444444444443333334333444344443443333344445454455554344456555444555555544555544343333444444345322211222222221222222222222222222222333331000000012222222222343222333333434444344444443334444544344333456
33334433334434433443344444444443444443343443454445543443445556444544444534444444433232333333346622222222222211112223332222222333333333321000111112222222222343332333344333434344443433433444443343344477
33333333334434433444444434443443334433333344433344444443444445433333444333333444434444433334345653222222222111112233333333333333333333342111112212222222222333343333333333444444443333433444434344333477
44433333334444443444334444443444434334444444453444445444433444533444443334434454444344444334444566464322222111112333333333333332333344443311122222222222222333433343433334433334433333443343333334443467
44343333333344544443344344344333334334434444534334334334333333445444344444444444434344444333334458696333322211112333332333333332333445444432222222222222222344433333434444444334433334433333333234433467
33345443344344444444443333333234333333443334444334333444334433444444454444443444444444444444344447676433322222122333322232333333434344345443212222222222232244333443434544433333433334333343333333333467
33333343334333332334544333333334444344443333333333334444333445334334444543344444444444444443334434555433322222222333333333433443433333444444421222222222232234444544533333333333334443333343223222333467
33444444433443333444444444333333444444444444333323334443334434444433445444444444444444454444445434554423332222222334334446534443444444544444542222222222232233454433422334333333433343333332333333333466
33444434334443333433434333334354444444444554444333333444443344444443444444443344434344444443444444574434332222234333344444344444644434444445444322212222232223433342322323233333333333323333333323233466
34443333334443434433433333344335434443444454433543443445433344344333444444434444444333444443344544466335422222343333334443343334444334344444344322211222232223423323322432232333323333333333443333344455
44433333333444434444444333443333433323444344434653444333334344444433344444433444443443454333444454356425622222333355344443334333333464343333443332211222232222432333321222112333333333333333333333333444
33332344344433343444444434444433344333434444543553444443344444444333343344434444333443433443343343346646832222333355333443444344333444333334344332221122233222343334322122233333333333333433333433333433
34224333433433332334444444444444455433333434443554333444444344444434444444344443334444344344444444336648852223333344334554444444343443443444443432221122233222243333333333344334434233333334444333344333
33444333333334433333443334433344444434434434333334444444444444443444434443444333344444444433444434334659853224334544344554334444333443444444343442221122232211134344433344434333333434443344333333343333
33333443333343333333333223323344444434334443444333444433332233444444444443434334443444443433434333434568654224344343444444344443433434444466355442221123222211234433433333333333334544333444333433343433
34333332333332333333333333333444454433334454444434434433343432443344344433333444344444444434443333444577654234444443344333434332323544444544355432221133222212244443433333444333334333333333334433334554
34333333333333223223433344334433454344344344444444434434333443444334444443343443335544444334443433443676553234564554454343332322424653344334345522221242222222333333433334444333333333343333334434344564
44323333333333333335343343334323443444344333434443334434333343333333433333433433334443354334444433434676654244453444453433232323325445344134344312221343222222433344323434543333433443334444433334455543
22322333433333333445333233344334344333232332344322334534543433444333333333433332343422343444443344334776554343333333332323343343335434344355453212222553222222443234324435543334334444334454433344445453
22233333334333334333333333333333333333322334336333334434333333434334333333333332233423333432353355335866544333333332443333554334454323344344332112223333222223223223334333444454333433334455334444344553
33333333333333333433333333332333223333332233334433333333333323322344343342223333233334333332343344337766554333333333443223653344344334334334321112223323222222222212323333345443333343345434324543335433
43323333333333433334433333442333333333333333433423333323333333322433333333333333333433334433332234338766553333332223334232644354235324445334411122232333222222231112212332233443333234333434334433333233
43332334334334333333333344333333334433333333333432333233333433434443333223333434533333442344433343337765543233333333323333633334245433344443211122222222222222231212222222232232322222222334333432322343
33333344443333333323333334333444433334433343333333433333333344333443323234443345434333442344434443347665532223334333333334323432333333234333211122222111222221131212123211222222221122212344222425522321
43333443333333443332234343433333433334343333333333343444323454323333333334334444334334433444334433346555432223233233333233332223322232233233211111212111222211121112112111231111101132621211122313433343
22233343333444343433343333343333443334343333343334433344333344344433433333334443343344324534433432336544212223323232323333342312323323233333211111111112222211111111111111241011024232321332003111213333
21122333433334433432333333344333344333334434443433333333333343334333343443333333334333333332333333325654223222222243322333322222232333232242211111111111222111111111111341122111144332253363113211214333
32232333323443323332323334343334333333344333433434333333333343333333443344433333333432333333333333324753234222232232223233332334333333332232211111111111122111111112211341122531133232455454333342224445
33334443334323332344333233332233333344334222234324434443334344333334433333433343344433322333233433335864244333233334234332334323333323322222111111001111222111121111111222224532422232334332344344345453
44433343333323423443322333323333334433334333333434444443343444333333333443343354434433333334433433335764344454223434332332233322233222211111111111001111222100124010112233433234432253343333333354444345
34444443333333333333333433333334444533334443343333444443443343333333334333343344333453333344444333336753344431133322342322332332223212211011011100011111222100341110113533233354332343433333343345443435
44434233322334332333323323333333343432232323333333334334334434333343343334343333223544333332333434347764355321233322233433232231112211111111001001111111111001651002221433333353345422343233334234554445
44333222222333433334333333332333333332333223343343333333334433333333333334433433343333333333343544347763356664223331233332332222221111111111001101211112111001442122233333323332123332332232354223333333
33332221223234322344432333433323333333333224443444443343334443344333323334334434443433334433333454357753344554223333333221223322111110111100102112111111112112133133333322442332233344333233343333332433
43333322332122223334433333332333344444443334543343334345443344443254334444344554442334344344333343368763343322112233332222223311111101111100001212111152022132233223333332332343123433443233353334433443
33323432432223323333333333434543344443434444443333334335443333344444433443343444443444444344343344377643233332221233433233232223321001110010114212211242023243332333332363343333222335532333353326644544
33234333332333233444323333344433333433344444333333233344334434444433334444444444443333335333344334566542234332233333433323322221211011000011116332122233233332333333333353345536333235442244334556533444
33333332322234323333334334443323333433344343343333232333334434543434433445434344433333333323343333455541233333344344332111111121311111111111112332222333333333334444534433432346433344533433343343343233
33333333222355434433444444533434434434334343443333444334333444333444334544333344433333432432343434433332322333343321112111111112322111121211132332122332222323343433443334333334333334543432334333442322
33333333333334433334444434433334434434433443433443344444344443344443444344333334433433333333333345543222332242222121123223333323221112122411233453222332332332333323332334333333233233342322343233432222
33433443333334344444434443444443434544444333344343344444454555455434444454434443333322354443334335665412332222222233333224433333211112233332432344334333222213432233333333433333233233332342332323422332
33333343323332444444434534333343444443444333444445434444544443345333344443344443334323455544344445554321111233234443334334433344332323333333442333333322323233432233343333333233323333323333333323334341
43333343323332344444333334334444434433333333334443334444334533443333334443343344345334444444433445544432123332245433344444444344444334343433333333333322343333422223353323433323223223323212344442334343
33333354444443345433333335334334433333333233334433334343433443333443333334334445434344445443334444444334434333333233343434434343445344443333233333323333332322332323342333332223312222222223344323333354
33333434333334344443344344443344333433343233334434443333333433334433434333433444433335434334344434333334544443443334443444333334333334333333333333323333333333333323333333333334644332222332222223322222
33333334333345444443444334543333333433443333433343333433334433433334434343444444444444433334333333333323444442334444434343333444344334443333333344333232333434333333334323333333332332222322322332323322
33343433433334444334433334443233333433343344433444333434433334444334434543434434333333344432333433333432334433343333333344443333455334443323333343343233244433333243333333333343222322233233332333332323
34333333433344443333332344344334343444334335433444333434433344344433433432333343333333334433333444333333333444434433333334334444433333433333333344334333344442344345343333333343223233323333333233232233
43443234323443343223334443234333443343343235333345444333344446444335323222333443333333334433333433233333433444444443333333444454333233333233333433235444344333333456433333234343333333323222323233132333
32544344443332233233333444334334533333333334533444444464335334433344333333334433344344344433343333332323333444334443334433433454333343333333333323344444434233223444323344333343333233223322333233333233
