22222222211222221112232336742212222221278876432223322222211232237632233343222322343222222335778888888888888888888888864688875555655777778753333234443222232345533347888888888888888888888888877777777777
22222222111211111111233226742222222222247743332233222322221222237642223333222232332111223224678888888888888888888887864588875434346777877753333225433331232344434467888888888888888888888888877777777777
22222222221111111111223326742232223222237533233333232432232112247632222332222222254111222223567888888888888888888887864688874333346776544544333334322331222233223578888888888888888677788888777777777777
23222333222222311122434424743333333211225543222333342322221133447632222332222323376211122222236788888888888888888887864688643333336775333233333333332222222222222588888888888888886445567887777777777777
44444444444444444555555556743544454324434443333333342214432344437742222342222323445311233222234457788888888888888887874586544343333344443233333322332222222322222578867888888888875433335787777777777777
44444454444555555555554457733555455555554554554454554445544444426742323342223333222211233221233234567888887888888887774564344453332233454544333322222222222222223457656888888888754333334678877777777765
33444444444444444444444446743444444455444444444445444555555555556643434543335444454322233333444333357888886657887677775455444452222224457643333443222222222223322244456788888888754433434478677777777765
33333344433333444444444447743444444444444444444444444444444445554543555555545555555555555655555555566777776445666447775346543442222225455432243232112322222223233323346777888888864333334467578777777765
33333333333333333333333347743433344444444444444444444444444444456643444455445555554555555555555555556555566566555567775455555654444455444444454444334423224422232343346788888888764333445667468787777765
33333333333333333333333347743333333333333333333444444333444444457643444544444455555545444545555555555555555555555533764455555655555666555555565555555555555655544554456677777777754333345656357777877764
33333334433334334443333347733444444344444444433443344333444434457643444444432344444444444323444445545555555555555542665455555555555555555555565455555555555755555555556555555556655555545655556555677763
43343444334444444344444447743444444444444444444444444444444444457643444444531244444444343124444444444444444444454555765454455555555555555555555555555555555655555555555555555556555555555655555555567765
33333333333333344444444447742444444444444444444444444444444444456643444444740244444444443146544444444444444444444446775344444444454555555555555555555555445455555555455545555445555555555555554555567765
33333333333333333333334447742433334333434444444444444444444444456643444444761144444444443255644444444444444334444446775344444444444444444444454444555554454445455555444444455445555455555455555555557765
33333333333343443333433347743433333333433434333334434444344334357643444444784144444444344354644444444444444444444446775344444444444444444444444444444444554445444455555555555455455444554455555555457765
33334333333333333333443347743433343344333433333334333433343443357643444444687234443334444555734444444444444444444446776444444444444444444444444444444444444444444444444444544444444444444445445555567765
44443444333343333343343347742434443444433443443344333433334443457643434444588434333344434755634444344444444444444446776444444444444444444444444444444444444444444444444444444444444444444444444444435764
44444444444444443334344347742333443344444444443444444444333343457533334443478524333444334745633443334444444444444446776444444444444444444444444444444444444444444444444444444444444444444444444444313764
44444444444444444334344347753434333334434444333344443334444344457533444444377513444444443754633443333434444444444446876444444444444444444444444444444444444444444444444444444444444444444444444444435654
44433443444444444444444347743443344343333444333334444333444444457543433444577623344434443523634444444444444444444446876444444444444444444444444444444444444444444444444444444444344444444444444444456764
44444444444444444444444435733444444443344434433433344433444444457643433444568742344444443554544444433443444444444445776444444444444444444444444444444444444344434444444444444444444444444444444444456765
44444444433344434444444435643444444443444444433344334433444333467643433434567852223444444662544444434434444445444445776444444444444444443444444444443444444444443333343444333443444333444443443444457765
43333333444344444434443347743444444444444444444444444444434343457643444444568963111344434663544444444344444344444445876444444444444444444444444444444443444444444444443444443433433333444443434444457665
33333333334343444433333447642334444444444444444444444334444444467643434433589973210244434664744444444444443444444445875444444444444444444444444444444444444444444444444444444444444444444444444444356555
44444434443444444444444447743444444444434443344434344444344344467543444433579984232134444578744445544444444544444445774344444444444444444434444433444434444344444444444444444444444444444444444443357655
55544455444444444444444446643444444444444444444444444444444444457643444444458985565555455588423444544444444444334445776444444444444444444444444443444444434333333344443443444444444434444444444443467765
45545555555555555555555556643444444444444444444444444444444444337643444444446797766666765687312344444444444444433345876444444444344443344443444444444444444434344444443444444444443333343333333333368765
55455444554444445555554457643545445555555555554556555555444444457643444444445687666666565765212243234444444434434444776433434344444434443433444444444444444443334444444444444444443333333433343333367765
33434444444444444444444447633434444444444444444444444445555554467643444444455676666666555454211122223454444444444445776434334344444334444444444434444444444434444443444444444444444444434444433333367753
22233433444444434444434425643434434443343344444344444444455565567644655555555666666665544333211111122455444444445445776544444444444444444444444444444444444444454444544444444444444444444444444443468655
32233333343333333443333436642434334344434444433344344444444444467543555454567666666655544422222211112344455455444445776545555454544445444444454444444443444444444444445444444454444444444444444444468655
33333334323333333433334347642344444454444444444544444433444434467643444334666676666666555421223322122244445444444445776545445555555555555555554444455454444444444433444434444444444444444444444444567666
54333333333333333333334347642333443444445343444544544444444444357643444345666676666665444321222332222145555544444445776434444445555555555555555455666655444444444444454444444343443444444444444444478775
43233343323333333333333337642333433344444444444444444555444444467643444444777766666666554221222233332134555555555555655555555565555666556666666667766555655455554444555545544444444444443444444433477764
44444343433443333333333346532222333343344434444444444443334344467643454442377666666678544321122223332112444444455565567676666666666677767777777777776555666654554455555555555445445444443444444443477764
44444444444333333333343233432233332334333333344434333344334334457643554443376666565563101221112222333222232334677576677766666667777777778777777777776666666665444444444544555555555555444544444444467764
34344444445444344433343222332333322233344333333334343344444344337643445445676656555630000121112222223333333225666666667777777777887877777677676777776556666666544444445444444443445544555555554454577764
33444434445444444434343322233333333233333333333433454445434444457643444446666555445644211221112222222333334533556666777777777777777777777777777766665555666676654444444444444444444444444554445555577774
43444444444344432333334333334333443334333444433433444334444444468643444345665445454444322121111222222233335542566666777777777777777767777777677766665455666667665554444444444444444444443444445444578874
34444444444444333444544455444333444334444444433434444334444544467642344335655444455333211211111222222222234453567776677777777777777767776677667666654446556666765555455445444444444444444443444444575564
33334443343433344444444444433334334443344344444334443334444434457622343345555654444332321211111122222222233354466675567777777777776666667666777666654435566666765545554444454554445544444444444444465554
44344444344344443343344444444444444543444434444343444333334334456542233555654445433223311121111112222222234354356654667777766676666666666666677666544434566655665423555554544544444444454545544544576654
44444444434445544443344555554455546445544444444344444434344333366432126658986443432123111122111111222222234354466545667777766666666666655666676676443334555655665323445455555555444444444444444454576764
32333343333444434444444444544434344555444444455444333444344443355542234579898533321122111121111111222222223454355346667777776666676666666566677765434333445554554211233444445555555555544444444444587663
32333333443443434443345433444433434444444445455543343444443443344333333699898742222111112321111111222222222343344456667777676666666666666666677764334333444443431111233444434444444444444445444444577653
54444444444444344444444443334444444334444544445554454444443344343234334799988633135211222311111111222222222222245455666666677677666666666556777664234323344443332111222323433434444444444445544444577653
54445544444444444444444444544434333333344544444544445444455454454333343577664533224212332211111112222222222222134335666666676566766666655556766554234322344433333222222234443343333343344434444444447753
43444444544444444444444444434444434443434333333443345433454544454334443344420242223112111111111111222222222222122235666666664333666665665556665543233322344433334344443244444443444443333343433334216764
34433444444434444554544444443344443443333433434444445444455544454454443222100432223011111111111111122122222222122235555566542222356666565567665442123322333333223354443344444444444444444444443333436753
44445545554444455444443444444433444344444444444455445555554444554555443322113322322110011111111111122122222222222223333333332222235566554566554442124322333333222444343444444443445444444444444433467753
54544455444434554344444445544444333444444444444445444444544444555445443322232222221110011111111111222222222222222222222222222222224555555565443431123323333332212454454444444333444444444443443343566663
33444455445444444455444544444444334444444443444455444443444444445444444222211221111111111111111112221222222222222222222222222222223544555554443211124333333222123344444444445344444434344333433333567653
54444444555444444444445445444454444444455444444555445443544333444444334222211110111111111111111112111222222222222222222222222222222445545544332111124333333222224332343344344444344444344334433333577655
45544443444444543443344444444544443333334445544555555544544443444444334322111000111122311111111111111222222222221111222222222222222455554443221111224333334322234443333333443334344444344434433334677753
55544545434444543334444444444545433434433454444445555544444454445544444432100001112333431111111111112222222222221111112222222222222344444432211112224333323321243333434444443334543443344444333344677643
44545455544554444444454444444444334444433554444334555544344443355445444431000011123344453111111111122222222211211111222222222222222233343322111222234333223222343344444344444344433443345333333345677643
44554444454444544444444444444544444444344554444334555443222234444334444443100111234444444211111111222222222211211111112222222222222233333211112222234333222122333443444344333344434443334333444444777644
44444444444544444544444445444444445444444444444444444443223344443444444444311113445545444211111111222222222212211111111111222222222223322111221232233332111222433344444344344334433444334433455445676654
34454544444444444444445444344434445444443444444444454544334444444444444444443344444544554111111111222222222112211111111111122122211222221112210232223321111223344444334343433343334433333334434434677643
33444444445544444444444444444434445444444444455544444555434444444444443344455444444444443123111111222222222122211111111111112111111122222222100233223221111223344444344334443433334434333443444333577643
33334445455444444444444434444445444445444455444544554543344433344444443444455544453334441124411111222222222222111111111111112222211122222320000233222211112233333344444333444444343333433443344342157643
44434444444434444444443344444434433444444455444444444555454444554454333344544554443444443233542112222222221222222111111112222222222222222100000233222222122223333333434444444444443344334543354333247653
44444444433433343344443344433433433444454554555554344465554445545455445455543443333444443344454222222222211122222222222222222222222223332100000133222222222223333334334444344444433344445443443334566643
44433334334334433444444443433444433344434544455534434455565445534445444444444432333333333344335433222222111112222222222222222222333333333421110122222232222332333343344343444434334334454433443444676643
33333334334334444444344443433344333333434333445444434444454333334443333334444444444333334444334563322222111112233333333333333333333333443332211122222232222433333433334443444434334433444343444333677643
33333344444444444334444443444343334444344534444445444333445433444433344344444443344343344444444475322222211112333333333333333333333334444444211122222222222333334433344343344333334443434333344433677642
33433334444444433344443443333343434444444433344344343333334445444344444444444343344443333344444455333322221112333332333333333222333444455444442222222223222233333434444444334333344433333332244434676642
44443343444444444434333332343333333433334444344333343344334444444544444444444444444434443444444445322322222122333322222333333333333344345444445422222233222223334435434433334433343333433433333344676542
33443443333333334444333333344443334333334333333334443334444344344444433444443444444444443344344444322332222222233333344333444433434444434434444432222233322222233433333333333434433333433232223333676531
44444333433333444434443334334443444443443333223334433334434344334455444444444444444444444445444544433322222222343344455334433444445444444444545444322224322222223223344333334433443333333323333333666531
44344344433334434343333343444444444445544434333334544433344444434444444433444443444444433444445444354322222333343444443444446544444444444444444443322234322223322223232333333333333333333333323334665531
43333344433334334333333344354444444444544434444434544333444444333444445444454444334443433444444345444222222343333344434433345443343444543444343454422234322222322323321323333323333333334433333444554432
33333334444444444443333443334433234443444435534444333333444444333444444434444434433543333444543444445222222333553344443334333343553343333434334443432234322222233312222122233334333333333333333334443333
33443344333434443434344443433443334344444434643444433443444443333333434334444334434434443443433333446222222333563334444443444433543333333343433443432234332222233221222233333333343334433333333334333333
44334434333333343444444544444554433334344434544334444443444444344444444344433334443343444444444334455222221234443344544444443333433443444434333443332223432232233332333344344343333333334343333443333333
43333334334332334433344333444444334344343343434444444444444444434434434343333344445444434444343333452222241245444344544444443334434444343433434344333223422332233333444343333334444433443333333433333334
34433333333333333332233233444444334344434443334444433322334434444444434343344434444433333443334433662222353344444544444445433424434544664454444445334323431332234333333333333335443334443334333434434344
33323333333333333233333334444444333344444444444334333333433433444444333333443454434444444443334434654332464344443343334343333335534455543464444444444323553332233333334443343334333333333344433345543465
33333333232222234333344434333543443344444444444344343334434543434344433433443345444344343434434445644332565345544544333332323335543444333356544434443324653232233333344443333433333343333344434544554443
33333333333333343433343333233443443443334334433344343333443333344333334434333345433454344444334357655434556434444533332323333245454352343444544335433323643222244334335443333334433344444333344455434333
23334333333333453332333443344343433333323344323345335534333443333333334333323434323444444443443367665435666434433422323433333345343343454455534454333323543222244334346433343344443344553343444455532444
33333343333344333333333332333343333223334354233344343333334343343333333333322334233334433533453476654435654334333543235544354543223343444345433432332323433222233233334443443334333334453344444455533333
33333332333434333333343333232233333322333345333333333334323223443343332233333233334333323433453576655435653233333433225633343343333333343333332333232323332222222223333464333433433354434335523234333234
23333333334333344333333423333333333333334434333333233333233323343333333333333334434344333322343576655424442223233333325533453353234423334223322332222223332122222123332333333333333334344334333223233534
23343343343333333333343333333334433333333335323333233333334334433333233334335433333433435433343476554324532233333233335523333355332444333123332221221123432122212222222322222222221223442324333223343322
33444433333333333333343334444333344333343333333333333333444334433222344443455333344432444444433465543234642233333333343234323333332334233323221221111233431122212222111221211211222112441236322232231221
34533343333433332343444334323333344333333333343434443233443233333333343333444343344324444344333476542233553233333333232323223322332333233222221111111344321111111111111133111111235211111136311122431331
33433334443433333433433433334443344343333443344334443333343344334334333334433443343335434334333367432233554233333333232433223333232333232222121111112354311111111111111142011011322213211022211132322553
22334333344434433333333443333443333344334433433333333333443343333433433434333333333343323333333268632333554222433322333322222432232332332221111111211343211111123211111043114111323524421131212132324754
23333323434333323334344443343333333343334434333333333333433333333433434433333334322332343333333277643333454343332232333323233332322222212111111111221232211111136411111135514312424554431332432234446534
34433343333323343333333322333333343342222344234344433343343333234323334433433444333223332333433377533343555553342234322344333333222222111111000011111123101111333412222135433212333344322343543454534333
34433333234334433323333333333334433333332344334444543344443333333334433443454344433333334434333477533333566653443323332333222332111111111110011011111223101241333233444343343223543433324334544443455443
34433333333333333333333333344344333344433433334444434433433333333344333433443334543333444343333487633334654323323323323333322222111111111110000012112222102511112343333333542233434333233433354433454443
43333232343323333233333333334434332323334333333343243344334333433433344433342234543333323334343576533345665212212334332321221111111111111111001111112221005632134234323333432354333431233443344544444333
32232222334433343333333322332332332332233333433233333344333333232334344334433433333333333434543677533354466433321333322212211111111111111111012111142111014442333333323333322233333332333543333323343343
22211233333323444423334333233333333332244433444333443344433443333334333344344433333344343334543677533344345433322432221123112221111111001012022111111132232342333333223423332333443332333433333323333343
33232321222233345333333333333344434433345443433343354434443432453334443445544533333443443333433666432344332222223333232333213322111111011102122111441232332332233333333322432234334433333533344434433332
33323422123223334333334435433443434434444433333343354443333443444433443434444444444443443343343665422344333223333333433322232221111101111134122332432233433323334322643443342223355323333533257435544432
34333323333333443333333344433334433444443333333333344344334444433344443444344433333344332343345655522333322333334333333222211111111001111145332343333333333333333333433445364333354432443345564433443333
33333222243233333333344443223334334344443433332223333344335434334334544343444433333343323433335445523333333343443322222111111111111111131234333223333333333344445334335423364333445434332433433433332343
33332223554344334444445443334344333343444433434443334334443334444344444333444433334433323434345443323323343343321222111111001111112212222333432223322223233434334433343333343333345434323443334422223553
33333333344433344444444333344434444334434334433444443444433344434444444333444334333334333334356543213422433222221132122333222211233343322434442223322323323333233323343433333232333423222432334322222335
33433333333443444344444434434345444444333443443444444545554454334444554344433333323444433344356654213422222222323242234333444333333333433423433344332222224422333333334433333333333323432323234223321225
33443333323444444345443333434444544443333444455445445444443454334344443443433343223455444444456543222111232334434343344333444334343333334523433333223332334322333433333332333233233233333333233343412234
33433233323444444333343244444434333333333344433344443345433443333344443334343454344444444333555444322133322354433444444443444444343434433333333333323433333322233543234333232232233232123444432343433334
33544444433444333333353344344333333332333344333344444433433334443333343344454343444455443344444444334343433342333334444343333344344443333333333333333433323333333433333422233223222223233443234233444324
33444333343444433343444433443334323432333344434433333334333344334344334334444443355344333344343433334544434443344444444333343333343333333343333333333333333333233333333433346433322223322222233222223233
33343333354444434443334533333334334433333333434334333344334333344343334444444444444433244333333333233444433344444343443334443444334433333333443332332344343333333344233333333323322223323323323233222355
34334333344443344333344432233333333333444434443334344333334443344345433344343333343444323334333334322334333433333333444433334453344433233333443343332444333333333343333333432223222332333323333323233233
33334333444443333323443343343333443343344334444334344333343444434334323333433333333344433334443333333344444344333333443344444333433433333333443344333344433443354433333333432232333233333332332322334432
22343224443433233334343343333433433333344333444443233344464443344233223434433333333344333333432333333434444444433333334444553333333332333234432344444343333333465333333343433333333232223232331232333333
43444333332332333334443333335433333323344434444344653354344333343233333344333343443344333433333323223334444344333344323334553333443433333333232344434342233233443233443343443332232134223432343333333333
