55555555565665555567777777767899976545554445799997568999986334555554433345544433334444433334556666666666678777777776666655555545555665554444455655556666655666666666777666666666666665555666676655555566
55555556666665555666666776666899987655554445799996468999985334556554333445444333333444333334444445566666777666677777665556665444555555454444556666666666666666666666555566666676666666666666666555555566
34444555555555566666666666666799998655555545699996458999985335555554333444333333223333333443333445566665665666666666665577776664444455544444455666666677766676666666666666666677667666666666665666666666
22334555556666666666666777765699998655554445689996458999984345555554333333334433223333333444444345566554456666666666666788888864444555543334455555556777666666666555666666667777777777776666666677777777
33445666666666666777666777766689998755554445689997547999984345555554333344433323334322223334444334555554555666776666678888788754444556655444444545667766666665566555666667777777777667766666666777776667
44556666666666667776666777766689998765554445689998756999974355555554333333333344433333332233333223455443445566777765567788887654445678754344444456666666666556666666666776666677776677777666666677766666
45566555566666666666666777665689999766654444589999876799974355555554322233333333333332222233322223333333445566666665566788887654345676545555555555555555555555555665566666666676777777777666665666677777
56666666666666666666666666665689999866654444689999877789984455555554322222222323333322212223322233333333345544566655556788875443456666667666777766666666665555555555555666666666655556666666666666666666
66666667776666666666666666666689999876554434689999977789984355555554321111223333333332222223222333333333333333455555556777654456667777776667777776677777776776665566666667776666566666667777777777666677
66666666666666666666666666766689999876544433589999987789973355555555433211233333343333222333222223333333222222344555567765544667777776666777777766666666777777776666666666666667888776667777777777777667
66666666667677766766666666766589999876554333589999988789953455555566543234333333333332223332222222223443222222233345566665555666667777667788887665555566555666666677777776666677777777777777666666666666
76667777666666777777766777665689999976544333589999878789953455555565434555433333333322222222222222333332112222323334555555566665566777666777777777666665555566677777776666777777777777777766555566666666
66777777666677776677767776677789999986554323589998778789953455555554323444333333333222222222222333443322223333333334455555566655566776666776678876556665545555666666677777777777777666666655556677776655
66777777777777666666666777777789999986554323579998678789853455545554333333333332333222222222333333333334444444433334555555555556566666677877887766667766544445556667778777766667666666666666777667777677
66777777776665555665455666677789999986554323579998878889853555545554333333444332332223332233333333344555445454434455655555555677766667787777777778877765544445567777788877665566677777777788876666666666
66667776665555666555555556555689999986554333479998987799854555444555433344444333333233334444444334566655566665556666666666667887766667777776677888777776555555667777887776655566677888888877666666666555
66666665555556666655555555556689999986555433369998898799854555444555444455554444444333455555555567776666666666666667777777777776666777777776677877777776666666777778776666666666667787776666667766655666
65556555556666665554455556676689999986555422359999888799744555444555445555544444444444556666666788777666666666656677777776666766677777777777777777777666666667777777666677666777667776666666666655555667
55555555566776666654445556665689999986554333368999867799844554444455545555444444445556666666666777777777766665556677888766677666676667777777777776666666656666666777776666667777766666666666777665555666
55445555566666666555555555666789999986544443368999976899845554444455555543333444556677776666666667788877666666666777877666677666655556666777776666655565566666667777777666776666666666666667777777666666
44555555566666555555555677766689999986555543468999997999745544334455555533334445567777766555555566777777766666676777777766677766555555566666666665544455566676666777777666666677666766666666667766666666
66555555566655666555566777766789999987777654589999999999545543334444454333333445666666665444434456777777766666666666777777777766555544555566555555443344566677778877766656666666677777666677777666666666
65556556665556666556677766666679999988888766789999999999545433334444443222233335555566665544333456777776666555666666677766666655556655665555556666555555555556667766666556666666677776666666777666666666
55666555565566666666666666555678999999988766789999999999555433333444332222333335555666666544333345666666666655666666666666666655555555555555666666555555555555666666655556677667776666666666666667777777
66665556555566666666666666667889999999988876789988999998554333333344322223332245566666666654322344555556666666666665667766666555555555566666666665555555555556666766556666666676667766666666677777777666
66655554455566666666666667899999999999999998899888999997454333333343222223322345566655555544322234444455666666565566667767666665565556666666566666777666666666667666667766666666777776777677777666666666
55544445567666656666666788999999999999999999999988999995454333333333222222222345655545555554322233444445555555566667777777766666666777777666677888776666666776777777777666666666667777777777766667666666
55555555556666656666788899999999999999999999999989999985444333333333222222212345666555666655422233444444455566667777888887666677778887777766677776666666677766677777777777666666677666667776667666666666
66566655666666666788999999999989999999999999999989999965543333332332122212122345676667766666432223333344556666777777787787777776677776666666666777777777777666666677777777666677777666666667776666666666
66666666566776667899999999999889999999999988899989999965533333332222112222223345666666666666422223333334555566666666777778877666666666656666677777777777777655666777667777777777777666666777666666665666
56666555677777789999999999988899999999999877799999999866433333332222112221123345666666655555322222333333445566665666677777887676667766676666667776777778876556667766677777777788877776667777666665556667
66666667777888999999999999999999999999999766799999999865433333332222212211123445667766655565422122233333345555555566776667787777667777776666667777777787766667776667777777777777777666777776665566556667
66677766777899999999999999999999999998898776689999999864333333322222212211223455666666655555421122233333345544555566666556777777777777777666666666777777666666666777777777777777776777776666666666666667
66777766788789999999999999999999899987777777689999999853333333332222222211223445556666543454321122223323334444444556666555677777777777787666666667777777777666667766677777666666777887776776666666666677
66776667899789999999999999999999889888766787679999999843333333332222222211234445566654322333211111223322333444444556666555567777666677887667777777766777766777776666667666666666776677667766556666666666
77777678999999999999999999999888888888888787679998899842333333332222212222344555555543211222111111223222333444445555556544556666666777777777776776666676666777766666666666776666766677766666677766666666
88887899999999999999999999998888888778887676559998899952233333332222112222344555445432111111111111222222233444444445555544455665677667777777666777777665567777666655556666656677766777776667777776667777
88999999999999999999999999888877888778887666447998788963234333332222112333445554333221111111111111222221223344444445555433345555566666777777666677776666667776666666677666666676666788766667777777666666
99999999999999999999999998888887787568877665534888766773124433332221112344456542122111111111111122111211223444444445555433344555556666666666666677777766666655666667766666655566666787666566667666666666
99999999999999999999999999888777776668988655543898776674123333332221112345555421111111111111111222111211222333444344455443234455566656666666667777777776666666666666666666555666666666655666666666666666
99999999999999999999999999887777776678988534443798677775213333332221122344443221111111111122222222211111122233333333444432233445556556666667777777788778777666666666666666566776666676666656776666666666
99999999999999999999999988887777665677887533333688666664213333332221122233321222222211111122222222211121122223333223334332223334445556666666777777888888766655556666666666666766666666666667766666666665
99999999999999999999998887777676655676676532244577655564213333332221222222211222222221111112222222211111111222222222334432222333445555555666677667888876656655666666666666676666666667666666676655666655
99999999999999999999998877776666555776676432255676554454223333332222222222222222222221111222223322211211111122222122233432222223344544445556666677888877777666666666666666677777666777766666665555676666
99999999999999999999999888777766666776676432245576554543223333322222222111222223333222222222233322222211111112111112223332122223334443444556666667888888877666667777766566677777666677766666655567766666
99999999999999999999999999888766777766665432234455544443223333222222222111222222333323333332333322222221111111111111122222122222334433334556666667788888876667777777766667777666666666666666656676655667
99999999999999999999999999877666577666554433234333444333223333222222222111222222333333333333333332223322221111111111112221122222334443344556666666778888656667776666666666665556656666667776667666666676
99999999999888888899999988766555556555544433233333343332222322222222221222222222333333333333443333333332222222111111111111112222234433334556665556678887666667776666666665554544556667777777776666666776
99999999987666666779899976764445445554444333223333333332222222222222222222222222333333334444443333334333322222222221111111111122234433333455555556678887766777777666666555554445666777677776666666666766
99999998876655655667789976664434444444333333223333322332222222222222211222222222333333334444444444444433333233333322111111111112233332233455665555678887777776776666555565555566666776677766556666666666
99999988766656555445679976565433344343333333323332222222222222222222221112222223333333334444444444444433333333333332211111111111223322223455655556788877777777666666666556666666666666788665566666656677
99998888766777667545557865555433333333333333322332222222222222222222221222222223333333333443444444444444444444444332222221111111222222223455554456777777777776676677666555556666666677887666666666566777
99988888777767766555456543444333333333333333322332222222222222222122222222222233333333333333344444444444444444444432222322111111222222223445544456666666677676677778766555566666665677776666666666666667
99988888777767876665445433333333333333333333332222222222222222221122222222222233333333333343333444444444444444444433333332211122222221223455544456655556667777677887765566666676666666666666666666666666
99888888767887787676445332333333333333333333332222222222222222221122222222223333333333333333333444444444444454444433334432222222222221223455433455555555666777777766666666666666656666666656666666666655
88999998778888877656544322223223333333333333333222222221222222221222222222223333333333333333333444444444444454444444444433222222222222223444333454444455567777766666666665556666556666665666666666666666
89999999888888887655443333222222333333333333333222222222222222211222222222223333333333333333334444444444444445444444444443333322222222233444333443444444567766666665555555566665556666666666666666677666
89999987788888777665443223222222333333333333333322222222222221111222222222223333333333333333334444444444444444444444444443333322223333233443333433333334566666656655554455666555566666666665555566766666
88888876678877777666644322222222333333333333333322222222222111113432222222223333333333333333333333444444444444444444444444333322233332234433233322223335566666666665555566655566677776656655556776656666
88876655556666666566654322222223333333333333333322222222221111246764222222223333333333333333333333443344444444444444444444443322344433344433333222222245566666766666566666666677766666666666667666666666
76665422333444555456543322222223333333333333333322222222222111454554322222223333333333333333333333333344444444444444444444444323444333344433332222222244555667777766776666666666655566666676666667666666
44543111122333333345544332222222333333333333333322222222221113643344333333333333333333333333333333333344444444444444444444443334444334444333322112222344455566667776666667766566666666666666667677666666
33421111111222222234554332222222333333333333333333332222221025643333345433333333333333333333333333333334333444444444444444444344444344444433222112223333444555566777666777656666666666666667766666666666
22211111111111222223444332222222233333333333333333333222211146433333455422222233333333333333333333333333343444444444444444444444444444444433222112223323334544556677767766666666777777667777766666666666
45442111111111112222344332222222233333333333333333333322111155323333345632222333333333333333333333333333344444444444444444444444444444444433221122233222345433445677666667887777777777777877777777777777
76552111111111111122334332222222333333333333333333333322111254223333334552222333333333333333333333333333334444444444444444444444444444444433321222233222454223335677777788888777766666677777778888888888
66652111111111111111233332222222333333333333333333334322211453223333333552233233333333333333333333333333333444444444444444444444444444444433322222332223432222234467777777766655655555556655556666677777
77764211122111111111222222222222333333333333333323333322211442222333333442233233333333333333333333333333333444443444434444444444444454444444332233332224322222222345566555554445545544333433454443445677
77766432112111111111111222222233333333333333333322233322112432222233333332233233333333333333333333333333333444443444344444444444444444444444433333332233322222222222344334543455455454433333465444568998
87766543211111111111112222333333333333333333333322223322212432222223333332233233333333333333333333333333333333443444444444444444444444444444443344333333333222222222332235434444455555565446786557899999
77665544332213211122223333333333333333333333333322222222222432222222233432233233333333333333333333333333333334443334443344444444444455544444444444333333433332333333443344444444566666776688998778899999
77665554443323223343333333333333333333333333333322222222222333222222234532233223333333333333333333333333333333444334333344444444444455544444444444444344444444333344554445544344566655666799998899999999
66555444443333334444444333333333333333333333333322222222222233222222224422233323333333333333333333333333333333344444333344444444444455444444444444444444445554444444555555543334444455556899888888888888
66544433333333333334443333333333333333333333333322222222222244322222223322233223333333333333333333333333333333344443333334444444444445444444444444444444555544444455555555543223334444457888788778888888
55433333333333333333333333333333333333333333332222222223322224333222222222333223333333333333333333333333333333344443333333444444444445444444444444444444455554444455555555554332333444556767777777788777
54433333333333233333333223333333333333333333322222221233322222344322222222333223333333333333333333333333333333344433333333344444444444444444444444445554455554444455555555555443333333456667667777777777
44433333333333223333333222233233333333333332222222212233222222234322222222333223333333333333333333333333333333334433344333344444444444444444444444445554455554444445555455554444322223345566667777777777
34433333222222223333332222222222233333333222222222112332222222222222222222233222333333333333333333333333333333333333444433444444444444444444444444444554444554444445554444554444322222234455567777777777
34333333332222222233322222222222233333322222222222123332222222222221222222232222333333333333333333333333333333333333344433444344444444444444444444444444444555444444544444444444332222223344566666676777
33333333332222222222333333222223333333222222222222233332222222222222222222232222333333333333333333333333333333333333344433443344444444444444444444444444444455444444444444444444432222222334555556677777
43333333332222222222223333333333333222222222222222233322222222222222222222232222333333333333333333333333333333333333333433333344444444444444444444444444444445444444444444444444432211122334444455666777
54433333322222222222223333333333333222222222222223222222222221222222222222232222333333333333333333333333333333333333333333333334444333444444444444444444444444444444444444444444443211112233444445556666
55543333222222222222223333333333332222222222222233222222222221222222222222222222333333333333333333333333333333333333333333433334443333344444444444444444444444444444444444444444443211112233344444555556
55544322222222222222223332333332222222222222222233222222222221222222222222222222333333333333333333333333333333333333333333333333333334344444444444444444444444444444444444444444443111112233344444555555
44333222222222222222222222233322222222222222222333222222222221222222122222222222333333333333333333333333333333333333333333333333333334444444444444444444444444444444444444444444443211111223334444445555
33222222222222222222222222232222222222222233333433322222222222222221122222222222233333333333333333333333333333333333333333333333333333344444444444344444444444444444444444444444443321111223334444444444
22222222222222222222222222222222222222223432223333322222222222222221111222222222223333333333333333333333333333333333333333333333333333344444444444444444444444444444444444444444443322111223344444444444
22222222222222222222222222222222222222244322222222322222222222222221111222222222222333333333322333333333333333333333333333333333333333334444444444344444444444444444444444444444444322211223344444455555
22222222222222222222222222222222222222442222221122332222222222223221111122222222222233323333322233333333333333333333333333333333333333333443334433344444444333444444444444444444444322222223344444455555
22222222222222222222222222222222222223422222222112222222222222223221111122222222222233323333322233333333333333333333333333333333334433333333334443344444444333444444444444444444444332222223344444455555
22222222222222222222222222222222222223322222222222222222222222223221111122222222222223223333322223332233333333333333333333333333334433333333334443344444444333344344444444444444444332222223334444455455
22222222222222222222222222222222222234222222222222222222222222222221111122222222222222222333322222332233333333333333333333333333333333333333334443333344443333334344444444444444444432111222334444444444
11122222222222222222222222222222222233332222222222222222222222222222111121111222222222222333322222332232233233333333333333333333333333333333344443333333443333333433444444444444444432211122334444444444
11122222222222222222222222222333333334432222222222222222222222222222111111111222222222222233322222333332233333333333333333333333333433333333334333343333433333333333444444444444444432211122334444444444
11122222222222222222222222233333332344422222222222232222222222222221111111111222222222222223222222333332233333333333333333333333333333333333334333333333333333333333444444444444444332211123344444444444
11122222222222222222222222233333333344322222222222232232222222222221111111111122222222222222222222223222223233333333333333333333333333333333334333333333333333333333444444444444444332111223344444444444
11111222222222222222222223333333333334321112222222332332222222222222111111111112222222222222222222222222233233333333333333333333333333333333434333333333333333343333444444444444444432211233444444444444
11111222222222222333233333334333333333321112222222332332222222222222111111111112222222222222222222222222233233333333333333333333333333333333433333333333333333343333334444444433444432221233444444444444
11111222222333333333334443333333333333321112222223333332222222222222211111111112222222222222222222222222233233333333333333333333333333333333333333333333333333333343333444444444444333221233444444444444
11122333333333333333444543333333332222222123222233333333222222222222221111111112222222222222222222222222233233333333333333333333333333333333333333333333333333333333333344444444444332221233444444444444
44322333333233334443345543333333322222112135333332333333222222222222222211111112222222222222222222222222233233333333333333333333333333333333333333333333333333333333333334444444443332211234444444444444
75322222232334444333345433333322222211111145332223333332222222222222222211111112222222222222222222222222232223333333333333333333333333333333333333333333333333333333333333344444443332211233444444444444
43223333334444443333345433333222211111111144222233333332222222222222222221111112222222222222222222222222222223333333333333333333333333333333333333333333333333333333333333344444343332211233444444444444
33333444444444333333345433322211111112111123322233333332222222222222222221111112222222222222222222222222222223333333333333333333333333333333333333333333333333333333333333334434433332211233444444444444
23333344444443333332234433222211111111111123322333333332222222222222122222111112222222222222222222222222222223333333333333333333333333333333333333333333333333333333333333334333444332211233334444444444
22333333344333222222224432212211111111111343222333333332222222222222112221111112222222222222222222222222222233333333333333333333333333333333333333333333333333333333333333433333444432212333334433444444
22233333333322222222223443211111111111111343222333333333222222122221112222211122222222222222222222222222222233333333333333333333333333333333333333333333333333333333333333333333333332112333333333333333
22222222222221112222112343211111111111111233223333334333222222112222112222211222222222222222222222222222222233333333333333333333333333333333333333333333333333333333333333333333333332112333333333333333
22222222222111111111111234311111111111111223333333344333222222222222112222212222222222222222222222222222222333333333333333333333333333333333333333333333333333333333333344333333333332112333333333333333
11111111111111111111111123321111111111111223333333444333222222222222222222222222222222222222222222222222222333333333333333333333333333333333333333333333333333333333333344333333333332112333333333333333
11111111111111111111112112232111111111111223333344444433222222222222222222222222222222222222222222222222222222333333333333333333333333333333333333333333333333333333333334333333333433212333333333333333
11111111111111111111111111222221111111112223333344455543322222222222222222222222222222222222222222222222222222233333333333333333333333333333333333333333333333333333333334433333333333212333333333333333
