22322233332233322222333333223333333333344445454445444555555555555555566766555666556666776666667888999999999999999999999844554443344444445665554332222343445556666653223455565556666665666666666677777666
22223333332222222222222222222333333322334555544444445555555555555556777666667665556666666667778999999999999999999999999844554333334444444665443322223333445567666653223456665555667765555666666667776666
22222333222222222222222222222222233334444555544444444455554444444578886666655555666665666678999999999999999999999999999844543333334444444555432223233323444566677765222356555555566655555566666666666666
22222222222222222222222222222222233344444444444444444444444444444555666655566666665555567899999999999999999999999999999745543333333434432333222222233323345555677666322345555555555555555666666666666666
22222222222212222222222222222222223344333333334333445544444444444555555555777765555556789999999999999999999999999999999745533333333344421222112221222223345555666666421234555445555555445666666667777667
22222222222211111211111222221222222333333333333344455554444444444444555555676665555578999999999999999999999999999999999645533333333343321111122222222223344445556666521234554444555555555666666666677778
12233322222111111111111111111222222233322222333344555555444455545566666666655555556889999999999999999999999999999999999545444333333333211122222212222223333344444556631123454334455554445566666665566677
11222222211111111111111111111111122222222223333444455665443344444444455555544556679879999999999999999999999998789999998545444333333333211122222112222223333455555555542123444333444554444555566655555677
22233322222221111111111111111111111122222333333344455554333333444444445555677788999999999999999999999999999986689999998455444333333322211112222122111233233456777665542113454333334554444455555555555566
22333222222222222111111122222111111223333333323344455554444333344455444567899999999999999999999999999999999986679999997454444333333322211012322222111222334556666665542112343333344553344455665555565555
11112222222222222111111112222222221111122333322334445665444333334454445579999999999999999999999999999999888977779999996554444333333322211112322231112222345555666653442111243233344553334445666667766766
21122222222211121111111111222222222111112233333333344555444433334444445799999999999999999999999999999998877767679999997654444333333322221112332331111123445555555532331111244323334543334445566666655566
21112222222212222111111111111222332212222333333333333444433333444444456999999999999999999999999999999998987778689999997544443333333222221112333321112233455654455421221111233223333432234444556566555666
22222222222111122222111111111122332222222233333333344444333334444434558999999999999999999999999999999888998777689999996344443333333322221112333321112334455554443211111111123222223332233445666566545666
22222222221112222222211112111123333333211222333333344444433333434334689999999999999999999999999999999878988777679999996333443333333322221113333221123455444444332111111111123212222332233445655555446666
22222222221122211222221111112223334332222222333333344444444444444456899999999999999999999999999999997679987666579999996433444333333322221123332222345676433343332111011111113211222332223434555555446666
22223344332221111122221111122333344333233444333333344433344444445568999999999999999999999999999988886678877665469999996532344443333222221123332334556664211232221111111111113211223322223434665555446666
32223344444322232233332111222333333333334444334444444555444455556689999999999999999999999999999988876689988555457999997642344444333222211123332344555542111221211111111111122211123321123334554554356666
33333333444432233333332233334443333333223333344444445555444444445899999999999999999999999999998887766789986445546998987642244443333322211123323334555421122221111112211111222211112321123334554554356666
33333332333333333322223333344554433322333333333333334444444455569999999999999999999999999999988876557778875334546987877652234433333322111133322223443222222221111112222112222211112321113335644564356665
33333332223333333333333333334444433357875433323333334344445556899999999999999999999999999998777766557766775323336986777752134433333222211233322222322222222221111112222112212211112321113336644553345555
33333332233333333333332334434444433578765444333333333334444579999999999999999999999999999998877666557766765322335886667752134433333222211233322222212222333221111222222123222211112311113235533542344555
33332233333333233343333343334455444677766665433333333334566899999999999999999999999999999999988777777766654322445776555642233433333222212333322222222233333222222222232123222211112211112234424542345556
33322334433333334444333333444444445777755444444333334456799999999999999999988888999999999998777768987766543322445666545642234433333222222333222222222233333333333333331233322211112111111133323532446766
33322334444433333333333333344444445777654554554433456789999999899999999999876666679999999887666656777765544322344565545532234443333222223322222222222233333333333333322343222221112111111123223422445555
22333444445444333333333333333445556666655554454434789999999998899999999998766666667899987775555655665655543333344444445532333333333222223222222222222223333333334333323443222221122111111122123312334445
22333455555544333333333333334566655666666543344557999999999988999999999988876555666799977775444455555544443333343334444432333333332222233222222222222223333333334444334443233222222111111121122211234555
22222344444443333333333233345555555555666533346789999999999889999999999888888565456789876665444444455444433332344333334322233333333222332222222222222223333333334444344443333323333211111111122111233444
22223345554433333333333334555555554445665433358999999999998899989999999988888776555568755665433444444444333333344333333322233333332223322222222222222222333333334444444433343333333222211111111111223333
22233455544332333333333345565555555445665433479999999999999999986999999888888876654665434554433344444444333333333333333322233333332222222222222222222233333333334444444443444333433232211111111111123322
22233333334433333334443334555544444444555435799999999999999999986999999888988877754554333444333344444444433333333333333222223332222222222222222222222233333333334444444444444444433333222111221111122222
22333333333333333344443334555544554433446789999999988999899999998999999889998877764553333333333334444444433333333333333222223332222222222222222222222233333333334333344444444444443333332222221111111112
22223333333333333344544444566655555444789999999988899999899999999999999899999886765543333333333334444444433333333322333222223332222222222222222222222333333333334333334444444444444434432233222211111112
22223333333322222355554445676556665578998888898878999999999999999999987898888876665433333333333334444444433333332222232222223332222222222222222222233333333333333333333444444444444444433343333221111112
22233444343222333344544567755687899999888888888788888889999999998887766788888777665433333333333334444434433333332222222222223322222222222222222222233333333333333333333344444444444444444443333321111112
11223334443332333556545788768986899888888888778888777899999999976676545566777776775433333333333334444334433333333222222222222222222222222222222222333333333333333333333444444444444444444443443321111111
22222344443333444555446999999976898888878887778887668999999999854553212334455656765433223333333333333334333333333322222222222222112222222222222223333333333333333333334444444444444444444444443311122111
11112344432233445554456899999978999888788876677776578999999999522321111223333445654433322233333333333334333333333322222222222111256654222222222233333333333333333333333333444444444444555444444321222122
11112334444444455544579999999977998876788765576666689999999998445432111122222333555444333333333333333334433333333333332222221114768876422222222233333333333333333333333334443444444444454444443222322232
11112234444444455557899999999966898766787554456666799999999998888763111111222223465443333333333333344444444333333333333222222158445665432222222233333333333333333333333333333444444444444444444333323332
22212233334444445799999888999855798766776554457767899999889999888863111112212223355443333333333333344444444333333333333322222477433455434322332233333333333333333333333333333444444444444444444334334432
22222223444444579999999888889855689866776665667878999998888999899874212111211122345543333333333333334444444333333333333322214765333334455533333333333333333333333333333333333344433444444444444443345432
22222223444447999999999878888854679877887667788888998888888999898876322221111112234443333222333333333444444333333333333222126743333333587642233333333333333333333333333333333444433434444444444444454332
33222233334699999999999867778854578988878887898888988888888777888766432221112211123443332222333333333344444433333333333221156533333323457862222333333333333333333333333333333444333444444444444444443333
22322334679999999999999866777764567998888988999988988878787667888666544321111111112233322222333333333333333333333333332221365333333332335883233333333333333333333333333333333443333444444444444444443343
33333469999999999999998765666774457899999988998888888777776678777666554432121111111222233333333333333333333333333333332221453233333333333893233333333333333333333333333333333433333444444444444444444443
23456899999999999999998655556675356799998888988988887677666777776555555543332222322333333333333333333333333333333333332222542223333333334763333333333333333333333333333333333333333444444444444444444433
24469999999999999999999744556666445678888899888888886667777777665554445544433455544444433333333333333333333333333333333213532222333333335432333333333333333333333333333333333333333444444444444444444433
23379999999999999999999854455555544568888898888787776567755555555444334444444454444444433333444433333333333333333333333223433222233333334422333333333333333333333333333333333333333444444443344444444444
65599999999999999999999865444555544456888888789886776557644434544444334333334434444444333334444443333343333333333333332223333322222333345422333333333333333333333333333333333333334444443333344444444444
54799999999999999999988766434454454445788877677765656556543334444444434433333333444433334444444433333443333333333222222332333322222233466322333333333333333333333333333333333333334434433333444444444444
65899999999999999877788776543344444444677766665445554456433333444344443443333333343333333333333333333333333333333222222322343322222223565223333333333333333333333333333333333333344444333334444444444444
66899999999999976666677776543333444444567655544333443454333333333444443343333433333322233333333333333333333333332222233322354333222223443233333333333333333333333333333333333333343343333344433444444344
55888999999987655555666666543333344444445544333333333343333333333343333333333444333322233333333333333333333333332222343332234444322222322333333333333333333333333333333333333333333333333344333334443334
55544567999865544455566665443333334444434443333233333333333444443343333333333344333333332222333333333333333333332223333333222455322332223333333333333333333333333333333333333333333333333443333334443334
54222335899755444555566665544333333543333343332223333333334555554333333333332333333333332222333333333333333332222223332233322234322222223333333333333333333333333333333333333333333333333333333334444334
43111222598544444555566666544333333443333333332223333333345555665433333332222333333333333333333333333333333222222333332223222222222222223333333333333333333333333333333333333333333333333334433334443344
42111111398533444445556666654333333343333333322233333333356555554433333322223333333333333333333333333333233222223443332222222222222222223333333333333333333333333333333333333333333333333333333344333344
42100111397434444445555666554333333333333333322333333333455544333333332222223333333333333333333333333333232222333333332222222222222222222333333333333333333333333333333333333333333343334333333344333344
42111111396334444455555555554333333333323333333222333334555433333222222222222333333333333333333333333322222223333332333322232222222222222233333333333333333333333333333333333333333344334333333343333444
43111111495333444455555555555433333333323333332222222234544332222222222222223333333333333333333333233322222223432332333322232222222222222233333333333333333333333333333333333333333333333333333333334334
54111111594333444445455555555543333333332333322222222234433222222222222223333333233333333333332222232222222234332223333322232222222222222233333333333333333333333333333333333333333334333333333333333344
44222111873333333444445555555553333333332233222222222223322222222222222223333332233333333333322222222333333344333223333322232222222222222233322333333333333333333333333333333333333333333333333333333344
55674214953333333344445555555554333333553222222222222222222222222222222222222222222333333333222222234433223443333222333322333222212222222233222233333333333333333333333333333333333333333333333333333444
76875327843333333344445555555554333334763222222222222222222222222222222222222222222233322222222222354322223333333322333222233222111111222222222233333333333333333333333333333333333333333333333333334333
66776359533333333334445555555555432357863222222222222222222222222222222222222222222222222222222223642222222222333322333222233222112111122222222333333333333333333333333333333333333333333344333333333333
66665587433333333344445555555555543358853322222222222222222222222222222222222222222222222222222224422222222222333322333222333222122111122222222333333333333333333333333333333333333333333343333333433334
66666885333233334444444445555555543358864333222222222222222222222222222222222222222222222222222234222222222222233322333222333222222111112222222333333333333333333333333333333333333333333333333334333334
66667863223333334444444455555555544357653332223222222222222222222222222222222222222222222233322233322222232222223322333222333221222111122222222233333333333333333333333333333333333333333333333334333344
67777532224433344444444555555555544447653322244322222222222222222222222222222222222222333333333344422222222222222323333322333222222111122222222223333333333333333333333333333333333333333333333334333343
66764222334444444444444444444455444447543322222233222222222222222222222222222222222223333333333455422222222222222333333322332222222211122222222222333332333333333333333333333333333333333333333333333344
65432222344434444444444444444444444445443332211233334321111111112222222233333333333333333333333454322222222222223333333332332222222221122222222222333322333333333333333333333333333333333333333333333344
64422222333333333444444444444444444444443333222222233422222233323444333333333333334433444333333444322222222222223333333322332222222221122222222222333322233333333333333333333333333333333333333333333343
64322343433333333444444444444444444444444433333322222332233455433333333333333344455543444333333344421112222222233333333322332222222222112222222222333322233332333333333333333333333333333333333333333333
85322443543333334444444444444444444444433333222222333232233443333333333344444444565543344333333334321111222222233333333322232222222222111111222222233322233332333333333333333333333333333333333333333333
98433333543333333444444444444444444444332222221122222333343333333444444455554444665433333333333333232113322222333333333222222222222222111111222222223222333332333333333333332333333333333333333333333333
98433333433333333333344444444444444443333222222222222344444333444445555555444334654333333333332222233245322233333333332222222222222222221111122222223222333333333333333333332333333333333333333333333333
79533323333333333333333333344444444443333322222222211234444333344444555544333335654333333333222222122364333343333333322222222112222222222111112222223223333333333333333333333333333333333333333333333333
58645323333333333333333333334444444443333322222222211234444333344444444433333335544333332222222222212553333222333333322222221112222222222211112222222222333333332233333333333333333333333443333333333333
35765433333322233333333333333334444444433332222222211233333223333333344333333335543222222222222222222442222222333332333222221111222222222211112222222222333333332333333333333333333333333343333333333333
34665443333222233333333333333333334444433333222222112223332222233333333322222235543222222222222222212332322223333333233322222111122222222221122222222222333333333333333333323333333333333333333333333333
53455554334444333333222333334433334444443333322222222222332222222222222211122234553222212222222222234332322223333333223322232211111222222222122222222223333333333333333333323333333333333333333333333333
43344554444566543334444555544643334444444333322222222222221121111111222211112223443222211122222111255332222233333332222222233221111111222222222222222223332223233333332333323333333333333333333333333333
44433444433456655433333222347775223344444433332223222221111111111111122211111222343222221122212211244333322233333222222222233222111111222222222222222222232223322233332233323333333333333333333333333333
44445555555445565433322333588896212334444443332233222222111111111111122221211122243222222222222211233333322333333322222222333222211111222222222222222222222223322233322233323333333333333333333333333333
32345555555444444444333346998655212334444444433333322222111111111111111221111122234222222222222111233333222333443332222222333222222212222222222222222222222223322233222233322333333333333333333333333333
33344443333444444555554589986323111334444444443333322221111111111111111111111112223322222222222111222333223333444433222222333222222222222222222222222222222223322223222233222333333333333333333333333333
22222223344444456666557998885332111234444444443333332221111111111111111111111111222322222222222211222333223434444443222222233222222222222222222222222222222223322233222233222333333333333333333333333333
22222334444445678776678888888642112234444455544333223321111111111111111111222221222222222222211112223332234444444543322222233322222222222222222222222222222222222222233233222333333333333333333333333333
33444444433233566766887899998752122334444555554333333322111111111111111111222222222222221111111112233332234444445543322222234432222222222222222222222222222222222222233233222333333333333333333333333333
44434455434335667777956999986321122234445555554333333322111111111111111111112222222222111111111112233332344444456652332222234443222222222222222222222222222222222222233333223333333333333333333333333333
22334555665444555568844999963211222234445555554433333322211111111112222211212222222222111111111212233333344444566762322222224554322222222222222222222222222222222222233323333333333333333333333333333333
22244444445555555568844998532112211234444555554433333333211112222222222212222222222222221111223322334333444455566642222222223544432222222222222222222222222222222222233223333333333333333333333333333333
33455544678765666578835864222221111123333455554433333333221112222222222222222222222222222222256543333233444555666632222222223554443222222222222222222222222222222222233333333333333333333333333333333333
33467776655456777678743322211111111112334455444433333333221111122222222222222222222222222222343333333334445556666532222222224555455422222222222222222222222222222222233333333333333333333333333333333333
44445666555566666789732221111111111123344454434543333333322111122222222222222222222222222222332223344444455566665433222122224555556542222222222222222222222222222222222333323333333333333333333333333333
66665544444445555677632111111111111222333443345543333333322211122222222222222232222333333333322233334443355666555543332222234333445554222222222222222222222222222222222233333333333333333333333333333333
44566666544445555676531111111111111222333443355544333333332211122222222223222333333322123333322222233343356666555553332222234444445444432222222222222222222222222222222233333333333333333333333333333333
54434455665444555664321111111111112223223333455554433333332221122222222332233333333211122222333222222232455655544453322222234444455544443222222222222222222222222222222233222333333333333333333333333333
44444446776444345553211111111111122223223344444554433333333222222222223333333333322111122222343333332222465655444443322322234434444433344322222222222222222222222222222233223333333333333333333333333333
34444345654443334565311111111222223223333344334444433333333222222233333333332222211112211233333333333223565555555443222332234444445554455432222222222222222222222222222233233333333333333333333333333333
34443456543333334456432211222222233333333444434444433333333322222333333333222222222334323343333332332334555555665543322233333343345555554443222222222222222222222222222333333333333333333333333333333333
33333344443322334554544432222222233333334454444334444333333322223333333333333344544454235444433332223335567775555454332233333333334555655544432222222222222222222222222333333333333333333333333333333333
34334444432222344544555433322222233333334444543223345543323332223344555555444345444444345445555554333445567765455664333333333334444556676554432222222222222222222222222323222333333333333333333333333333
65445666543333444333444333222222222333333344554333334454443333234444566655444433333334344444555555443455666654444453333333333345654444566655453332222222222222222222222322223333333333333333333333333333
54333566654444444443343333222222222323323443444555434445666666556665566654455555433333344444555555553455554444444443333333333345554334445555554333222222222222222222322222223333333333333333333333333333
32233466643444445553233333333223333444444443344555444455666666655666666643445666542233344445555555543445444443334343333333323334444445545566665443322222222222222223322222233333333333333333333333333333
33222355543333334443222222222222334444445556554445555544556655555555666544444555443333444545444444454555555443333333333333223333444455555678765544432222222222222223333222233333333333333333333333333333
32223344444333334443323333222222234443345688754334555444445555555444455554444566665444444544445555556554444433333333333332222323445444556676554444443222222222222222233222233333333333333333333333333333
22222345543333333344332222212222334456677765444444455543344556665545566655544567776555555545555554433433333333333333322322222224565433334555544444443222222222222222233222233333333333323233333333333333
22222356653222223344332222222222235567665433333334455554455555566567765566655556665545555555655554433333333333443333322222222225777644444444445554433322222222222222223223233333333332323233333333333333
33333566654433222333333222223334566545544334444444555543445555456787765667666655555555544555554444443333333333333223322222222225888654544433345554334543222222222222222223332333333333333333333333333333
