33332333325532233226433221333222322113432388532222222222111111111123324863233222232226843233323222442333212337742323333222322345111222212477888888888888888888887875478886432334677664564433333432223212
34332323247433232236432233434322433344332278543222223322211111111233333763243223221326744222333233332322122337742322332222223267311122222336788888888888888888887875478864333324677533333333333333222212
44444444458444444457534455555444544444543388543333334433333332334455543773353334321323554222433343222422233437752222342222333366411123222225567788888888888888887876478753333333445433323333322233322222
44444444458555555456435545555555555544555588544544455554545555555555556863555455444554555444444453334543443525753223342222323323221234222224335678888888788888887776466434444333223345333333322222222222
33333333348644444446434444444444444444444488544444545544554455555555446763455445555554454555555554555555455545653333453323434434221124222234233347888888777888777776455434354222222445654432333322222222
33333333338743333336523333444444433334444488544344444444444444554544445763444444445555543345444444455555555555434445555545555555443344454545444447787887544778545776435644353222222546653234334211232222
33333333338733333336633333333333333333333388543334334443333444444444445863444444444444642135544544444454444455224454545545555555555555555555555556566666555556556776445655464333333544343334333321242222
33333333338743333335633333333333333333333388543333333333334333333333345863333444444444751134444444444454444454226445555455455555555555555555555555555555555555555675345555665555556555555556555554554444
33333333337843333336633333333333333333334388544433434443334433344343345863344444344444861134444444433344444443257644444444444444445444555555555555555554555555552476445555555555555555555556554555555555
33333443436843333335633333333433334444444488544444444444444444444444445763444444444444883134444444444444444443365654444444444444444444444444444444444445544455554576445555555555555445554445544445555554
43334444435744443345633333333343334434444487444444444434444444444444445863444444444445895135444444444444444444574654444444444444444444444444444444444444444444444776444444444445555455555555555555545444
33333333335853333335633443333333334344333478544443334444443444444444445863344444444444898325444444444444444435664854444444444444444444444444444444444444433344444776434444444444444444444444545445444444
44444444435853333335643433333433333444333378544433343333444444434344435763343334333434899425444444444444434446856853444444444444444444444444444444444444434444445776534444444444433444444444444444444444
44444444444754333344743433334444334344443478543333443334444444444444445763344334444444899525434444444444444438966753444444444444444344444444444444344444444444445776534444444444444444444444443444444444
44444444444554444443643444434444433444444488544444444444334443344444345863344444444444799525444434444444444438865743444444444443334344444444444444444444444444444776534444444444444444444444444434334444
44444444345744444445744444444444444444444369544444444444444444344444435863344444344444799525444444444444444438865733444444443333444334444444443334444444444444444677534444444444444444444444444444444444
44444444434864444444753444444444444444444358544444444444444444334444445863344443334444699624554444444444445437756734443444433333444444444444443333333444344444434777534444444444444444444444444444444444
44444344444864444445733434444444444444444478444444444444444444444444435873344434334444699734554444334444445427556634444444344344444444444444443344444444444444444786534444444444444444444444444444443344
44444444444864444445743433444444444443444479544444444444444444444444444763444444444445789844454444444444456437666534444444334444443444444444444344444344444444444677534444444444444444444444444444444444
33344444444864444444743444444444444444444479544444444444444444444444443763444444444345789964444444443444455437755644444434433444444344444444444433443444444444444677534444444444434334344344444444333333
33334434443554444444753433444444344344444479544444444444344444444444445763344444444446788964333444444444453447645644444434443444444444444444444444444444444444444687534444444444444433344443444444344333
44444444433543334443543344444444434343444378543343333444444444443333445763344444444545789974322244444434433458656544444444444444444444444444444444444444344444444677534444444444444443344344444444434344
44444444343663233344643344444444444444444358544344443444444444443444445763344444444445789984321124444324423458767544443344344444444444444444444444444444343444444676434444444443444444433344344434333344
33344433322453322333652344445555555555554458545554444444444444444444445763344444444445899995331114433223323467678544444444444433344444444444444444444444444434444676534434444444444444443344444334333333
44444323344443333333652223444444344444555468545555556555555545554444555763344444444444799995333223433333223468898544444443344444344334443343333444444444444433344676544443434433444334444344444434444443
32222223466633333334652222333443333444445468545555555565555555566655556763454555555555599996556643543434434458996544444444444444444344444444334443444444433443333587544343343434433333344344444444444444
33333334454444433333543344434444444333344468535445544454445444544454446763444444555555579997776655666556645479984444554455444444444454444454444444445444344444434577543333434434433343333443333344444333
34444444444444444444554444434455444433444369633333344444454444444444444763444444444444457998766656666656645679974555555555555544544444455554544445445444444444444577643443334443344444444444444334444444
44434333434344444444344544444554444434444369533223443444334433444443443763444444444444445887666655555554555777654565555555555555555555554444444444444444454444544677644444444444444444444434444444344334
44344333434443344444443444544454444434444458533333343333333333343334445763344344444444567766666555555544444565543454444445544555555555556555444444444444444444444577644555555454444554444444444444444444
44444444444544444443443444433344344444434444445543334433333333343444446763334454454445556677766555555555543254532344444444444444455555555555555555555445444444444577643444444454445444555555544444444443
44554454545544444454443443433343344454444444345433334333433333333433435763343444444456666776665555556545553233422344444443333444444444344445555555555555554445444577643444444444444444444445445555555544
44444455555544545454554444444444445455555454454344434343344433333334335753233333344456877777655555556554444222311244444444443434444554444433443444444455555555544247643444444444444444444444444444444444
34444445555544445445554444444344444688435434554444444444334333333333335544233333343443487777655555457875533222111334444454444445666544566554334334433344444544544347654444444444444444444444444444444444
44555445555554545554544445444444544566334444444444454544544444443334332333233333333311487776565555566553333211111334544454444456554555655555455545443344444434444467653555454444444444444444444444444444
55555455554445444444445555444555654444444445443444544444544545444434322233333332234313676555665444572110112212111234445545455655555555555544555455454444444333444477653455555545544444444444444444444444
55544355555544554555445544444565454544444444444344444444444554333333433333433344334447665544555444462100012222111134444555456555555555555554344455444444544444444467653444444444555555555444444444444444
54334445566554544555555445544554454544445444544444444445444433333444444444433444334455555554343455554310011223211134444557555555555566666666544545433344555555565577765554443344444444555555555444444444
34334444555444445445455445544544454444544444354443444344444444454544445544433434444565676444433455333431111112321234344556666655556677666666654555555566666676677888877765444444334444344455555444555666
45445544455445445444444444444455444444554444454444444444434344344444444433344444555556988755444443322321222112222233454456765556656677766665665556788877788888889998876554333444443544454333334444455555
54445454444444344444454554444455444444444455444544444443444555444344555554445545666479868863333333222221222211223236865457765556677777666666665544688877888889999988765443332233465454554444444333334333
44445444433454444444555544444334454444444444444344434443344443444444455555445545565799888864322222222221212211223247755777765565667776666766665442357876667777777777665544322222234454444434433453344333
44445444444443444444555434443333444444444444333233333344344343444334544454433334467999977874322211112221222211222233357665656666667776566666555432346776555566655555543344333222222244654433444444455444
33445454444344444444443443444443444454444444445444444444444444444444543344444444456688876564332211112221222111122332356655556776566655556555555432345566544455555434544333333333322343444444444544444444
44445444444444434444444444444444444454444544555445554544544444444444444454444444524455553235332211111211222111112333335555557765566555655554445532243344444445435435654443443344443344334454354434444334
44455444444444454444444444455544434555444544455444444455444444444445444444544444512333321003422123111111111111112233333455456765556666555544444532233344444433444456765344334344444334443444445445433334
33444444444444444445455555455555555555444444454344444454444444454555444443444444323233200003421135211111112111112223332245555655556555555544444542224543345433344457765344334444444423344444445544444344
33344444344554533445445554445455555565654444454444454554444445554544445444444444333232210124322124211111122211112223333214565545665555554443344443223444344444444447765344334444334323343444445554444444
44444444444344444544433554445555555565544444555455545545444555434444445554444444433322232233322123211122232211112223333312456435666545554444443453213444444444444446765344443444333334343444444444444444
44446444443334444545544444444556645655444444444444545544544554545544454554444434443322222222222112212223232111112222333321234335566554454444443354212333333334444446765333344443443333343444433333345444
54446444343444334455544444445655455555444454445444544455554544454455554544555444454332222222222121122223221121111222333332123324455444444444443365212333434434444336765323344443343334333334344344334343
55445544444344445654433344455444444444455454444654444345554464444345554544454444464332322222222111122112121121111222332222123323344443444443343344212343343334344346765323333443333333334324434333333342
33344444444444445554444454444554544445444444455564554444454454444444444444454543354322321222222111111111111111111222232222223322334443444444443345212333433443344446764332234323433332222322434324544433
33434444444344444433444544454545554445433444544554555554555444444455544455455433455443311122122111111111111111111222222222212322233333444444433334212454443443554445554333332322222343223433433434444444
44444444444344444543333444444544444455444444444455445545455454455444444444554444445676311110012111100111111111111222222222212222223333444444433333322454444544654445433334333333233443334434433444444444
34433344444444343454434444445544445455454444444454444444454454554444445555554445434443210000012111111111112111111222222222222222222333444444333223222554454545554335333333343333233433433443324344444443
34443343344444434343444444444434444333344445444455555454454545555445544444444444543321000000021111111111121111112222222222221222222233443333322222222555445545533333234544433443333334433433344344344443
34333343344334444444443444444444444443334434443345455454554445444444444444444444544421000011121111111111111111112222222222221222222223343333222222222544334343333432234544444553343334433334444444343343
33333334344333443433434334434334344443444333343333445545554444444444443444444544543443321111111211111111121111112222222222222222222222333333222222213444343333334433444544455443333334433333433333333343
43333333454443333433444444333344445444444543344444444444544444554444434445444443443323432111111211111111111111112222222222222222222222223333222222213444444334334444444453454432333343333333333333333333
44444444443544343334333444444343344444444443444444444454444444444444344443443343444212211111111221111111111111111222222222222222222222222222222222223434444444444334445454443422233333333333333333333333
44344444433443444344334444444433343343444444334444444444433444444444444443444443344321111111112211111111111111111222222222222222222222222222222222224333444344444444444444333332223233333333333233334334
44344444444443444444434444434443444445445443333433333444533444445444444443444443333432111111111111111111111111111222222222222222222222222222222222234344344344444545444434333432343333344333333333344444
45454433444444443443344444444444444445445554444444444444444454444444444444434444444432111111122323211111111111111222222222222222221222222222222222244454344343344534543454345432343444433333333333344443
34443334333444543333334444443344334444444444444443334444444443334444444444334444444444222333234433321111111111111222222222222222221122222222222222444553334343444434433444444434444344444334433443443233
33344434433344343333444444343333334334344344335444334444445444444433443334333433444434544344433335431111111111111122222222222222212221222222222222434444434434443444333334544444544445544444344444553334
43333443343333343444455433444434444543434443334444344333333344544433333344444344443334444334333447554111111111111122222222222222211111112222222333433343443454433434343333443334434434443444454444455444
43334333343333343333334344434545444444434443344444443443333344544434443434444444443344343323444458655221111111111122222222222222111111111122222323434444443343334334533443333343344444443454344344444233
33333333333333333334333333334444344344344444454444444444333444434444334344444454444554444433434458754321111111111122222222222222111111111221222322444444333334334445633444344444554434443454454444533432
33333333443333333433333333334433454344334444444333344543343434433334444445445544444554443444443567765531111111111112222222222222111111112222222323443443344334344444344444464434344444443444444334433443
33333333333444333434334343333443354444334444433333433444444544444433344444444333454354434653444467776322111111111111222222222222111111112222222223334343343333334443443333444334344444434433444433333333
43333433343333433333335443334444443343334443443344434444444544454444444443344334444454543653444467776432111111111111222222222222111111122222222223344333333346434443334333333355334334433333343434333233
33333433333333433234334333333343343333333434424533443443343344454444454444455443333444443554434467776532211111111112222222222222111111222232222223344443333346333444344344443344333333334333333333353335
33333344433443333333333334333343332323333433344433333443444334444344443444455433434444344444334477776643321111111112222222222222111112222322222224444434333444334554444444443344344343444443343333343435
33333333333343333333322323332333333322333333444354333344333433433333333344445444444444434433444577776653211111112111222222222222111122233322222224444444333544444454334443343444444444444443344443345444
33443444333333333333322333333343333322333334333333343333333433333333333444455433334454444434444477776664211111111111222222222222111222333322222223445444445343344444344444342344444457535545444443345444
33533344323333333333323333333443333333333333434333333333323323443344444444454344335444444444434466766656421111111111222222222222222233333322222234445444455444334333334333333553444445435544444444444444
33333333332323222433233433333323333333233344433343334333333334444344334333444444444334444544344456666655632211121111122222222222222333333322222233344335565454455434333322333564334433444555443434434444
34443333444344333443334323334333222333233333332343434333343445433233344434444444333342344433334445665544552221222111122222222222233333333222222333343433444344443333233323333535534223334554443443334554
33333343345433333344333333354433222333343432233334434334344434433333333333344333323334445333334535566654364222222211222222222222333322333222222233433433333343443233334333344534434344445554445454445554
34443333343333322234433343334532233333443433333433333333343443333344343323223333432243335433333333567754235212222222222222222223332222233222222234443443333332353323553434444432434334444543345444654434
33344334443333333334443443324332234334434344332333333444443334434333443333333433333334443433333333456765556522222222222222222223432222223322222243443343433332344323663344334333433333333433333332444532
33344443334333333343334443333334333333434444333334434344433333333344433333334443334333434533333323346768889952223222222222222123465322222322222344553334333223333333563434335423433563443343145232345422
44333333444333333332323333334433443333344334333344444434333333333334433444434334433344334433433333334678999985333332222222222123466564222322222333333333433333333333463334335534434453333333255322333224
44434444333334333332333334333333444444344334333454334433444333234354443433433334444443334334343443333689998896433333222222221124447654422322222333333333334333333333323333333333233433333332244223233234
53344344344333444333344344334445554444333333233344333444444443344343343333444334443333344334444444333678987686335333322222221134336655522332223333333333233233333333332232232223233433343333123223332222
54344444444433344444444344444344454344322232122233443344443443344333344333344334444434443344333334333678876545334433332222221234335776522332223332223333322333333333333332232332323335533332233333332323
54344444455444444444444443433344454444332233333333333444433333333434444334333333344434443433333333333689754433333333333332222233343443222332233333333323323233332233323222233233234334433332232334323224
44444453465433444443444443333334444434433443333444334433333344333334332233333344334332334434434443333579964332332333333332222232333354322333333233333333222233324333332233433233333333333332353356444433
44444544456444544433434444323344434434433344444344433323433444332333433433334444334333334434444453344579985332332233333333222223322356522333333244333333333333333433234432333333445333332322223433343533
44344445545435443323334434433433332433433334444443433343433333333433333334444544334443343434444444443468997633223233333333222233333355433333333234433333332343332343234332333332333333222323234443223322
43344445445544433333344334434533322333443444444334323244443333333333433333443433333333433333444344444467898864333333432333222234343355433333233243333333333322343332233232233333333333232232234643333322
43333444454544334343343333333433333333433444444322223243444344433333332333343233333323343443333334344457798765433444433333322223333355433333333244333333233322233433233122134333333334333233333323222333
43344334543343244333323333444333433334323334333322223334432344443333433333333333333334443444333444334446888876544334433247753224434455323333322343333333233332233333233232233333333424423332343224432233
32233434433553343324324343443334443324323444333333332123223434533334433333344444443335544443443345444446888876754444344269875324344454323322222343333322333233343332224433333333234422433323333432332423
33333433334543332233322243444434433224344433433433443223433433433333443553344444444444543333444345444334789977754444343389875324443355323322222444434342323333343433333333332322443332222333433335323333
34344444344533323323332333433433333234333334334433333334333444333333444544333443444444333333333345444434679987754443344599875324444465323332222433334333333433343333332333332322432222323543334335422234
34345433344433433323432333442543332344434443343443332334433333334334454323333443444444333333233344334434678888754444444599975333334464323322223433434333333333433332333233333333332223334643424433323233
33323332233533333333334333433444333443444433334444332356544433445444644444444434335344444343333333333544667888754444434499874334433464323322223343333333334344334333332222333333333334323443332332333233
44434333332333333433343323333444434343333334444433333334544334444444433334444444433453443444444344344444467766764444333599864334433565435322233343332244333443333332333222333334334433333333222221122122
34333334333333234334333323333433433333333433443344333333444444444454444444434554444443344443244444454555576764464454433498764433344454327411234332343344433344433323333333333344334433234244111111111111
34444433334543343343333333333334444433333444333344333342354444444544443344444454454333444445444554544454466776435444444487764333355553217612233333454344434334434323333333333333333233222122111111100010
34333334444344344343333344333444444333233433343344333343344444433334434444544443333333344455344444434543466777754443344478754434444564227632233445434434344343434433433333333333333112121001111111100000
44333332334444433433334333334433333343323433344445444444344544334335334444443433333334334434344444434443367666665344344498654444444565457653343444334432345443344444444334333322222111111111111110011111
43333333433345444333333333334433453333333444434343433334444444345444444444333443343233434444443333444433357655665433334498654434435565557653354434434333344333333433433333211111111111111111111111111111
43333433333344443333443443333444333334434443333343434444544444444433453333333443444333434443433433334433346666555443443497654333533334357553333323454443443323332232211111110111111111111111111111111111
43322342223233334334444333444444333334434333434443443434444434433344444333333433443344444454333434444334446776665544444587654433433333266653333233344443234421111111111111111111111111110111111111111111
34222222223333333333343433334544434333433334443333333344444334432345334434444444334334433444433444432334446776666643333576654433334333366553333332222322221111111111111111112111111111111111111111111111
34311221223333443334333333334444344334333343453334433454333323334544324433453343343335433445444333344446446666666532433787654433334433365543322322111233212222221232211111111111111101111111111110111111
33322223333333433444334444345333333434334443455544443333333333333454434434543333333334543445444454335445445666665433334776544332334433566543323322232344334343333211111112111100111001111111101111111111
33333333333343333433333423444433334344344444444653333333333333433454444345433333343334443444454475345334445666665333334665443222344433665543322212333444434333221110111112111111111111101110111111111111
44443344433344333323323433443433333434544433334433333343334334444444434335433334333343443343443354443333435666655323333654433222443434765553222111222333443333111111111111111111111111111111111111111111
