44333433433333343443434334444444334443487444344444444444444469544443367444444444444333444444896444444444444444444444444468634444444444444444444444444334444444467633444444444444444444444444444444444455
44444444444444444444434334434444344433487443444444444444444469533444457444444444444444444444896444444444444444444444444468634444454444444444444444444444444444467543444444444444444444444444444444444444
44444444444444444444444444434444344333388443444334444444444458544444457444444444444444444444875444444444444444444444444468634444554445544445545444444444444444466643444444444444444444444444444444444444
44444444444444444544444444444444444444487444444444444444444458644444457444444444444444444444885444444444444444444444444468634444444444444444444444444444444444466534444444444444444444444444444444444444
44444444444444444444444445444444444444587444444444444444444459644444457434444444444444444444785444444444444444444444444468634444444444444444444444444444444444477633444444444444444444444444444444444444
44444444445444444444444444444444444444486354444444444444444458744444334434444444444444444444554444444444444444444444444468634444444444444444444444444444444444467533444444444444444344444444444444444444
44444444444444544444444444544444444454586454444444444444444445744564223434444444444444444444433344444444444444444444444468634544444444444444444444444444444444467634444444444444433444444444444444434444
44444444555555444454455544555454444554587554444445444444444447554784112444444445545444544444322454444454444444444444444468633444444444444444444444444444444444477433444444444433333444334444444443333444
44445555554554556655555554455544444555586455444444444444544447755883112444444454555554455444222575455444444444444444444468734444444444444444444444444444444444476433444444444443344444444444444443333443
33334444555555555555445455555544555554586455444545445444444447855983112434444544444555444443224877644554445554444444444468734444444444444444444444444444444444477533444444444444444444444444444444444444
43433334444444444544434444554445555544587445444554555544445547856994112434444444444444444453237867654544555545445544444458634444444444444444444444444444444444477533444444444334444444444444444444433443
33333333333333344444444433343434444445596454443344444544544447857995213434444555445444444553258657854455444454444444444437634444444444444444444444444444444444477643434444334433444444444444444444444443
44444443344444444444444444444333344444486444444344434444444446758996213434445554444544454554477558844444444445444445544468634455554444544445544444444444444444477644444444444443444444444444444444444444
44444444444444444444444444444444444444586444444444444445444444458998413534445454454444444455587458844444444455544434444468633444544455555555544444444444444444477634444444444444444444444444444444444444
44433444444444444444444444444444444444587444444444444444444445858999514534455445555554555455785479734444444444444544444568633444444444444444444444444444444444477534444434443444444444444444444444444444
44444444444444444444444444444344433333497445444445444445444335758999513533455555555566556556974699735445544555454444444468634545544444444444444444444444444444577533444444443444434444444443443433444443
43444444443333333444433444443343333333496332333344444555333334459999523543344555454555556568965788636666556556555555555567634444455555444445444444444444444444357534444444443444444444344443444434543444
44444433333444444444434443444444444443455322322277444333233566459999524542233445443444545589955778636555665555666666655568634555555555555555555556555555444444467644444544455444444444454444444444443444
44445444454445554554434444444444444444444434444467333333344656458999524443344444444454444589855779535455554554555545545478634444455555555555555555555555565554477534445555555545554544454455554554444445
33444444444445454544334434444344444444444444444445444444455544558999424445545455655554443599866779334444545555545455445458635444444444444444444444444445556666577635555555555555555554544444454444444445
44444444444444443344333333444444444444444443433445545444444444458999424444555455655455453599855678334444444444444544444447634444444444444444443444444444445555587534665555555555556666555555544444444444
55445455444544433234333344444454555444445545444545555444444444568999424454455545655445452587644687344444433444334544444468633444444454445555445454444444444444577644544344445544555555555556555545544444
44434433434444443344444344444444444444455445445545554454545445668999534454555443554445552576545687343444433344444444444467633444545554454444445555554444444444477634444444444444444455554454555555666555
44434444344444444444434434554454554544545545556555555554555555678999644454444444443455652676556685344443334444434344444467633444444445554444444545545565444444477634444444444334444344443334444444555555
54445444444444445444444555665445665555544555555555555555566666678999744444445555555555553676655676454454434444343443443367632333334444455444444444454544444454577533554444444444445544433444443433334444
55555554444444545544545555555556665655555555655555445544556556787899754444445554554446654687635687555454444444444343443455542333333444344444444454444444344445577634644554554544455554544455554444434433
45554555444444445455444555545666555545665565565444445555566656788999854333345555455545554687524683455555555444454433443323432433333344343443443344443444444344367534555454554444444554544456544455555554
44455555445554554344444555545666655554454554454455565565566655678999854322235556656555455786434764555555556545555444343333333334332343344333444344554455444444467533454455544544445444454445444455455455
55466555555545554554444555544555564555566555565565555554566666688999854322223556665554355787645865555445555455543333444433344334443444434444444433544444444444578633444445544545455455544444344444455434
45455565554455554456544545555555555555655565565565555444465676799999964332211446654543455787657865555554554555433444554555554444454444444454444444444444454544577643454444545544445554444554354444444444
44544555555554445555544445555555455555554555555555444344555565799999964332111356555434455786559965545554554444445555554555444444444444444445444444444345544444477523443334544445445544444444444444444355
55544555554555555655554445554554555445544556555554456455545565589999954332210255555344465787899755455555444444554444454554444444445544554444444444544334444344466432333434555445554445544444444555454354
44544455444544455545544444544554565544455456555545555555555555579999964344432245564355554799998655555555445455554554445655554555566555545444444444544344444344466431222434444445543444444444444543443343
44455555444443454444444454455554455555445555444555555555555444569999965677654224554565655799996544444454434555545454555555555555455556444555555444334444444443466432222233444434444333343434324544444443
54544454444444444344444454455444555455555455444555554455455544457999988777666666767765756899975433344444444544435544445544555434445555455455565543434554444443455443333343443334343322444334444444344445
55544444544554334444454444454444455666555454444555544465555554456899876665666766667754766999955555545544555554445555455444445445544444555555455544544455443344443343333334342343454444454444444434444334
55444444444444454545454444455444444446545555444455445555544555555797766666666666666555587898745665555555555445454455554555544444444444445555455554555444455454554344333334444443444444444544444444444443
55444445444554555544554444454455444445445554444445544565555444555775666666666666555556478787534555555555555544545455555555445445444444444443434544455444555545564444433334334444434444444444434454443333
45433334434454545654455445444354445544554444444434444554554444567766666666665555554445436656323334444555545445555555554445444455444444444434444444455445555545554554444444444434443343444234444454433444
44333334443344434444444444433444445445543455544434443454544457776776665666665555554445424544212223555556555555555555544555554444544454445545554566566555555545565554444445554433444444333333443444444444
33333333333333334444444445554444444444444455454344444455556777777777655566666655555444313443211111356666555545654445554555555544444555455566544676666655554443444445444444554332345443344444443444443343
23333333334343344544445444454455554544444444454454545566565666778776666566666666666654322332211111135566545445555555445555555554445545556654455666555565554544333333333333322222235544344443444444443334
33433323444333344445444454445555445544444444455455665456566777777666665666677655555554322222221111113345656555555554556555555654455556554544566666565455544444444333222222111111124544343343333343434433
33444343333443434344444444555454554444444454555556665455688778777666666666666544454444322221232222112223555555654544555545555544555555455655556655666554454444444443334322121111112443332233333343444334
33433333333453444333444455444444443444444444445434444454688777777666666666666665554433222211232332211212345555644444455545455544455555555555556655566555444455445544444444332111111234443344543335565444
33333334444434344444444443443443444444454444444444544444447877776666666656677886455332222112233332321112344455555545555555555665454466566555666666666666544444455545555445555531100124344455543345664334
33344344445434344433443444444433444534444444454444444443137877775666566654678886554432221112223333322122232255655555554555555675556555566666667767666666655444454445556555655543210024444444555565665445
44444444444434344444444444444444443443444444444444445443148887666666665567765432222332221112222333332222221245545555555554445666666555555666788766666666666545544455555555543443211133344555554555445555
44444444343334344444433454444444444443444434444444444444368777656655555568632110001123222111222222333333211234555555577655456687666556666666777766666656666645677777766665556642221233544555544454545545
44444333444444444444444444545434433444444444444444444444777656566654445457511111100122122112222222233333311223455555787554458786565566677777787666666665665554578887777887677522222234545555444555555545
43443344444544444444444444444444444344444444344444444335776544555554456556532210000122122111222222223333311212454444554547777866666666677888877666676666665544357777788877665434433344444444444545445444
43444444444445544444444444444444444444334543444444444446665444345544455555544421100011122111222222222333322211222233346757766666666666667777776666777665665444335666677766555434443344454444444555445444
44434444444444444454444544544444444444444444445454454555666654334334556544434431111122222111122222222223333222222223456666555566777866667777776566666665655444333455556555444444444544444444444444444444
44433443332442354454444444444444444444444444454444554455555554333334555333334332122222222111112222222222333333333222255555555556777766666676666666666555555533323345455554444443323444434344434543334334
34444444333443354344544444443345444444455534444444565587654454444344443333333322122222222111112222222222233333333321123455555567776656666665666666665555555542223444433344445443443333444344334444443344
34444333333333343334444444444444443544554444444455656999864444444444433322222221112112222111222222222222223333333333212344555667887666556666666655555554445542222344344344444444444433334444434344444544
44554443344444454444544444344444443443344444444677669989886554333333333222222222112211221111111222222222222333333333311234555565666566666665555555554444445543222344444444444444344443344444444444444545
34444443344444443444554444443443343433444444445775799779886433333233322222222222112222221111111222222222222233333333321123445666555566666655555555544444445543222244444544444444445443344344444444444434
33333434444344443344444544355434444434445444335656999779885433333323222122223321112222221111111122222222222223333333331123345665545567655555555555544433344444322235433444444444444444444344444444444434
44444333334444334444544545554434443333334433345579999988886544322332111112233211112222221211111122222222222223333333333112345565445666665555555555554444443454322224544455444444444444444345434454443444
44344443444543444344444444443433433343334443333699999888886434322222111111232111111222121211111122122222222222333333333212333454344555566555555555445444443355422224444444444444454444444445444554443444
44333433343333443444444544444433433444444444444789999877676433332222111111221111111111121111111122122222222222333333333311233344334555566555544455544544433345422223444444444444444444433444434444434444
43333343444334444344444443333443343443434434455679888776557433332222211111111111111111221111111112212222222222333223333321133333333445555545444544554444433346521223445444455444433553444444554344434334
33344444443444344333333333334333344443444443564456666554226523332222221111111111111112221111111112222222222222332222333321133333323444555554544544444444433335421223444444444434434533443443453443443344
44443444443334433333333333343344444444443444553445544321102632232111452111111111111122221111111112222222222222322222333322123333333334555554454555544444333333321223444444443334444333443443444333444344
33344344343433333333333333344444444344444333532334433100000542232113553111111111122232221111111112222222222222322222232222123333332233355545444445444444343333421223444444433444444444444444444334444444
43333444334443433333444333344443344334344344532333332000000452333112343211111222222332211211111112222222222222222222222222112333223223334434455444444433333333421223444443444444445444433433344443344444
43444445333343333334444444353343334344454444433233331000001442233111242111111222322232111211111111222212222222222222222222212333222222234443445554444443333333321223444444444444444444444443344444443456
44344434434233333333454444453343443344444454433333321000013432332211232211112223322222111111111111121112222222222222222222212333222222223333344544454343333323321224433444444445444444444443434443554456
44444444544444344334454444544443344454344444443332222222234422222211121112212222221121111211111111111122222222222222222222211233222222222233334444444333333223321223334444443346444444344444434434453344
45444344433443334434444555544444343554443454443333322222333222222211121012211211111121101211111111111122222222222222222222221232222222222233344444343322232222321223344434433444433454344444444444442343
34334444444333455544544444444343334444444554443333222232222222222211111111211111111112101111111111111122222222222222222222221232222222222223344443333322222222221123334333322434323334443443454334443433
34323344434444566445443434443444433443444545444333222221112222222321111111110111111112111111111111121122222222222222222222222222222222222222334433333322222222221123333234433333334334432553464334344443
33211223433344454455333444453344444543445544444333323111112222223321111111100111111112122111111111221121222222222222222222222122222222222222223334332222222222212223433333333344434334333333343333343443
12443223333333444444343454344434345445444555444333332211122222223321111111100111111122021111111111221121222222222222222222222123222222222222222233333222222222212223343333335433333444433332344333444543
23333321233434444445443333245434434444344445555333332111122222222321121111100111111122121111111111111111222222222222222222222223222222222222222222233222222222111223344444446433334532445543343344333433
22223422334333334444443444455454444344343344456443331111112221112321111111101111111122221111111111111111212222222222222222222223322222222222222222222222222222111223444444555344344443444444432343333433
32231121123323333344444444444443434444453334467865531111111100001321111111011111111222111111111111121112222222222222222222222223222222222222222222222222222222111124334444443443444325444434332343323433
33332232223233334443554444344443434434454455456888532111100000001321111111111111112222121111111111122111222222222222222222222222222222222222222222222222222222111134434444333443344345434433432333322224
23223332223334334434444444444443434344444355445565433211000000001321211111111111122211211111111111111112222222222222222222222222222222222222222222222222222222111234444443333334433343333333333223333334
32324433244324433344443345443434454344444344554455443310000000002321211111111123322111111111111111111122222222222222222222222222222222222222222222222222222222122233444433433434333333343333333333334333
32333433444443211233433444444445554454444334455456534300000000002311211111233344311111111111111111111122222222222222222222222222222222222222222222222222222222222234444443444444433323333333433333444343
43343432334532212234444544543445454444344344555455432110000011002211211111234432111111111111111111111112222222222222222222222222222212222222222222222222222222222244443443444434543333344434433333444433
44443443444423334444343445443444443433444344465654442220001111012211211221001111122211111111111111111112222222222222222222222222211111222222222222222222222222222243444433443334554433443344333343444333
54444343344434323433334344455544454434334555565644433331011110012211212211111123344311111111111111111111222222222222222222222222211111122221222222222222223222222244344334432333443343333344444343454333
44443344444444422233333333454654444455545443344444544544321101112111122231233424444431111111111111111111122222222222222222222222111111111221112222212222233222222243344344433433334434343444554345443433
44333343243434544333333333345544545555554343444433344544432111122111123432334434445443111111111111111111122222222222222222222222111111111111112222212222233322222244444445544533434444444334454344443332
53233332333344443443333354444444555445555444334433333333221111121111233423334344344344311111111111111111122222222222222222222221111111111111111112222222233322222244443445555544444443454333443334444444
43333434443444333333444445544534444454555553443433322221111111211123334423335435443333631111111111111111122222222222222222222221111111111111111122222222233222222244443444454544444444443443344444433444
44333335543445443234235445444444445543353344434434433111111113433333434434434435443434552110111111111111122222222222222222222221111111111111112222222231122222222244544444445433333344333343344444434434
34334433455444543332344454443443445433544333334443445321111123434344443443344444444454444311111121111111122222222222222222222221111111111111122222222342222222222245544444455433344333423443333343344433
44444444434445543343344443455443343443454432434444445433222343433344444444344334445443434421111111111111122222222222222222222221111111111111122222223343222222222245443334444434444434433444444344442333
33444454443444443444444333365444444443443333344453335444434445543344444333344433444444444453211111111111112222222222222222222221111111111112222222332234222222222244554344444333333344333334354344332433
34444444444443344444444444454434444544433333344454345444444544554454443343444334445554443476421111111111212222222222222222222221111111111222222223332224322222222344444444443343323455444444344344323454
54344444444444444444333443455333344543323454454445554443432434455434433344443344444443433377521111121112222222222222222222222221111111112222223333322224322222222344433444443444334454544444555434445444
54334444443443433434433343334443434544345555555554343334343434455444433334334454334544433367752221111111212222222222222222222221111111222222233332222323422222222333443444454454444445444434444433444334
43343334443444443443443334344334455444445555545555543344444444454544333544443344444443344367775221111111122222222222222222222222111222222223333322112234322222222234334344445344455446433334444454434444
33334444444343233433333344434333344544456565555455454333342233343344354554434444554444344457777532222111122222222222222222222222222222223333332222111234432222223333434444444444345434334444444433324554
33333433323344443334543344434333344544443444443344345222332334343444444444434445444443444446777653222221122222222222222222222222222233333333322222111223332222222234444444444434444434334333333333333444
43334444433333334445654444333333333444443444443445445322321234444443343333434445544454444345677675222222122222222222222222222222222333333334322222111223342222222334423333443343343344423333343333342334
44444445444334544335665333334335433443444454443454433323233434444443444344444454444344443344577778533222222222222222222222222223333333334445522222211124463222222333324434433333333334434333444333434334
44444444444334444443565433344344434434444444443444443333344444444444444335444555444444454455567767732332222222222222222222222223333333345445632222222224453222222332333344433344343344333343333333333434
44434344333334333344555544454355454444545554445533454443355444454434344235434544443444445544446776752333322222222222222222222222333333444434553222222224343221122332333344343444444444333333323333333334
54334334334544343334445454344445444444544444435544554443455544444444554434444455454345445434444667776333333322222222222222111222333443444444466222222234334222222332333333444454434443343333333333322333
44234333444554443444445444334446543355444445434555555445434455444335544444454444434354444545444457889665666643222222222221111122333443344443347632222234443222222322344434444443433333333433233223223234
44444334444444334455544443434555334355334355543344454444444445543344334555554534445565554445544456999887999984332222222211111112333344344355336963222233443222223322344334443443333334343333232111221123
33554444444533334455544544534454543344334454433445544444334435644334445555555444445453343445454344799877899997333222222211111112323333444333335887422233343322233322333333454344333432333323233225322232
44445444444544444444554444434543334344544444334445444455454333543333455455445444443332444544455543489976799999633223222211111112333333343333345888852234332333233332433444344344334443334444334335322221
44344444444444444445555543233443344333455554444433344545565334444444455554444455454544534544454434369975699999743333322221111112333323333334345877764233332333333322333333343344444444443433333333332323
43344444444444444434444444444444443333344454443344454444554355444444446543444454444454434434444434558885477789654333322222221112455432233333346867653233343233233322333333444444444334443443334333334434
44444444444444344433333334443433433445345554444444444444334444444554446544444443344443334445445444446765445468754333222222222113334333233224336766542233344233222223333343333332333333344433344444433444
44354455444444444432234344443444433555444554344334444444444434444444455544545554443323443444654444335764444445764443222222222214434323344433347766543234444232222223344433333433433434344334444444544444
