23223365332332255322224343223332333322586333322223221111111111233327742332233222258443233333233423221223357522223322223222474211222223468888888888888888888887864688754333235775433333333333432222122223
33333485333433465333445444334444444333696443322334222222311223444425743433233212236552334333442313221233358533323432223332575211122222246778888888888888888887864688643333335665332233333333333222222222
55555585455555566355555555555555545544796444444455444444545555555557743544454335434453334443442225433435347633332432223323344211243222243356788888888888888886764575444343333344453233333322322222222222
44444486444444465344444444444444444454796445445555544555555555555457733555455555555555422454544445544445337521343432223333232211242121243234568888887888887887764554334452332233455544332232222222222222
33333377433343366334444444444444444444696444444444444444445545544457743444444555544447411355444555555555556422554544445545554322243444443443367888886547887567774455444452222224456543334343212222222222
33333378433333356333333333333333333333696433344444444443444444444457743444444444555448511344444454555445554313765555555555555555555555555555566667775545566457775356543542222225444432233232112422222322
33333378433333356333333333333333333333696433333333433333334333433447743433444444444458721355444444554554455226666455454555554555555555555555555555555555555567764455555655555555554444455554434533333543
33333368433333356333333333333333333343696433333333433333333333333447743434344343444458841354444333444444465347556444454445554455445555555555555555555555555533764355555655555555555555565555555555555565
33333358533333346433333333334333343343696443334444444444334444444447733444444344444458972354444433444444464566476444444444444444444444444455444555555544555543665455555555555555555544455444555555555575
44444358534333446434333333433344444443685444444444444444444444444447743444444444444448983354444444444444464575586344444444444444344444444444444444444444444445764354455455555554455555555555455555444555
44333347533433346434333333333343344333685444444344443344444444444447743444444444444448994354444444444444454884675344444444444444444444444444444444444444444446775344444444444445544555555455454444444444
44433348633333347434333334333334443333696444333333434433444444444447743433444344444448994254444444444444445885665344444444444444444444444444444444444334444446775344444444444444444444444444444444444444
44444448643333346524333334433333443333696433333443334444444443444447743443333344444447995254444444444344435885575344444444444444344444444444444344444444444446775344444444444444444444444434444444444444
44444434644444436524344434444333443444696433344443343343443444444447743444444444434446996245444444444443435874574344444444443344444444444444444444444444444446775344444444444444444444444444444344444444
44444446444444446534444434444444444444696444444444434344433344443347743444444444433446996345544444444443534754573344444444433444444444444444344444444444444446776344444444444444444444444444444344444444
44443347644444446634444444444444444444386444444444444444444344444447743444444344444456998444544444444444534655563444444433333444334443444433334444444444444446776444444444444444444444444444444444444444
44444437744444446634434444444444444444586444444444444444444344444447753444433344444457899544444444444455535765565444444433344444444444444433333334444444434436776444444444444444444444444444344444444443
44444447744444446534344433444444444444596344443444444444444444444347743444344444444457799643334444444445445753474444443344444434444444444443444444444444444446776444444444444444444444444444444444444444
44444447744444446634434444444444433444596444444444444444444444444435733444444444444457899743223444444344346753564444344334444444444444444444333443444444444445676444444444444444444444444443443434444433
44444446744444446624434444444444444444596344444444444444444444444445743444444443444457899843221244443343346864664444334433444444444444444444434434444445444445776444444444444443333344444444443443433334
34433334444444435634344444344433344444596444443443444344544434444447743444444444444458999953311144432233446755865444444433444444444444444444444344444344444445776434444434444444433444443444443443343444
44444435633333445533344444444444444444596433343434444444444433334447743444444444544457999953332234432333456778854433444444444444444444444444444444443434444445776434434444444443433343444444444343444444
44443334743333336633344445555555455544386444444434443444444444444447743444444444444445899965555424443454446899754433343344434444454444444444444444444444444445775344434444434444444433443343343333333334
44333323433332335632344445444455555554486455554545554445444444444446743444444444444444799976777656665665547998544444443434433444444443443344444434444444334345766434434444444444444433444443344434333333
33233455433333335632223444443344444555597445555565555555555555555557743444444455544445579987765566666665568996544444443444444443344443443334443444444444333335876434444433334433344443444444344444444433
22234556333333335632233334443444434444586355555444554444555555554457743545555555555555558876566656665555577765554444454444444444444444444444433444444334434334776434343344434434433343444344444444334443
44444544444444334544444444444444333443486344444444454454444444444457743444444444444444567766665555555444446554344545555444544444544445545544444454444444444445776434334334333333434444443333443444444443
43444344444444444444444444555444434433497432233443444444544444444535743544444444444445677677665555555544434434235555555555545554444444444444444454444444445444776534444344444444444444444444334444344434
43333344443444443445445444644444344444487333233433343333333453433436643434444444444555556777655555565555432333135555555555555555555555544444444444444454444445776534554444444444444444444444444444344433
44444344443444443434445543444434444344456434343334333333333443344447742344444454444567667766655556565445532222124344444445555555555555555445444444444444444444776534445454555555554444444444444444444444
44444444544444443434443322443344444444434455433334333333333334434447642333444544455557777766555555666544332221123444444444444445555554555555655555555444444445776434444444444444444555555555544444434444
54555555445544544433434444443454544444443454333343333433433333334337742343433344444323777766555554578745332211123444443334444445554445544445555555555555555444676534444444444444444444444444555555444444
44455555445454555544444444444445566554444544444444443444333333333346642232333443444123777765655555665423322211122444444444445555555555554433444344444555545443277544444444444444444444444444444444444454
44455555544455455544444444444445795234334544444444444333333333343344443233333334333247666555654445721100122221112454454444566555555555554544334333344444444444476544454444444444444444444444444444444444
54455545555555445544454444445544554344454443345445445544444443343222333333333233334476665445554444621000122332112444454544655555555555554356555444444444334444686544555544444444444444444444444444444444
54555544444444444455554445655544444444444434444444445544544444344322233333332233334555555543444554444100112232222455554654555555555665565534554554444444333444687544444555455545544444444444444444444444
43455565545545554455444445554455544444444444444444445444442333334333334333444344334555654554334553334211121122222445644666665555666766666654454344444444444444577543443444444555556555544444444444444444
34454565544444555554455544544445544444444544444444454444333444544455544433444344445558986454444433323212221122322456544677555555567776666665554443344444444544677643433433344444444555555555444445444444
44444454444455444454455435444444445544443444443444344443444544444445434334344444665588788643333332221212122112222588554786555567767766666566555564444444434455577643445545443344433443444444555556666555
55444454444444444444544444555444445543444444444444444444454344444444444444444555655898788643323322222212122112232465567776556566777766666666554566655555545454577643444544444444444653333344444455555555
44544444443343444445544444455444444444454444544444434445554444344555554455546545668999878743222211122212222111233333666555666666777655666655543357777665555554477643545444444564544544444453433333333334
54444434444444445555444443334544444443444442334344433444443444444454554445444555678899776743322111122212221111233323565555677655665555556555543224777666665555567653455444444455444544344434543454333333
54454443334444445554344443433444444444443332334333443443433444345543444433344444445677764553322111111111212111123332455555676556655565555555553222465567777666557654544344434544445544434444444554443443
55454444444344444434434444434454544444444554444444445444344445444543344444444435223454432143222221111111121111122333234545676555666665554444553223345445778887666654444445434444544444444444444444444443
44444444444444444444444445445444454445544455444544445444444444444444544444444434223333200025221342111111122111122333323455565555665555554444453223444444456788876654444444444444434344543444345443343344
54444444444544444444444555444444454444544544444444554444444444454444444444444444232332100034221242111111222111122333331256544566555555444334444322444445433556677665554343444444444434444444454333343345
44444444444444455455554555455555565454444443444444544444444554554444444444443443333322111243221232111222322111122333332124643566654555444344344322433344443344445554443344444444443443444455444443444444
44443444545434454445644455455555556544444554444545554444455544444455444443444444333222323332221122122232321211122233333212433555655445444444335322344344344443223333332223344344343334544445544444444443
45444443344445444334544455555556655444445554555455444444554434444445554444444444432322222222221211222222211211122233233312332444544444444444336521244444444444323332222112233333343443434434444444444433
55444443344444455444444445666546554434444443445445544444545455444555554444434444553322212222221111211111111211122223222221332334444344444444324421233433334444334443221222222222333333444333333444444433
55443443443334555444344446555455554454444445445444555545444544455555444554444444553323222222221111111111101111122222222221233233444444444444333422234444344443345553221123432222233333334443343233432334
55454433444446554333444554444444444554454445654444345554554443445544544544444343553333112222231111111111111111122222222222133223343344444443333422233333343443456654232222323332223333234343332333433334
44454444444445543444544445545544455444444555554654444444553444444444444544433334555543111110131111011111111111122222222222122222233334444443333322234333433444456643232333223333222213223434235444333333
44444443344444433444544545455544444434445444555545555554454444555544555454434444445753110000121111111111121111122222222222122222233344444433323322244434444544455543333332222223442234334433344434444334
44444443343445533334444445444444464454444444555454455554554454444444544444444444343321000000121111111111211111122222222222222222223344333332222322244445545643454433343333332233443334334333444444444344
33444344443443444434444445445445464444454444554444444544544544444445554554445444544210000111211111111111211111122222222222222222222234433322222222244545456544354333333433332333234334343333444444443433
43443344444433434444444444334444333344455444455554454544445545445444444444445454434432011111112111111211111111122222222222212222222223333322222222244455445433332335444333433333334434343343344444433333
33443444344444444444444444444444443344434443444454554554444444444444444434445444433344321111112211121111111111112222222222222222222222333322222222233333443433422335544445543433344433334434343343443333
33333443333444434344344343343344434444333443334455445544444444444434444544544454442222211111112111111111111111122222222222222222222222222222222222243343333344434445544554443333344433334333333333434333
33333444443333334444444333444445444444543444444444445444444544444344454444433454444211111111111111111111111111112222222222222222222222222222222222244444344344444344544554423343433433333333333333333333
44444434444333334334344443443444434434443444444444444444434444444344443443433444454321111111123222111111111111112222222222222222222222222222222222234444444443344454544443322233333333333333333333333322
44444334434444344334444444433333433444443344444444444333444444444444443444433343444431112211244333211111111111112222222222222222212222222222222322334443444444444444443334332233233333333333333343343322
44443444434444444334444434433444454344433333334334434434444444344444443444443333434432224443433454411111111111112222222222222222112222222222223332343343344444445444344334322433333343333433333444444333
44334444444434443344344444444444445445554444444444444344444444444444444344344444434434445445444575531111111111111222222222222221112112222222223333453343443344435444443445322344444433334333333444433344
43334333445533333344444443444344444444444443443334444544443344444444444344434444454543444444444686532111111111111222222222222221122111122222223334543333343434434333444444444443444443334433443443234333
44444332343433334344444332333343344343343345443344444445444444333443343234334444444444344333343786543211111111112222222222222221111111111222233334444344334434444323334444445444445444344344455543334433
34443433343443444554333444434434534344433334444444333333434444333333344444334443334444344334444777654211111111111122222222222221111111122122233333334344544434343433334434344345444544444554434454444433
44333443333433343343344444445444444434433444444433443333434544444434444444444443343333223444444777653221111111111122222222222221111111222222233334444443443344334433443433333444443433443443344443344434
33333333233333343233333334444354443444444444434434444334444444443344444444444445544444333434434777653221111111111112222222222221111111222222223234443333333334446434443444444544444443544544444434433444
33334433333333343333333334434453443334444444333345443334334433344444455445444544544434344444546777665222111111111112222222222221111112222222222234443343343344434344344564434444445434444444344334433443
23333334444334333344333334433444444334444433333334444445434444433443444434334553454435644444446777665333111121111112222222221221111122222222222243332343333344433343334443334344444344434444443334334433
33333333333434333345433334444443433335443433344344444444544444444443433443334444444444644444436777766422111111111112222222222221111222232222222353333323365344443333333333464343334333333434333333223343
44333333334332334334333333343343343334334334434444433333444444444444444555433434444534644434446777765631111111111122222222222221112223332222222344443333365333443443444343454333333333333333333442345443
33344333433333333332334332343323233333333444333433434443334443344434444454434334444344444334455777765653211111111112222222222222222333442222222444433333353434544344444443443343433443433433333434445333
33333333433333333322323323333333323333333443444334344433334443334333444445444444444344334444444666665564221111111112222222222222223334432222222344443334544444544344444343443444444443433434433345434443
44443333333333333223233333433333322333334333332333333334433333333234444445434344444444434444433566665445322212211112222222222222333333432222323454443354443454444344443433444444476445454444433454444534
33444323333333333233333333433333333333334334333333333223224433444434444554433344454444444344433567775434531222222122222222222223333333432222223455444454443344333434332334543444455346444444444445444443
32333323223223332333334333323333333333444333343333333333334443344334333444444344444444543444343356786533431222222222222222221233322233332222223444345564544454333333322434653344434445554444444444444433
43434444343333433234323333332223332233433332344433433433455333333344334444444343433344433335444456787776553222222222222222221244222233332222223344334444444443342233323335445344134344554433433345544433
33443345333333443333333454332223333333422333344434333344334333333343343343333323334344233345434446778888887422222222222222221354322223332222224434433333433332333343333335444344344355544444553445544444
33333433333322234333433344432233323433433334433333333444433333343333333233334332333346333333343334688998888643332222222222211345322222332222234433443333332443334544334444323343445445543454455644444334
43343433333333344334433234322233334334343333333333443433344433333442333334333333344434333333333333478998777743333222222222212336643322232222233433334333332443234743344344334333333233433333333445424223
44433344333333443334433233334333333434443333334334344433333443344343333334433333333435323333233433467888655632333332222222113436756653232222334543343332223334333643344234324333643433432243333445323223
33334443333333333333433334434443333444344333344443433333333333344334444434334333343334433433333333467766543432333333222222113533766654233222334333333333333324333643344245434344643343333364323333243233
34444334343333323333334233333444333443344333453344434443333234344434423333344444443333343433433333468875433333333333322222223442765564233223333333333334333334333323333234333334433343332353333232244333
54343343334343332354344334445544554333333234444333444443433343343343334443334343333343334444444334468998643222333223322222223424677774333223333433333233233333233332332332232234433343332132223232223223
44444443333344443443344444344543444322322122334443444443443343333344333443334443334443444333344333368999743322232222233322223335466543333323323233333333232434233332322332323333335433222233323333324223
44444454443444434344434433344544444332332232333333444433332333344444344344333344434433433333333333468999743322233332233322223443335323333223333323323222243323233323322232333234345433332333333233233222
44443665334444444434433333344545444333433334443334333433344333344332334333343343323333434334434334468999843333334433233322222332345543332223333233324222232233233332334233233333343333322442465434233322
45444565345544434444443223344334344334445443444333323433444332333433333334443334332344334444543344468899853333433443223322222323335553332222443333343332333324343333333333334453232332322333443545434333
44445455344533323434344434333323343333344444444433334433333333333334344344434344443344434444554433457899874334443443323322222333335553332222343333333333433333342233322233323343333322322233432223323343
44454446444423322343344444433323333443344444343333344333332333433333334444533333434433334444345444447899875343334443432222223343344543322222333333333333333232332333322233333333332222332246543323223344
33544555443344443343344334433323333334444443223222344443344333333332333342332333223333433333334444436899876443344333433222223333333543322222443333333333322343432332231243333323333333232335323223232463
44345533342344333333333343334334344323334333322223334433344443334433323333333333234443443333433344335789986544344334433322222434334543332222443333332233321233332332232233333334334233332333234222332464
43334434432343324234333443334333234223344333323332133223445533433433333344434443335444444443353444444789987544344445433354223444344543322223443322323343333343332233332333332334313333223333324422323345
34333335543332233322333444334433234344334324433433223323334433334433543354444534444543333444355444344678987644443344543475223443344553322234443333332233333443333334333333323434422232224333333223434333
44443345433323323422333434333333233343333234433333433333444333334444543343443444444443333333345444334668887644443444443564223443343554322234433344333323433443433332333323223422323223433333332323333333
45433444433333323422324434433323344344444333433323334333333334334443323433433444444333333232344344435677767754444444343664323444333557211234333334333333333433333332232333233322223333333224332322233332
33322344434333333333333433443333434444433344443322465434433444445544433444434344343443333333333334434677754554545334443764323333324668312243344333333343344334333322232433333232333333333323213332333322
33233333433333333443233334444334443333334444344333345544334454445433344444434333444433444443344334444566775344444334444864333433424668522243442323333343443333323333222333333334333233222211111121122212
33344333333334333434233323434333333334333543444333334443444444444434444434544444444444443354444455544477776534454333345754333334334577642343332432344333444333333223323333343334322232242001100111111111
44333334433333343333333333333443433333443333344333332454444444544443443444554444333444353444544544554577766644454444444654322454434687553344323443344333344333223333333333333323112111131110000001111111
33344444443343342333343333434443333333444433343333342444444334335334445544443443433444454444444444543576666654443344443654322355545786553433444444343343333434333433343423333211111110011111111000000111
33322334444333433243343334433333332334433434454444443345444333335344445443434333333344444344444434533466666554443344342554332344446886553433454334432344343344333333333223322111111111111111111110110111
33333334344333332333323344333444333233433334444433444344443344344444444433433433343444434443343443443367776654334334442554332245436875553444434334332344333344433211111111111111111111111111111011111111
34443333444433333433433234444433334334443433344344345444444454444553433333433443233434344433333334433367776665434433432454332234335875542343334444333443333222211111111111111111111111111101111111111111
33332223333333343543333334444334234434333343443434444444334433334443233333434443444434443334434444344457776766443444431344332223235765542333222333222333211211111111111111111111111111111111111110111111
22332223333333343344433445434333334334334433433433344444334333454344334344434344344434444334444432334456666665433334431133321234425665542333321111111111122223233321111111111111111111111111111111111111
21211223333333233333333334544343334333344443334333454343334334444334333453443343345333444333334433454456666664323433431123221234436655543223311111233223333333333211111111111111101111111111111111111111
22222333333333343234443354433333333334443554344443333333233334544334334543333333345434455344343345456456677654333333442111111344347755533222321233444443333322211111111111110111111111111111111111111111
23333333333333433334333444333344344334444555643343322333333333454444356433333333344433445444574345344456665554333334346311112343348655533221112233444333333221111111122111111111011111111111111111111111
33343333443334234234333444433333344444433334543333333343344433444344335433334433343433444543564444334446655543333334348511113443246455532221111233444433333111111111111111111111111111100111111111111122
