66788999998889999999999999989999997544333333222211112234455555566666555432222221223333345665667677766666666677887787777776655567777777777777777766666777777777766666677776665566666667777777766666777667
88899999998889999999999999989999997544333333222211112233455556665555545432222221223333345555566666676666666677887888777788777666777777777777777776666667777777777666677766665555555456677776666666667777
99999999989999999999988889998999997543333332222222212233344555555554444432222211223322344544455555555566667778888888887777777777776666666677677776665555555667777777777877665555544334556666655556666677
99999999999999999999887679999999996543333332222222212223333455543444443321222111222223344444455445554566566678888888888777777777766666666666666676666655556566666666677777665555555443345666665555666666
99999999999999999999887678999999996443333332222222222222233444433333333211222111122223345544454444443455566667877888888887766666666666667777666666666666666666666666666666555666666665544555556666666666
99999999999999998888887668999999985433333332222222222233333343322222222211121111122223344433455554433454555556777778888777666666777666676667777777666766667776666666666667665666666566655556666666666655
99999999999998998887777767999999985333333332222222222333333333221112221111111111121123344433454554433444545456666677778878777777788777666766666677776678776777776666677777777766665555666666666666666666
99999999999998888887777767999999985233333332222222223344333332211111111111111111111123334433455554323434544445666666678777888887777888766666666666666667787766677876666666777777776655666776666667776666
99999999998888888888777765899988996223333332222122333454322222111111111111111111111123333333445664323434444345556666788877777777766777766666666666666677767776666777776666666777777776666666655667777776
99999999988888887888876654699887897322333332222123444554321111111111111111111111111122233333344554224435343344555666788887777677666666665556666676666677666666677777788776666666666777777766666666666766
99999999888778877788876654479877787422333332222123554443211111111111211122111111111112223222334554223334332334455566788887777666677777666555666666666666666666667788777777666666666676677777777777666666
99999998887777776788876554368877667522333332222123455433211121111111221222211111111111122212224553123343222334445556888887776667666778777666667776666666666666666777777665555566666666666667777777666666
99999998887777766788875445358877766632233333222222344332222222111111222222221111111111111111123443122343222333444556888887766666666666676677666666666666666666666777776655444566667766666555566666566666
99999888877776666678875334447876666631233333222222222222222222111122222222221111111111111111112332122332222233334456888888777766667777666656666666666666666776666777887776655566777777665566666776666677
99999888877766666667765323446776556632233332222222222222222222222222222332222211111111111111111221112332222233334456888888887776666777777766666777777777776667666776777777777766667777777666777777777667
99998887777666556666665323446766544542233332222222222222223332222333223332222222111111111111111221111221112223233456888888777777666666677777776666667777777666777777777777777777766666666666666666666666
99998887776666555666665322455765544442233332222222221122223333333333333332222332222111222221111111111221111222233457777888777777767777766777777666666676666666667777777777667777777776666666666666666666
99999888777666666666665322344565544432233332222222211122222333333333333333333333332222222222111111111211111222223456777888777777777777777777777777666677777666777776777777665677777776666666666566677776
99999998877666666666554332344344444432233322222222212222222333333333333333333333333333333332111111112211111222223456667887778878877777677777777777777666667777666776777776655556777666656666666666666776
99999998877665566666554332333333444322222222222222112222222333333344444434444444333333334332222221111211112222223456667777777777777776666666666677788877666677777777778777665545567766555666666655566666
99999988776555556555544332233333333322222222222222112222222233333334444444444444444444444433223332111111112222223456667776677767777777776666666667777888887777777777888777766665556666545566677776666666
88999987765445545554444333233332223322222222222221112222222233333333444444444444444444444443333432212211112222223456667766666666677777777766666666677777778877677777787777766666666666766655667777776677
67889987665444444444433333233332222222222222222211111222222333333333444444444444444444444443334432222221112222223455566666666666777666666666677776666777666777666677777777666666666666677777666667666666
55668986665433344444333333323322222222222222222211112222223333333333333344444444444444444444444443223322122332223455555556566556777766666666666666655667776666666666677766666666667777766666667666666666
45556776555533333343333333222322222222222222222112111222223333333333333334444444444444444444444443333322123332234454455555555555667666666666677766655556777766667766666666666666667777776666666666666666
65445555444433333333333332222222222222222222222211111122233333333333333333444444444444444444444444333322233333234554444444555555666666666666666777767766666666666677777666666666666677777776666666655677
66545543333333333333333333222222222222222222222222222222233333333333333333344444444444444444445444444322334333334444443333444445666666666666666667777777666666666666777777776776667666677776666666666666
66644443333333333333333333332222222222222222222222222222333333333333333333334443444443444444444444444333344433344444333333333344556667666666666666777776666667776666666776666666766666666666666655555666
66654443223332333333333333332222222222222222222222222222333333333333333333333433344444444444444444444433444433444443333223333334555667777766667777777777776666666667776666666667766666655556666666655555
65554333222222233333333333333222222222221222333222222222333333333333333333333343344334444444444444444444444444444443332222333334455567777777766666677667777766666666677766666666666666666666566666666666
66654333222222233333333333333222222222221223444322222222333333333333333333333333334334444444444444444444454444444443332222333334445566666666666666666666666666666666666666666667777666666666666666777677
66654332222222223333333333333322222222211233444432222222333333333333333333333333333334444444444444444444444444444443322222233333344555556666666666666666666665555666666666666666777666666666777766677776
66665432222222223333333333333322222222212344334433332232333333333333333333333333333334444444444444444444444445554443322222233333335555555666666666666666666655555556666666666666776666677667777887777887
55665433222222223333333333333322222222223444333344432222333333333333333333333333333334444444444444444444444445554443333222233332344555445566666666666666677776666666666666666666777766667777778888877888
44555433222222233333333333333332222222223444333334543222223333333333333333333333333333444444444444444444444445554444333322333322344444334556666666776666777777767777777776665556677767788888888888877778
33455433222222233333333333333333222222123443333333453222223333333333333333333333333333344444444444444444444445555444443333333322344433333455666666777777777777777766777777776666677777788888887778777778
22344443322222222333333333333333322221123443233332355322233333333333333333333333333333344444444444444444444445555444444433333322334332223345677777777777777677777777777777888777788877778888887666777888
22233443322222222333333333333333322221123432233332235422233333333333333333333333333333333344344443444444444444555544444443343333334332222234567777777766666666666666667777778877888887667888998777888899
11223343322222222333333333333333322221123322223333333322322333333333333333333333333333333344444433344444444444555544444444444333333333222223355665566666555555445555555566678888888887667899999888999999
11122333322222223333333333333333322221124322222333333322333333333333333333333333333333333334443433344444444444555444444444444443344343322222234444444444444445544445555556788999999998778899999999999999
11112233322222223333333333333322222221123322222233333322333333333333333333333333333333333334444443343444444444455444444444444444444444433333334333333333444445555567776667899999999999888999999989999999
11111222222222233333333323333322222221123322222222344322333333333333333333333333333333333334444433333444444444444444444444444544444455443334444443343333333345566788998888999999999999998899999888888888
11111112222222233333333323333332222222223322222222344322333333333333333333333333333333333334444333333344444444444444444444444555445555544444445554454322333334556789999989999999999888888888888888888888
11111122222233333333333333333332222222222432222222234322333333333333333333333333333333333334444434433344344444444444444444444555555555544444455555555422233334456778999999999998888888888778778888888888
22222233333333333333333333333332222222222343322222223322333333333333333333333333333333333333344334433344334444444444444444444455555555554444555555555542223333445677888888888888888778887777777777888887
33333333333333333333333333333332222222222234432222222222333333333333333333333333333333333333333333443334334444444444444444444455555555555445555555555554323333445667777888888888888788887777777777788877
33434433333333333333333333333332222222222223443222222222333333333333333333333333333333333333333333443333333444444444444444444445555555554444555555555555433334445666677777777777778888888877777778888777
33333333333333333333333333333332222222222222343222222222333333333333333333333333333333333333333333333343334444444444444444444444555555555444555555555555543344445566777777777777777887777888877888888888
33333333333333333333333333332222222222222222222222222222232233333333333333333333333333333333333333333333333444444444444444444444555555555444445555455555554334444556666777777777777777777778888888999988
33333332223333333333333333322222222222222222222222222222232223333333333333333333333333333333333333333333333344443444444444444444555555555444444554444455554333334556666667777777776777777778888889999999
23333322222222223333332332222222223332222222222222222222232223333333333333333333333333333333333333433343333334333444444444444444554454444444444444444444443322233456667667777777776677777888888889999999
23333322222222222333332222222222223332222212223332222222333222333333333333333333333333333333333333333333333333333344444444444444444444444444444444444444443322223456666677777777666667777888887788899999
22332222222222222233222222222222222322222211222333222222233222333333333333333333333333333333333333333333333343333334444444444444444444444444444444444444444322222345666677777776666677777888887678889999
22222222333222222222222222222222222222222221222222222222222222333333333333333333333333333333333333333333333334433333344444444444444444444444444444455554444322122334556667777776666677777888887667788998
22222223333222333222222222222222222222222222222222222222222222233333333333333333333333333333333333333333333334443334434444444444444444444444444444445555544321112233444555666666667777777888887666788888
22222223333333333222222222222222222222222222222222111222222222223333333333322333333333333333333333334443333333444333334444444444444444444444444444444455554321111233344455555556667788777878888665678888
22222222333333333222222222222333322222222222222222111122222222222333333333333333333333333333333333333343333333443333333344444444444444444444444444444444444321111233344445555555567788777777788765678888
22222222332222222222222222223333332222222222222221111122222222222333333333333333333333333333333333333343333333343333333344444444444444344444444444444444444432211233344444556555556777766777777765568888
22222222232222222222223333222233333222222222222221111122222222222333333333322233333333333333333333333333333333443333333344444444444444344444444444444444444432211233344455555555555666666676667765567888
22222222222222222222223333222222332222222222222221111122222222222233333333322223333333333333333333333333333333443333334444444444444443334444444444444544444432222233344445555555455566555666666666567888
22222222222222222222233332222212222222222222222221111122222222222223222333322222333333333333333333333333333334333333333344444443444443334444444444444554444432222233444444555554445555555555566666667888
22222222222222222222333332222221122222222222222221111122222222222222222333222222223333333333333333333333333333333333334444344443334443334444444444444554444432222223344444444444445555554445555566667888
22222222222222222222333322222221122222222222222222111111211222222222222233222222223333333333333333333333333333333333334444334443334443334444444444444454444432222223344444444444444555554444455666777888
22222222222222222222333222222222122222222222222222111111111222222222222222322223333333333333333333333333333333333333333444333333333333334444444444444444444432212222334444444444444555544444445666777788
22222222222222222222333222222222222222222222222222111111111212222222222223322222223332233333333333333333333333333333333444333333333333334444444444444444444433222223334444444444444555544444445556666777
22222222222222222223343322222222222222222222222222111111111112222222222233332222222333223333333333333333333333333333333443333333333333334444444444444444444333222233344444444444444555444444444555666677
22222222222222333333343322222222222222222222222222111111111122222222222233322222222233223333333333333333333333333333333333333333333333334444444444444444444332222333444444444444444455444444444555566667
22222222222222333333343322222222222322222222222222111111111222222222222233322222223333223333333333333333333333333333333333333333333333333344444444444444444432222334444444444444444444444444444555556566
22222222222233333333343322222222222332222222222222111111111122222222222223322222223332223333333333333333333333333333333333333333333333333333444434444444444433222334444444444444444444444444444445555556
22222222222333333333333321122222222333222222222222211111111122222222222222222222222223223323333333333333333333333333333333333333333333333333444433444444444433222334444444444444444444444444444445555555
22222222333333333333233321122222223333222222222222221111111111222222222222222222222222222223333333333333333333333333333333333333333333333333343333344444444332222334444444444444444444444444444444455555
22223333333333333332222221222222233333322222222222222111111112222222222222222222222222222223333333333333333333333333333333333333333333333333333333344444444332222334444444444444444444444444444444455555
22333334443333333332222222233322233333322222222222222211111112222222222222222222222222222223333333333333333333333333333333333333333333333333333333344444333332222334444444444444443444444443444444444455
33333344443333333222222222344322333333322222222222222221111112222222222222222222222222222223333333333333333333333333333333333333333333333333333333344443333332222334444444444444444444444444444444444455
33333344444333332222222111244322233333322222222222222222111111222222222222222222222222222223333333333333333333333333333333333333333333333333333333334433333332222333444444444444444444444444444444444444
33333344443333322222111111233322233333332222222222112222211111122222222222222222222223222233333333333333333333333333333333333333333333333333333333333333333332222333344444444444444444444444444444444444
33333334443333222211111111223222233333332222222222112222211111122222222222222222222222322233333333333333333333333333333333333333333333333333333333333444433332222333334444444444444444444444444444444444
33333334443322222111111112233222233333332222222222112222211111112222222222222222222222333333333333333333333333333333333333333333333333333333333333334444433332223333333444444334444444444444443344344444
33333233443222222111111112333222233333332222222222212222221121211222222222222222222222233323333333333333333333333333333333333333333333333333333333333333433332223333333333444433444444444444444344434444
32222223443222111111111112343222333333332222222222222222222122211222222222222222222222233322333333333333333333333333333333333333333333333333333334433333433332223333333333444444444444333444444344444444
22222222343221111111111111233323333333332222222222222222222222222222222222222222222222223333333333333333333333333333333333333333333333333333333334433333433332223333333333344444444443333444444344444444
22222222234211111111111111223333333343332222222222222222222222222222222222222222222222222222333333333333333333333333333333333333333333333333333333333333333332223333333333334444443333333333333333333333
11122221123321111111111111123333333344332222222222222222222222222222222222222222222222222222333333333333333333333333333333333333333333333333333333333333333332223333333333334443333333333333333333333333
11111111112331111111111111122333334444332222222222222222222222222222222222222222222222222222333333333333333333333333333333333333333333333333334333333333333332223333333333333443333433333333333333333333
11111111112232211111111111222333344444432222222222221222222222222222222222222222222222223332333333333333333333333333333333333333333333333333334433333333333333223333333333333334333433333333333333333333
11111111222222221111111111222333344455543222222222221222222222222222222222222222222222223333333333333333333333333333333333333333333333333333334443443333433333223333333333333333334433333333333333333333
11111111112112222111111112223333445555543222222222222222222222222222222222222222222222223333333333333333333333333333333333333333333333333333333444433333333333223333333333333333343333333333333333333333
11111111111111222111111112223334445566654322211222222222222222222222222222222222222222222333333333333333333333333333333333333333333333333333333344443333333333223333444444333333333333333333333333333333
11111111111111111111111122223334445566665422221122222122122222222222222222222222222222222333333333333333333333333333333333333333333333333333333344443333333333223333444444333333333333333333333333333333
11111111111111111111111122223334445556665422222222322122222222222222222222222222222222222233333333333333333333333333333333333333333333333333333334443333333333223333444444333333333333333333333333333333
11111111111111111111112222233334445555666532222222322122222222222222222222222222222222222223333333333333333333333333333333333333333333333333333333333333333332223333444444333333333333333333333333333333
11111111111111111111123333333333455555666542222222222112222222222222222222222222222222222222333333333333333333333333333333333333333333333333333333333333333333223333444444433333333333333333333333333333
11111111111111111111123333333333345666666542222222222112222222222222222222222222222222222222333333333333333333333333333333333333333333333333333333333333333333223333444444443333333333333333333333333333
11111111111111111111123333333443344556666543222223222222222222222222222222222222222222222222333333333333333333333333333333333333333333333333333443333333334333333333444444444333333333333333333333333333
11111111111111111111222333334444334444555543222223332222222222222222222222222222222222222222233333333333333333333333333333333333333333333333443443333333334333333333344444444433333333333333333333333333
11111111111111111222222333344444444444444443222223344222222222222222222222222222222222222222223333333333333333333333333333333333333333343333444444433333333333333334444444444433333333333333333333333333
11111111111111122222222233333333445555555543222222345422222222222222222222222222222222222222333333333333333333333333333333333333333333333333344444433333334333333333344444433333333333333333333333333333
11122221112222222222333332333333345555555554322222345554222222222222222222222222222222222222333333333333333333333333333333333333333333333333334444433333333333333333344444333333333333333333333333333333
11222222222222222222333333222223344556666654222222234566533222222222222222222222222222222222333333333333333333333333333333333333333333333333334444433344333333333333334443333333333333333333333333333333
12222223322222222222233333222233444455666655322222224556654322222222222222222222222222222222333333333333333333333333333333333333333333333333334444433344433333333333333343333333333333333333333333333333
22222223332222221122222222222333444454455555322222223466666532222222222222222222222222222222333333333333333333333333333333333333333333333333334444443333433333333333333333333333333333333333333333333333
22222222222222211112222222223333444555444544322222222456666653222222222222222222222222222222233333333333333333333333333333333333333333333333334444443333333333333333333333333333333333333333333333333333
22222222221111111112222222233445445555555555322222222356666665322222222222222222222222222222223333333333333333333333333333333333333333333333334444443333333333333333333333333333333333333333333333333333
22222221111122222122222222334455555555555555432222222235555555532222222222222222222222222222222333333333333333333333333333333333333333333333334444333333333333333333333333333333333333333333333333333333
22222221112233332222232233344555555555556666532222222224555555554322222222222222222222222222222333333333333333333333333333333333333333433333334443333333333333333333333333333333333333333333333333333333
22222222223444443333343334444555555555556666653222112222456666655533222222222222222222222222222333333333333333333333333333333333333334433333334443333333333333333333333333333333333333333333333333333333
22222233334555554444445445555555555555555666653222111222455666666554322222222222222222222222222223223333333333333333333333333333333334433333333333333333333333333333333333333333333333333333333333333333
23344344334555555544444445555555555555544556654222111212345555555555432222222222222222222222222222223333333333333333333333333333333334443333333333333333333322333333333333333333333333333333333333333333
34455555434555566555544445555444433334455445554322111222345555544444554322222222222222222222222222223333333333333333333333333333333333343333333333333333333332333333333333333333333333333333223333333333
44445566544555566655555445555444443322344556654322111222345555544444455432222222222222222222222222223333333333333333333333333333333333343333333333333333333333333333333333333333323333333332222333333333
55444445544555544555566555555554444433334455655322111222234555555555555553222222222222222222222222223333333333333333333333333333333333333333333333333333333333333333333333333332223333333332222223333333
66554433444455554544555666665555543333345555554322111222234555555656666655322222222222222222222222223333333333333333333333333333333333333333333333333333333333333333333333333332222233333332222232233332
