55244444444444444444444597444444445444455555555555446762455445555554454454455554555555477103753333443223334333146433222233333346888887777888787776355334353232223445644433333222222222222232224435577777
56334444444444443444444487444444444444444444544544445763444444455544444444444444455555578302643444554445555542266644454544444446788887544778546776345544352222223446543334333211222222222322222334577777
47423333333333333333333487443334334443433444444444445863444444444454444444544444444445578612543554545545555542464645555555555556566666555556556776445554453333334444333334233212432211332222233234678777
46433333333333333333333487433333333333333333333333345763333444444444444444444444444455579841553454545445455544645745555555555555555555555555555775355555665555555555555555555544544444564444344334677777
46433333333333333333333487433333333333333333333333335863333334334344434433344444433344469962453444444444444446737734555555555554555554555555541575455555555555555555555555545555555555575555555555655555
46433333333333333333344488443333434444444434444444335752444444444444444444444444433444459982353344444444444448747634444444444444444444544455554576445455555555555455554455445545555544565455555555555555
46434333333333334434444486444434444434444444444444446863444444444444444444444444444444448883353344444444444459556624444444444444444444444444445776444444444455455455555555555455554444455454555544544555
46434333333333333333333487444443433444333444444444446862344444444444444444444444444444438884244444444444444358646524444444444444444444434344445776444444444444444444444445444455454444444444544444444444
36534333333333333444333487444333333333433444434443436852343333334434444444444444444444447885244444444444444357436534444444444444444444334444445776434444444444433444444444444444444444444444444545554554
46623333333333333343333487433333443334444444444443346763344333334443434433334444444344456887334444444444445255446434444444444444344444444444445776434444444444444444444444433444444444444444444444444444
35623343334444333443444487443334443334333343333444345763343444444443433443334434444444456898534444444444445356546544444444444444444444444444445776434444444444444444444444444444344444444444444444444444
45634444434444444444444488444444444443334433344344335863344444344443444444344433444444456679633344444444444467336434444444444334444444444444445776434444444444444444444444444444444444444444444444444444
45634444444444444444444268444444444444444444344444435863343443334444444443444444444444356789742223443443443576346344444444443333333443344444434776534444444444444444444444444444444444344444443434444444
45633334444434444444444477444444444444444444444444435763344433334444444334344444334444456888843212444433334577566444444444443333443444444444445786534444444444444444444444444444443444444444443433334444
46523334433444444444444488444443344444444444444444335763344444444344444433344444344444447999953221344432334576586444444444444344443344444444444776534444444444444444444444444444444444433443444444444444
45633433444444444433444488444444444444444444444444443753444444444344443443334344443444445899964344344433444478985444444444444433433444444444444676534444444434344333344344444444343433334333333333344334
45633434444443444344444488444444444443344444444444444753444444444444444443344444444444334799975677556655655589954444444444444444433444444544444786534444444444444333344443444443443343444444333334334433
44633334444344333343444488444433343444444444443343335763344444444444444444444444444444344479987765566666655688754444444444444444344443334444444777534434444444443443443444444444444344444444444444444444
44633344444444444344444378433333333443444444443333445763334444444444444444444444434444444458887666666665555776544444444444444444444443343444444775434434444444444444333343343444333343444444444434444444
35633344444555555555544358444444443444344444444444445763344444444434444344434444444444334457876666555555444354344444444443444444444444444434444676434434444444444444433444343344333333333333344344334334
35632234444444455455554477445554555554444544444444445663344444444444444444444444444444444467766766555555554333344334443343333444444444444433344776534443434333444334434344444344444443433333334444334334
34631223344433343444555488445554555555555555565555556763444445555554454544444555444444444555567765555565555422444344444444334443444444433443343686534343443434433334343344444444444444333333444444444434
34632233334343444333344478445545544454444444555554446762444545555555555554455555555555445676676665555555444432444454444444444443444444444444444676533333334434433333333433343444444434443333443344344444
34544444444454444333343378433333444444454444444444445752444444444444444444444444444555656567777765555556754322444444455444554445445444444444444676534433434443444444444444443334444444444444444444444444
44444434444454444433443378533233443444344433444443443753444444444344444444344444444445553127777655555457643323555555454444444444444444454445444676634444444444444444444444444444344344434444444444444444
43344445444544444434444368423233333333333333353333435753344334444444444443444444444444442137666656544553100124555555556554444444444444444444444677634545554454445544444444444444444444444444444344443443
43433444543444434444344445434343334432333333343334446752334444454444444444545444443444443476665455533552100023555555555555555555555444445444444677534444444554445445555555444444444434444444443344433443
43433433322343344444444334455433334333333333333433435762333344444445444444454544444544444655654444444444310113444444444455555655554444556555444677534444444444444444444454555555555444444444444445444444
44443433444443444454444443354333334333443333333333335753333333344444444444443444555444445545555544335432421212444433444454554555555555555544554267644444444444444444444444444444444444454555444444545555
44544444444444445576444444554444444443344333333333335643132333343334434444444444444334345555776444444332221221454444445665665555555566556654455257644444444444444444444444444444444444444444444544455555
55444444444444444786234434454444444444433333433343233433232333333423334344333334334434456557989743333322111221455655457775555555666776766665544577544555444444444444444444444444444444444434443444444444
44544454444445543454344444343344545445544444443334222233333332233334433333334344344443575479868853222211222221234566767665555667667776666666544577643455555545544444444444444444444444444444444444444434
44445544445555544444444444433344444444444554433443332233333333334333334333433354445444565699988873222111221211124676555566666667777766666666654457643444444444555565554444444444444444444444444444444444
54445444444554454544444444444344444444444442233334344344433444334433444443443434334444466789987674322111111211112235555567766667776566676666654345653443433344444445555555555444444444444444444444444444
55554455544544444544444444444444444344444433444554445544433444444444444444433444434444454557776445221221111111112322455677655666665566666666544333653444444443344433344454544445556665555544444444444444
44454455434444444445543443443333444343333344444444444433333433444344444444334443333444551334442103412331111122112331235566565666666666655566544333453444544444444444553333334444555555555544444555444444
44444444444455444444544454444444444444434454344344454444444444554444444444434444433334442333320002411231112222112332134545566666565555555555543323353444444444564444543444444333333333334444445665555454
44444544444444444444444454444444444433444454444444555555445545544544444444444433434344432333210014311221122222112233223334666555555555444445542222343445444444455544544344433443454333333333334444444455
45555444443233444444443444332233334343344443444344444454434434455544445455544333444334443333222233221212222222112223213333556655555544444445543212233444344444545455554434444444554443443443333343333344
44444344343433444444444443333333333344444343444334533344433444433444444545544343445443333332222222221112111211211222222332345555555544444444553212233344445433444444444444444444444444443343233344343333
44433434444434454544444444555444554444544444444444444443444444333444554544554454444444445523222122221111111111112222222332234444445554555444554212222234444444444533344543444344444333344444344433433433
43444444444445444444444544455444544455444444444444444444444443433344444443454445544455545633232122221111111111112222222222223444445554444433664212222223344344444444434444444344333343345444444434434434
44444444555444444454444444444344444454444444444444444433444434444443433333344445443454544533331111121111111111112222222222222333445554444433553211222233344444444443443444445444443444444444444434345445
54455554555455555555554444444443444444444445555554344444434443344433443444445445444555554545531100011111111121112222222222222223454444444433543211222222334343434343333544445544444444443444444334334344
44444644445445555555543444454444544554444455444444445544443344445444444444455445555554345443321011111111111111112222222222222222344454543433543211222123234444333344343434433444444444433344444334344333
44333544444565556544444444544455445444444554434444455554444434444444444444445544444444444332000111111111211111112222222222222222333444433332432211112112333443432333333444333333444443433344435445443444
55444444445656545554434443443445445544544544445444454444444434444444443444455444444444444333211111112112111111112222222222222222233333333322332211123211233443343343333334443343233432334233333334434433
44433343445444455454454444445544444455544454443455544544454444444445444444455545444454443322210111111111111111112222222222222222222223222222222111124221223333333333334234343332333423333334343334333434
54333444554434444444454454444654444344444564444344454444444443333433344554455555544545443432111111111111111111112222222222222222222222222222221111123232122334333322212223434235444333334344333343333344
33444444445545544444433444545554555544444454433444544444454433344543355444435555554445444343211111222111111111112222222222222222222222222222221111223233111222323442234334333344434433334333333343444444
33344444444444444444434444434455445554555454454455444444444434444344455444433555554344343344211233333211111111112222222222222222222222222222221111123343311111223433334334333444444443344444334444434443
33333444444444444454454444444454444445444454454444444544454455544444554444444555443222234444323466434421111111111222222222112222222222222222211111133334321111112434323333233344444443434433334334433433
44434444444444445343444444444444444444454444554444444444444444554444444454454444444324344343444467444332111111111222222221111222222222222222211111234444321110111344334333343343444433333333343343434333
33434443344334434332344444433455454454544444444445544444434444444344444444444454544434444344445577665333111111111222222221111122222222222222221111235544444311001245433334434343333443333334444333434343
44433444444444434443344433343334344444554444344444444444444544544444444455544444554434443344444577763221111111112222222211111111122222222222221111345544554432212344433334333333333334323333344434333443
33344344333343344434344343343343444545544444444444434455444543445544445544544454554344443444444577763321121111112222222211111111112211222123222112344443554322333333433333333333333333333333334444433344
33444443333443444433334543444443444444444444444444344444443333454544455544444444556554544555455577664321111111112222222211111111111111112123322112444443433322233333333333333333333333322333333343444334
33334343443443333433434443344444444443433434344444344443443433444444454455554444456555444545455676665432111111112222222211111111111111122123322113444333333332233233333333332333343343322233233333444334
44334434434433343343444443334443334434433443344444444443444443343443444445543443445555444434444566665322112111112222222211111111112222223123322214444333323322433333343333334333444443343233333333434344
44334434434443443444345443333334334444433444444444444443334443333434433445444444444445433334443566666432221111122222222211111111112222243122322224434443444332344444333334333333433333343333343333444334
33344343444434344444445554444433344444444444334444443444444334454444543444445444434444533444343566666533221111122222222211111112222223333122222224333344444444443444444334433444432234333333343334433334
33344444432333344344443344343443333444544443344344443333334434434444534334334344333333445444444566665643322222333322222211111222222234333122222224323334544444444445444444444445433344333333433444344333
34344443333333333333343333345443344344444444443333333244333333443334444344333443344434444444454566665663333234445532222222222222233334343222222233433334433344344434534444444434453444333443433443433333
43554334444434444534344433333344434333332334544333433344443444443334333233334444334444344334444555666674333234456532222222222233333222443222222234433443333333444443433543443434432333444444533333333333
33243343334444344444444433444444433443433444444444333443444444444444444323434433334434444434555455666675344434666532222233233333322222233222222236434443444444544444433444544444434333444333422333333333
33333333333444343443344443444434434443333434434334334354445444444554444333433544443344444444444444456667654457765422211333333333222222223222222234344344644333444444444444444344334444433333332323233333
33333333334333443443334334444333344443444434433333344345435443444454434543444445433344445433444444444589765799874322211332233322112222222222222234343334443334344443334334344333333333322223332332122333
33344333333433444344334443433333334444444444444333443433433324444344434643444333344344445433444444443589855899975332222333333321111222222222222233333333343464333334333333433343332223442333421222212223
33344332334344443333335333433344344434443444444444444443444333434444533653444443454444443333343444443588965679965433222333333442121111122222222234343344443443333333333343333334533324543333422122233332
34333233333333333333333334325433433433333334444444444444454433333434443544334444444444444434444444345456885455654333222444333434312221122322222234344444343443343434443434433333334335543333333233344334
33322333332343323233333333444334333434433334443334433444454434444334333334444444455434444443444434445643674442665687323444333344432222112532222234334443333443444444443433434433454435433344433344433333
32222223322323333322333334333443333343334433333333223444445434344444444333444433453333544444444434345685454432899997423344433443452222112432222334434443433434444575355444444433444434433444433333333333
33223233333433333222322234333332333333333333333443334444454433334454444444334434443433443344344433334677453332899987423334443453453222213442212323433332323543444554345444444444444444433444433333443334
33223323333433333233333334433333333333223223443344334333453444344444444444444434333443443334444333444667442233899987423433333443454222213542222323332222325653344334335453434344334443333333433334444333
32234323333233222233233444333343333433333345343343334334444434343333434443334444433443333344433334433566443333899986324434334432344222213332233312333333335445343234344543434433345444333333533434543333
33233223333332222322233322322343434333333444333333344344344333233333344323335434543433444333333334433365543333899975333443333433335322223333333212343343335433343344545533354544555344344334433434534333
33333332444432223323433422233333334333344433333333333333233333322334336333234343334433333344343333333356654333899874333364334344435422224323333324544334454323343344434533343435544333223333334334434344
34333433334422233333433333333333333333333433333443432333223333332233444433233333334323323444343332223345654333898763333343333343436522223333333324633334334334333333333333333323445323223332343234335443
44334432233322233333334343322333334343433344443334432333334433333333434323333333333333323433333333333335564333887653232334333434546522223233322223744343244334435633433321353323444232233332343233233443
33334433233334333323334443333334334344333333333344333343334333333333334433333233333334334443333233334435554334765553343343334334336521224332222234633333345333344433333222453222322253333332333223233333
23233333233433433333444344333444443433433333333344433434333344434343333333433333333444334433223344443455564324865543334432343333346631233332222233323432333333234333323332342232332233232333244323323233
23343334233333444443333343334443334433443333344353433323433334343333343333444444333443333333333333434445556536866553334322343323356552243232222243333432322232334333333232232224322233233224344433323433
32443443334445543444223322133344333444443433343333243333443334443333343344333344333353344434333333334433555447766553333432332222266553223332222233333322323322233345333232233333323243223334443433224423
43443344443344543344322222122233433344433432333334444333344333344434433433333333333343333333433433433333454348666543333333222333475544422332222332323222232232233344333322323334232233213333433323234334
34344433333344544444332332333433323444323333323344343334333333343323433434333333333333333333443434433333455468666543333333323323565556532322222333332334332233333333333222433324432333223222322332334553
34434433333334445344333443334443334323333344332333322333334444333222334334444533344443333234423333433343456477666543333333333443665556432321223332334323333324453333323222234312423333121111111122223543
24334443223334333343333344443444333323423443332333333333334433334433333434344544333443333333334443443354455587665543433433332344665544333421223332233323233323233332223222344411122222231111111111223333
33334344434332323333333334444443333334333332333433333334444533333443343334444334444443333333344343443343344686655443344333333334665332233212222322332222233333333332232222345321222221221110111111121355
22343344344432323323333444444233222344433333323333333333342432332223333433334234344434333333443344333433245777665443333444343343554331333311223332231221243333233322232232233122211211221001110111112344
33333333333333323333323444433222223333433344433333332333333233333233343343333333344333333332334344334433345787665532433544344443454432233511233332332222232332333223221211122112211100121111011111122232
33223323343333333334223334332322223234322444432333333323344334333235444444443443444443444342324334445444445877654323333453344443565653123631233322234332323322332213321111111111111011111011111100242233
33233333433334433234234443323333332122223334433333333333344444543444443333444345443343442354434443344554434864554213333343333443566553214652233333333233323323211111101111111121011011010011110111232233
33322333434344333234344324334433332323433433333333444543343434444444443333334345443333344444333443444444444755654223343343333333455542126654233433322333323222110111112111111111011111010011110153233334
23422324334333322343333334233333333334233443333334344433323433444444333333232344344334444433334444444344434766653233343343433334343321147655234323322222332211100011112111111111111110011011111243344533
34323324424333322434344433333433322344433333334344543333434433344343433333233333334434533444434545444444433677643223343333333343333111166654233222321111111111111111011111101111110110111111322423432333
33333333333433333434433333334344322355444334444445433334444434333443443433443334333443334444344443334444433588765323333433333332323322255554232222221100111111111100011101000000000111111112232233432333
33433233333433333333333334433333333334443334444344333444434444433443434443344444445544344433434444333333433588764333334343343322423332444453221111111110110111011100111101000000000101110112222333233322
33333233333333333333334333443443333333444444444444443443434544444333444343344544544554455434444444344443333487654343344343334323443323654442111011111111101111011101100111111000000001110111122333333221
33222333333334443333333443333343323332444444334434333344444443444333444454444444444443444333344443343433343587653344344444333444344334665432011111111111101111101101110011111110000001111111112322121111
32232343334434343232333333333343333443344434333235334445434433332333344434344444334533443333333343343343444688664344334444333444334334544311103323211111111111111111111111111100011111110001133211111111
33233333333333333333223332334444434443344433333344344444433333433343434433444333433433333443333334334445344587764233344434444434333345533211123323211111111111111011011001100111110110110101122101110112
22333323344333443333233334333334333334344443344444543444333433443233334344433333334433334434434334333444433587764233344434333234544343533333332321111111111111111111111001101110000111111111111111222223
33433433233444333334334433333433434345444444443333443333333434443344433443334434344344433334444343444444434787663334333333333233444432334332111111111111111111111111100111111111111111111110102323333333
43443333344443333234344333333433433334444334333444444234334433343334434444334444432333443333334533333433333777664422333333333432234332332211011111111101111111111111111111111011111111111011101233322233
33333333334434343334333334432333333444443334333444334334343344333345333434333334433344444434433323433433333776653333333433333333232222111221111111111111111111111111111111111111111111111013111233333344
33333323334443343333333343543244433443233223235443234323543333333235333445344333344455443344323223333433334566652233333433233222321233123332233221111121111001111111111111011111111111111226422333234343
43234343354333333343334443555444443322323333333454444345433333333334533444444574345344433344333333334333344656553223322333322222333444333333233423311121111122221111011101111111111111112344323333334344
33234333444333344353344443444643333333333333433544344345333333433343433444443464444333334443322322333344445876654322222233223222333334443333333322111111112233323111111111111111111112213342233334333243
33234333444433334334434333334433333433333334333334333335332334333343334433444343333333333443343343333444445875566332323223122222322333444443343211111122222233223321111111111111111112223333333333333333
43333334444343334333434334344333433433333332334344334344334443243233333333333333433433334334444334334333335755455433333332111211111233333332221111122233333333333211111111111101111223333333333332333323
44333343433333343343434443343334333434444333344344433333433323233333325323323432222334333433334433333444334544444332322232124222211122332221211112233333333333333211111111111111111223223333223222332233
33444443433334454444344434343445334333344444443334543333333222332333333232332323343333333334445533444434334554543233333333334222212122223223321212334322332333333311111111111111111232333223333342333334
