77444444456344444454444555544455598444545555544555555555555546862555555445544555554444454434543443425752222342333423323221223221234234577788888788888887776364334343333223355443432222222222222222222335
58444444456334444444444444444444598444444444444454455555554446763454445555554454455545544335555555546743333443323444334211123222333333347888887766888777776355434353222223445654433333222222222222222223
58533333347423333334444433334443487443344444444444444444444445753444444444555444444444454114555555564543555554214455555544455555555555457777886544667546776435544352222223446543224233211332222222323332
58533333346433333333333333333333487443333334443333444444444445753444444444444454545544475113555445455543444443126555555555555555555555556556666555556556776455555554334435544443334333322342222342222233
48533333346533333333333333333333487433333333333334333333333435863333344444444444444444486113444444456643455543157654555445545555555555555555555555555554675355555665555556555555555555555555554564444444
48633333346533333333333333333333498444433434444334333344343335852344444344444444433444488312444444447653444443265564444445444555555555555555554555555541475455555555555555555555555544555555555565555555
38633333346534333333433334444444498544344444444444444444444446753444444444444444444444589612444444447653444444574764444444444444444444444444444544455454675445455555555555455554455444445555544565454555
36634433346534333333343334434444486444444444444444444444444446853444444444444444444444589842544444446643444435764853444444444444444444444444444444444445776444444444445445455555555555555554444444444555
37743333336534343333333334344333487444443433444343444444444446852444444444444444444444479961454444446643444446846853444444444444444444444444444434444445776444444444444444444444445444454444444444444444
47743333336633433333333334444333487444333443333443444434444436752443333334434444444344479972454444447643444438846753444444444444444444444444444434444445776444444444444433444444444444444444444444444444
35743333345623333334444333443433487443333443334344444444444446763444344444443433443334469982444444347643444438755743444444344444444444444344444444444445776444444444444444444444444443444444444444444444
44544444434633344434444434444444487444444444444343333344444346863444444444443443444334458982344444447643444338745743443334444444444444444444444444444445776434444444444444444444444444434334444444444444
46644444445634444444444444444444378444444444444444444344444436863344444344444444444444458983245444457633444337535733333444334444444443334444444444444445776434444444444444444444444444444444444444444444
35844444445734444444444444444444367444444444444444444344444446863344443334444444444444458995344444457533444336555633333444444444444443333333443444444435776534444444444444444444444444434444444444444443
35854444345623334444443444444444487444444444444444444444444436863444434334444444334344467997434444457643444347655654344434444444444443344444444444444445776534444444444444444444444444444443444444444443
45854444445633434444444444433444488444444444444444444444444445753444444444444444443444467798533344457643444458535644444443444444444444343444444444444444676534444444444444444444444443443434444433443444
45844444445733434444444444444444488444444444444444444444444443753444444444344443443434467899632224457644443467536533444444444444444444433433444444444444676534444444434444333344444444444343333334333333
44654444445733434444443444344444488444444444444344444444444445753444444444444444444444457889733212457643333467647543444444444444444444444344444444444444776534444444444444333444443444443443343444444333
34443434443633344444444334344444488443333333444444444433333436763344444444544444544444468999843211357642333467568544444444444444444443444444443344444444776534434444444444443343444444444344444444444444
34753233345633344444444444444444378443343444443344444443434446753334444444444444444444458999843232357632334468897444444444444444444444444444443443444444775334434444444444444433343343434333344434434444
23543322334733344445555555555554367445454444444444444444444446753344444444434444444434446999955666467644555469985444433344444443443444444444444444434444776434434444444444444434444343344433333333333334
34433333334742233444443344445555488445555556555555545554444546763344444444444444444444445799977766567666765579964444434444334443443333443444444444333344776534443434333443334434344444344444444433333334
66423333334631222334433333444444488445554555565555555666655556763444555555555555555445555578887666666666555778754444444444344444444334443444444333443333786534343443434433433343344444444444444443433343
44444333334533344434443444333344478445445444454444444544444446752444444555555555554555555558876666555555555566545544444444454444444444444444444444444444676533334434434433333344443343444444444443433443
34445444444544444444454444433443378433333444444454544444444445752444444444444444444444444567666665555555444335345555544544444455554444445444444444444444676534434433443444444444444444334444444443444444
43444444443344444444554444434444378433233443344334433444443443753444444444444444444344455566777665555555555323245555555555555554444444444444454454445444677634444444444444444444444444444344344433444444
44443344443444445544554434434344467433333333333333333343333436752344334444434445444444455567776655555655455422245544555555555556555444444444444444444444677534545554454555554444444444444444444444434443
44444444443433444433344334444344434445443334433333333333444446652334454454445434444554568777766555555655444322234444444455555555555555555555445444444444677534444444444445445555555544444444433444444444
44544444444433433333443354554444344355433334323333333333433436752343443344444444444444544687776555555678644322234333444334444444455545555555555554445444676534444444444444444444454445555555544444444444
55445454554544444444444445455554444454334344333444333333333336753232333344444444444444312777765555555665333321144434334443433344444443444444445555545443267644444444444444444444444444444444444454455444
55544454445544444443444444787335434554444444444344333333333345543132333343434434344444314766665654445621001221144444455554444445555544444333344444445444367644444444444444444444444444444444444444444444
55544445445543444444444544675234444443444445445444344433343232333232333334333333343333367665445554345511000122244444444554544565554445665433444444334444577544555544444444444444444444444444444444434343
44455544444444555445545543444444444433445544445544545444334322223333332233334433333334465555444444454543110122244444444444555555545555555554444444333443587643455555555545444444444444444444444444444444
55444544554445544445554454544444444434344444444444543333333333333333433334433334433433454555554334553334211211244544455554555555545555555344444544444443577643444444444555565554544444444444444444444444
65545544554455445444554455545444444544444444444444432333444344444433444334444444433444455886444444433222222211244544444566565555555665555433444444444544577653443433344444445555555555444444444444444444
54444454445465455444544444444544443454443444344444434544544445444433434444444444444456558889743333332222112121134466544677555555566776666554344444434444577653444444443344433444454544445556665555544444
54344445344444444444454444445543444443444444444333444344444444433334444554344444444565589779853323322122212221224565566776555666666776666665434444444445477653444544444444444553333334444555555555544444
45443444444444544444455444445544454444544444434444554444344555544444445544444444444566899988863322211122222211113336766666556567777766666556544444345454467653444444444554544543444443333333333334444445
34454444444444444443344544444433444443444344333444443444444455555445545545544454454467899977763322111122112212112335665555777666777656666666554344455455467653445444443455544544344433543454333333333334
44434444445555444443333444344444444332233333443344443444344543454433334454544445555555677775464322121111111122111333455555766555666556666555544454555555457653544344444545445554434444444454443443443333
43344443444444434434433444544444444444444444444444344444444533344444444433444444545622355442125222242111111121111233234555776556555555555555543344454445226654443445433444444444444444444444344443343333
44444344444444444444444444544444444555444554444444444444444444443344444334444554445412333310004321242111111221111233322455565555666555554455542244444444447653444444444444433344543444344444333344444444
44444444444444444445445434454444544555444544454444444444444444444544444443344443343323233200014321132111222222111233332245544566655555544444542234433443467753344343344444444434444444344333343345434444
43444444454454444545454444455444444443344444554444444444554444433444434444444433334333332211234321132122232321111233333213434665544554444344543224433443468654333344444444443343444445444443444444444444
44545434454455544455455555556544444454444444554444455555544355444434444444343444444433322232332221111222322212111233223213433556555554443334443223344444457764343334343344343334544445544444444443444445
43444434444334544454454555555544444554454545555444554434444445554444444445444444444443232222222221111221112112111223222222332445544444444443344222434444467753343444444333344343434433444444444433444444
43344445445344444445565546544444444444445445544444545445544455554444434444444444444454332321222232111111111111111222222221332245544444444443344212334444457754233344443432343333444333333444443433344445
33443334455544444445555455554444443444445444555544444554444554444555444444444444444454332322222231111111111111111222222221232234444444444443355212344443357754233444543443343333334443343233432334233333
33344335544333444445444454444554454445554444355544554443355544544554444444445444544555333311121131111111111121111222222222222223334444444333244212244444456754222334433333333333234343332233423334333343
34444445544444444554535444455444444555554554444444553444444444444544433333433345554555665311100021111111111121111222222222222222333444444333333212233444456653222343223333322212223434234444333333344343
44444444433444544445545544444434444544544555544554454444444544555454433444443455444443443210000121111111111211111222222222222222223344444333334212334544455543323332222223432234334334344434443334333343
43344444433334444444444444454444444444555445555555454454454444444444444444344554444444430000111111111111211211111222222222222222222333443333333211345543444433333343332333433334334333444444434344444334
43443444544434444445445445464454344444554444444444554444444445554554455444445544444443442111111111111112211211111122222222222222222333333232223212445543354333333433333333334334333233344444434434433344
44443333444434444344334444343444444444554444444554445555445444444444445554444444444443223311111112211121111111111122222222222222222233332222222212445433332335444333433333344334333343343444433333334333
54344444444444443444444434333344444443455454454544444444445444444434444444444444454444311111111112111111111111111122222222222222222222322222222112443433322335544444543433344433334434343333433333334444
33334443344433344444343344433444333443333455445554444444444444444444544545544444554544421111111111111111111111111122222222222222222222222222222122333344434445544554433333344433334333333333433323333444
43333333334444344333344445444444443444444444545444444544444334455444443454444455544434432111111123222111111111111122222222222222222222222222222122334344444444444554323343433433333333333333333323333334
34433333333334444343443444444434543444444444444444434444444344443433333445444455544444443112432356333211111111111122222222222221222222222222222213444443344454544433322233333333333333333333333322333333
34433443344333333443443333433444443344444444444333444444444444443443433444454554455544444345554456444421111111111112222222222221222222222222222212444444444444343333332232233333333332333343343322233333
44434444444334444435433443444444433334443334434433443444344443443444443333433444445544434454455356645531111111111112222222222211122222222222222212344444445444343333322433333343333333333444443333233334
44444434444344344344444443444445444333334444444444444444444444443344344444434433445445444444445457755432111111111112222222222211121122222222222223433344435434443444332434443333334333333443433343333343
33345434333344444444434344444445444443433344444444444334444443444444434444444543444444444334444467765542111111111112222222222211121122222222222223443434334333444444444443444444334433444342333333333343
33444443333344444432333343344443343344443334444545444444333443333234434444444434344334343334333477765632111111111122222222222211111111112222332234334434444323344444444444445444344344445433344333333333
32343433444444433444333334434344433344443344344343444434333333344334334443334444344333443345444477765532211111111122222222222111111111111222332234544434343433334434344344434433444544434454444333343443
33333434443454334444444444444344433444444433433332334544334434444444434433343333223444444334444477775642211111111122222222221211111112212222332234433343334434443443333444444434543443334433334344444543
33333333343233333334444344443444434444444434444433444444443344443444444444544444333434433344434577775553321111111122222222221211111112222222332233343334436534443444445544344433544544444434333344433432
33333333333333333334434443443344444444333335443333334433344444454445544445544433334444544433444577766553211111111122222222221211111222221222332243333344434444344654333444444444444443344334433433232322
34443333333333333334433444443334344433333334444444434444433444344435333453444435543444445433444577765564211111111122222222222211112222321222322243323344434333334443334344443344334344343333334323323332
33333334333354433334433444333334443433344334444444444444334443433433234444444445644444433344444577776556321111111122222222222111122223421222222233364334443333333333464343344333333434343332233342333432
33334333333344332333343443333334334334444444433433444444444444444554433434444434644444443444444567666556522111211122222222222211222333432222222333364333443443444433443343333333333333334533355343333422
33333333333333334332433333233333334335333433433442334444354444444454434334343444444334444444444466665444432212221222222222222222233334332222222334443334554344444343443443434343434333333334344333333333
33433333333323333323333323223333333444444334344433334443334333444445344444344343334444444443334456665434553222221222222222222223333333343222222334544344544334444333433444444334433433433454434433334433
33333333333222233332334333322333334333433333343334433333333234444444334344444444334444333332334445665443442122222222222222212333332233443222222454443444543434443433444444475355444444533444444433344433
33323333333223333333433333233323334333323333333223334334443334444554433344454444444334433344433444665433332222222222222222112333222234543222223454443344333333332324544444554355444444444444444443444433
23322223332333333433323333333333334333333333333233334443344334333443444344444444444444343333444443565455543223322222222222123322222234442222223564544454343333223334653444333345554433444344444333344433
33333334432234233233333222332233443323344333433333355343333344334444444343433344433344444433443333566778776433333322222221135532222223432221123443444443332333233335345343233344554434433445534333333433
54333333433333233344332223323333322333344334333334344333333443344343333223333344233345335434334444788887656533333332222221244552222222431222223333433432333343333345344343344455543344545455544343334443
44233223334333433444432223323433332343333343333444433333343333333233334322333346333333343334334334899986444333433333222211223554222222342222233333332543335544344454323343444445433454446444333233333344
33332222344333433234322233333333344333333333333433444333433433333234333332343434333333333334233326999974333323333333322221222455322222242222223333333443225633334343334333333234433233324445333233342343
43333333443434432233333333333344443333333344344433344443344332333334433343333335323333233333333338899974322333333233332222233345432222232222223332233333224634343244224334633433431342323454222233343343
43333333433334433333334433333344444333344443443333333333343333443344333333333334433333333333334359889886322222232222332222235447653222232222223333333323334633343345333344533343332553233322253333332333
43333233323333333233333443333443343333453444334443333233344434434333344434443333343433333333444259878876432222232222332222344437866322232222223333333333333323432333333234333333322342232322233232333334
43344333222343344333344444443333333334443334444443333343443433334443334343333343344444444234443368887765532222222322332222344336877522222222233343233333233222432332232234333333331232233322233233224354
43333444433443443444455543443222322223344433444443433443333343333443344443334443344333343333353378888655533334333432222222234335876742222211233333232434233332312323323233344333222333333323243233234443
44333444434443344433344543443322332222333433444333332333334454344443333344434433433333333333443487788754434433333233222222233334778862232111233222333323333222222232332243344333322323343232233223334553
54334444444434433333344545344333333334433334343323343333344333334333343343323333344333433333333587656644434433333433322222343333687652233111233222332233233322334232333333333323323533564343233223225644
54334433434444433233344444344334444334443334223323443333333323333334443333222344334344533343443687643544434433443443322222333333465553242112233332333334332333323333334452332323322234332434334332222233
54345434234334344233333233343333344443444333334333443333333334334344433344433334334444544433443676543444433443454433332222344434367763342112233333433323332333323333323333333223232334432233223433233333
54354323222443344434332323334333434444343333444333322334433333334434433333434333334444344444444775554333443433443333322223444344357653332112233333323332322332322233333333332222222356433232222442222333
45443333333443344344333222333334454443233222344433344333333332333332332333223334433333233344436766554433344334432333222223323334357663342112232333212333332331221243333333332332332233232122222652222332
44333343433333333333333333344324334333212223334333344433333333333333333333233343443334333344348766665444344334433433222123333434556663332112232333321233332332322333333334233221221132234212322543223332
33432433233233333343333333333233343333322232233223445433334332333344334433245444444433444444467666766544344445444433221123443334466653431112233342333443322244322333332344224321111224233223211222223233
35433332243233333433344433234344343323333432123324334333343433433344434434445443333343354443376666766544443445544433221122444333346643431112222233333433333334233323224433322222212222232112111111112223
45333222323322433433343332233343323334333332433333444333334445543443434444444443334333354443466666654444443434444442211222343333356642441112233334333433433323323322224322223223211122222111111110111122
45333233233323324434333323343343443233333333234333433334334443323324433444443333333233444344456766654334444444344432211122232343357542452111233333334333333332333333233322222333212111111111111110111112
34334333333323333424342333434344433433433222454334333344345543333444434354443433333333333334456766664334544343444432211122233433356542553111233343443343333322223333333233322222111111111111111111111212
34333233333333333333443344433333333334343333455444334444445433344444444333444434434443344334456655653244443334444432211112233433366542663111233333433333323332222333332233222111011001110001111111111321
23333344333433233334434333333333334533433333334443444444444334444445444434434444432444444545546555542344444333344332111111233334366542554221344333443333232223333223322122111111111000000001111111101121
43332333333333233333333333333234433433443333433444444444544443434434544444333443443444545544556655432344444344433331111111343343466543454322444333343333233323333322211111111110111111000000001110111122
45433433433332333333344443333333443333343323433443444334344244444444443444333444454444445444435655432344433443433342111111443444565543443222343343333333233323222111111111111110111111110000001111112133
33444333333343343334433333332334333433454434443345434333344344445334333332333344443344443344434654322333443343343453111112444334675553332113332344433342222111111111111111111110111111100011111111112243
34454333323333233343333433333234333334444334443445433343354344444333433433334444334444334443434755432333333334454344311113433345644553231133223342232221111111111111111111111111001111111111111111212243
33444443333333333244334433333334434333334343344344443454444543443334433443233334444434333334333665542343334333444433521113333355443432233433212221212112111111111111111111111111011101111110111112323232
33333333334433433333453333344344433334434434345444344433334432333333334433444433543334334344344655532343434444443434632222343355443312111222111112233222211111111111111111111101111111111101112112223333
22323343443443323444433333334343334333434433344443344333443443334334433343344434444334444333333655442335433333343333742223423356543223310111111222211111111111111121111111111111111111011111212223232333
33333333333334333334444443334333344433333323444443333334343334333443443343344333444333334333454675543333323333433333862113433344443123211112331111110011111111111111111111111111111111011111111122233233
33334433342333333444433333333333433543344433432333233335443234334433433433345334454344333354465676443233223334433333773123433444332232222333443222321111111111121111000111111111111011111111111111122233
33333334433334343453333344343344444555444443222323333334554444455333333333344434444444663354343675443333333344333443774223333443333322223334444343332111111111121111111111111111111111111111011101111223
33433333233234234444333333444444443435533333333333344434443343345333333333343433444433653444334665444333323333344444775222332333333323222333334433332111111111111111110111111111111111111111111101121222
34433333333233333444333334335434333344333334333333333333344343344323343333343344434443333333333566554423433333434444676422332323232222222333333444332211111111111110111111111111111110111111111111111121
34343334444333344444443344433434343333234334433333332333344344353344442332343333333433324334343566544324333334333333676522233333331112211121233334343311111111111111111111111111111111101111111111111121
44343334333333443433333343344434433343343334334444343434344433333433233333333335333324422223343455432124433233453333555532232322231133122221222322222211011111111111111111111111111111110111111011111111
