22222222222222222222223222222224543222222222333332333223432222222233233333345533433334333333222345333698545555554555555688544334444445654356777766433322233233332233333333332333321222333332223443322223
22222322222322222222223222222222222222222243233333333333332223322333333333345333343343333333233344333697445555555555555588653333333334654368877765433333333333333333333333332223322332222333323333322223
22222222223322222222233222222332223322222333333333343332333323322233333333333333443434443333223244334897445555555555555578643232222233554588776665533333333333333333333333333322223222222223233333333223
22222222222222222222233323333333333323222233333333332332333322222233333333333333344544443334223254334798545555555555555567664222221122457887765555433333333322333323333333323322222222222222333223333333
22222222222211112222323333332223333333321233333332222233333222222222223333332333333444223334323344335898555555555444555457752111111112589876543444334433332332333233322333322333232222222232233333322223
22222222222222232222222232232223333243332223332332232222332222223222223332343222233344322333323333445998555555555445544456754111111114887775333344434333332233332233332233332333223322233233233333322325
22222222322222233222222222222223333232232223332332223222322222222222223332222222244444332335443535546998555555555455544444653211111368988753333344433322222223322222233223332232223322233223333334323347
22222223322222122222222222222223322222333333332322322322222222222222233332222233333343322234434434569998555555555455444433543311114788887522333344343333222223332222233223322222222333322222233333223256
22222223332222222222222222222233322222332322332322222222222222222222222232223332232333332223433432357998555555544444444433455211257887775333333333333333333332223333332233222222222233322222322233222365
32222222332222222222112222233233322223333322332322222332122222222222222222222332343333333333433344468999545555444444444432353212677776553343233333333333344433322333232233222222222233322232332333332463
32222222344333222222222222222223322322222222233222221233221222222332233222222232233333333323333467999999655544444444444432234557877654323432333333333334445544321343223333222222222223332222232333333752
22222323343232222322222221222223332222222223323332224323232222112332123222122233332233333332245899999999655554444444444332148888865443223322332333333334457643332233223222223333222222233223332232224742
22222223333233333222212222222223332222222224422333334534222223222333113222122333332332343334689999999999655554444444443321138887523333333233323332333334467743333333323211233323223332233333332233323433
22222333333233333222222222212223223222223224333333323533234323432325532223222332333333444469999999999999755555444444443211115653222222333222333333333334567753333333222233234433333322332322232332233334
22222333333333333322222223222222223222222224433222223542246532321224522236323332233224578999999999999999755555444444332110002332222223322222333332233334567654333333322233234333233332343322333443343343
22222222333333333333222332222122233322222224433222233342123222221233322246323332234348999999999999999999854555554444332110101322222222222222333222233334566665554333333322233333333332333333323432333343
22222222233333222322233221112221223223532224333233222343233322333243322346422233337899999999999999999999855555554443322110103532222222222222332222333344555666555434333333223333233433333433322322233332
22222222222332222222223221122122244234422224333233222243235432333323221455422233689999999999999989999999855554444443321111104533223222221222222223333444544455666545433343233332223333234322222222233222
22222222222232222232112222122122342442432223322333233233234343243322222554333467999999999999999889999999854544444433321110102554333223211122112223333344444444566656643333333322222333333332233322222233
22222222212232222332212223212232335312332323322343222233233464364332222223456899999999999999998999989999954554444433331110101554333333111111112223333344333334456666654433343222222333332222223322223346
22332222112333222332222233332332452221331333322343222233224365333332232357889999999999999999978999767999964455544443332111101554333332111111222333333333222334445666654322344322222332333333323322344455
12333223212333222332232232332324521222331223433333232233333254446433345899999988789999999999779998457899974455554433332111112443333432111112222222322332222234334555554333334332222222222222124322255344
22233222221232333543454533322355221222342113433454332233333333337523689999999777789999988999999997445899985355544433321111112333333321111111222222222332112223333444554544433443222222222322224222442222
22222222231123333432233455212573232232342113433533433232334345436546999988999756788999777879999875346899984355444333321111123333333211111112222232112211111222223333444544444453222223322332234443222322
22322222233222333431244245212542233331452212454222454332467876678999999988999766687898556768888754357986883355444333211111223333334211122222222332111111111122222333344444444443221111222223245321232212
22222222323321234353344345222433232233553123662236457766768999999999999999999856666786445657666544356886863354443332211111233333334212332222222221111111111121122222344444334433332221243223453222322211
33344776422212323444443355322532222224453236532235789997789999999999999999999846544555445555545543355677753454443332221122334333322222332222222221111111111121122222234334334434323222253244343222331111
23444698542223423355542454434543222236653453532348999988999999999999999999999865434444444455544444345567644454433332222223333333222222332221112212111111111111122212233333334434332222355432342222321123
12344555454345323145553433424643322255455523543689999869999987899899999899999964433443444445444444344555544444333333222223333333222222333332111123211111111111122112222222234544332232355322431223322233
34434445554443322146444532335633222554245223568999999659999976898999996578999963433333444444444443344445543343333333333333444332222223333332111223211112111111111112222222234555422334433223432222322322
34333345433334323246555443435533222675354234899999898469999987999999998556778853433333344444444444434444433333333333333334653222222223333333222232221122111111111112222222224545423344333323432212323322
34433235532133236456656445456654223566664479999998797379999999999999999746568753333333344444444433434334333333333333333335432222222223333333333333321232111111111112222222223444424532224422332212322333
34333235433333357546536666555644334555754799999987897379999999999999988754447654333333444444444433443333323333333333333333223222222233333333333333322332211111111122222211223333334433224423332223321124
22334334332223378646556775445533333465767999999996787479999999999999999755345544333333444444444433443333322333323332333332232222222333333333334434334432222111111121222211222223344534433333333224321124
22245434223333245645666775456533435765689999999996688469999999999999998655323554333334444444444333443333323333322222222322222222222333333333344444344432222211111111111111222222334555533433433234222124
32233434212344344566645776445434555674699999999997578459999998999999988655322454333334444444444444444333323333322222222222222222222333333334444444455433333321111111111111222222333456532344544345322344
11332555325754465566567776444425655467999999998997558548999888888998877665422234333333444444444444444333323333222222222222222222223333333333444444454444444332211111111111222112223345543356555466334333
22334753479977764577798764545445555469999999878997557548987777678767765565442222333334444444444444444333333322222222222222222222333333333334433444455444444433321111111111122111222233443356556566555433
22465656888999864365664565445643455678999997678997556648866656666546655445465433344444444444444444444433333322212333222222222223333333333333433334455555554444322222111111112111222222333455455565665454
12457768886698763355554456455664444544489975679998555647655445565555655443445555544444444444444444444444333322245578752222222233333333333333333334455555554444433333211111111111222222223344344454555565
23647887542146665346555434555476453322398655678997555636654445555554565444434455544444444444444444444444333224675446663222322333333333333333333334444445555555444433321111111111222112222233333344445665
32434666533334556456686433455588555311495555677887545535653344555665465444334454444444444444444444444443332247754334544433233343443333333333333344444445555555545444421111111111121112222233322354345665
75335566555555445665665532355568545311674555776777545534553345666777565444434443244444444444444444444443332476443333455643333443443333333333333444444445555555555554321221211111111112222233322354345664
54456655555555556666664343344357435523844556666667544533443345668777655444333443334444444444444444443343333654444433367753433443444433344333333434444444445555555554323322211111111111222333222344444543
22234555445566677656545533345343335978634445556667644543333334677655444333333333334444444444444444333333335533444433346752333334444433343333333334433444444555555554334444221111111111212332222233444445
66775554334555565565557534434543447998434454455666646863333334665433333333333334443333444444444444333333335333344433334743333344444433443333333333334444444445555555344454321111211111112222222233333455
66766655433544456655553353334425568995334444555666669953333333643333333333333334443333444444444333333333344333334433335633343444444444443334433344444444444445555554455543332222211111112211222333333454
46744455545553576535544344446776458953334445556666689743222333533333333333333344443444444443333333333333334433333333344333443444444444444334433433344443344444455544555544433333211111122111223333333556
88755555545654664554433433346765558532334445555666798753222232332223333333333333444444444333333333333334335433333334443333434444444444444443433433344333444444555445555544433442111111121111123333334566
99633344334445545655544454446333565223444445555566787753322233322223233333333333344444433333333332323344334543333345643334434444444444444344444434344333444444544445555544444442111222221111223333334566
87543443333456655655553345555444674224444455555555787653233233322222233333333333344433333333333332334443333455333355533333334444444444444444443344333334444444444455455555444432112333221112233333334555
86444454434565655534432234555677774225444455555555787664344223322222233333333333333333333333333333444433333255333333333333333444444444444444443444333334444444444444455555554432234443322222233333334455
75334456654556556322232223554456675235444445555556797565323422222223333333333333333333333333333344444333333323333233333333333444444444444444444443333344444444444444455555554423454443222333333432224455
55764555434565556432222123354566585334444455555556696675333344222233333333333333333333333344333344333433322322222233333333333444444344444444444443333344443333444444445444554445555433333333334322224556
55445656556755555544223213355454586334544455555555686555333335422222333333333333333333334544345543334433333322222233333333444444444344443444444333333344433334444444444444544455555433344333443222234556
56556764579765444445422323454454367434544444555555665553322344547753333333333333333333345322234444334433333332222233333333344444434444444444443333333344333344444444444444444555554344443334443221244445
65644766776555545446333333345543469535433444444455555553232244469877554444433333344333343233333344333333333332222223333433344444444444444444444433333344333334444444444445445555554444544444332222333233
66545767654565544545423433345542357755333344433445555553333234456655544444444444444444443233333344333333332222222223333433344444444444444444444333333344433334444444444444445555555455444444332222222222
66556567567755444443232333245542325554444567534444556554333323554566654555555544444445553233333333333333322222222222333333444444444344434443333333333344333344444444444444444455555554444444322332111122
44564577777434455565564365445544345433356665545554455445533323554456666666777654544445542223333333333333322222222222233333344444444444434433333333334444433444444444444444555555555544444444323322111223
67964688765333455566676687666544455544468854456666545445542223444355676556986544444445542222333333343343332222222222233333333444444444434433333333334444444444444444444455555455555444455444333322112233
66778997455533455343456666565544444655774564575455554434543333433355466448974434444444542222333333333433333222222222233333344444444444433443333333333443444444444444444455555555555445555444444332122333
33589964543455554444445665564565655545653576654555555544443333332334554458964444444444332222223333333333333322222222233333334444444444433333443333444443334444444434444444555555554455554444544422233333
76677657544556544455545665556566665544766656555654444555554333311222332338953333333333334223322233433333333332222222223333334443444444433334443333444443334444444444444444555555544455544444554433333333
68864357454555444343545545456555544555677875555654566456654333321222322238842222232222223465322333333333333322222222223333333443344444333334333334444433334444443444444455555555444555544454444433433333
76454467545555333453455665455565545554566665444557983355565333321222222235832222232222222753334433333333333333222222223333333333344343343333334444444443344444433444444444444444445555444554444434444333
96544665454455433543556875544666654555566554445787532455665433322222222224832222232222223532333333333333333333322322222223333333333344333333334434444333444444434443444444444444445554445544444445544333
95455665655555433345678654555666665556555654556653233455666544322222222224832222222222234422233233333333443333322332222223333333333344333333333333344344444443344443444444444444455544455554444445543333
67777776666655444345665555556764455556655557533222222355666544432122222223732222222222265322442333333333443333222232222223333333333333333333333333344444444443344433444444334444455444555444444555544433
67776786676655434555534555555554454445666666322222222245565544432122222222542222222222244322433333323334443333222332222223333333333334334333343333344444444443344444444444334444444445554444445555544444
65577778656555422466436655555654355454666565222222211233455544443222222222443222222222233444433333323334443333212333322222333333333333333333333333434444444433344344444433344444444445444444455555555444
77776677545555423577765665456554445455655563212222112334555554443212222222233222222222223443333333333334444333221223232222333333333333333333333333444444444433344344434433444444444444444444555555555545
77666666556655325543356544444443344445544575211122222334455454444322222222222222222222223433323332233334444333322222233222233333333333333333333333334444444433444444434433444444444444444444555655555555
78767766677654346532365544443333245445534566532122233333343465444322222222222222222222224433223333234444443333333222223222233333333333333333333333344444444443444444444444444444444444444444555555555556
66666665455554347522234434554444553465543456566533333333344565444331222222222223222222224433333333333444444443333211222222233333333333333333333333444444444444444444444344444444444444444444555555555566
66665665455555345421124334433244434576553456444543333433455556544432122222222223322222234433334333333455443334433322222332223333333333333333333333444444444444444443444334444444444444444445555545555566
66555544367544434311235445545454334545543356445444333344555435544433222222233233322333234433334333333555432223653332222333223333333333333333333333344444444444444433444434444344444344444445545555555566
54565444444443353321344334334434454355443445554344443344455544544443222233333333333356545433334333223555322125764333222233223333333333333333333333344444444444444433444444444444433444444455445555555555
54564456655443464333322223336443442255443554445434454333344455565443322333333333333343454333334332222454222346775433333233323333333333333333333333344444444444444434443444444444433444444444455544455555
53354445555445666544321234546455544334443454333553345433433345456433332333444443333333344354334332222343123555676543333333333333333333333333333333334444444444444444444444444444444444444444454444555555
53255543345435445543222146324555544655435444343456546645643345445543333334444444333433333345445432222332235556666554333333333333333333333333333333334444434444444444444344444444444444444444444444555455
53345644454556544564222374223433455775435553244455664655656655334775333333333332322443333334344432223322345556655556433333333333333333333333333333434344444444444344433344434444444434444445444444455444
52233565334458633443332543323432346664335654234568876556565544424554444344433343332344333333334333333433444555555556533333333333333333333333333333443333444444444444433444444444444334444555444444444444
52223344443355543344435654564543355545534655434556886555554333334433344344444587666554333333334333333444468544465465433333333333333333333333333333343333444444444444444444444444444443334455444444444444
53223434333454333356546533456445334543443553333555776555554345554443344544445567877863443333234333333344478444456644333333333333333333333333333333333333344444444444444444344444444443334454444444444444
54223323333435534335545543665545544353433464435667855566654346744343334455666669978854654333233333333343358545456435443333333333333333333333333333333333344444444444444444444444444443334444344444444444
54222321243346744344334453495565554353452467666455556767876456434432333443687667778855566433234333333444445434554345333333333333333333333333333333344334443344444444444444444444444443334444444444444444
34322332334444544345436653376465564564354567755555776767778435334444433345754444678756434555334333333344444446744454323333333333333333333333333333333333444444444434444443444444444433344444444444444444
23222332223334455446543644346546555556554466555655787655566544455564343244444434786554433566654333333333445544434554433333333333333333333333333333333334444444444444444443444444444333444444444444444444
44322123232444444445542665335555555456664575555666666446655444454333444533355444456654456556653333333334456655454533433323333333333333333333333333333344444444444444444444444444444334444444444444444444
84332223223444343356655677655455454345553456556545676577554234434434455422343344335654557555544433222333457644555543333532333333333333333333333333333344444444444444444444444443334344444444444444444444
99522222323465444455556665567555435545335556556435765567565444333435664332243344345565444223234433222233665565544653344552233333333333333333333333333344444444444444444444444443344444444444444444444444
89952222333445544455643576556535555555434744656754566556457764444434544544563344354445543323223433222233321366434554343463233333333333333333333333333344444444444444444444444433344444444444444444444444
36996322332555544444543465566545554565333753544654654454445666654432344577642344244345533333322333222222322576533555443354234333333333333333333333333344444444444444444444444433444444444444444444444444
42699733235554445555444565554444434556445565543677865455334565663335533564443234344455533312232333222222355853553455332265245433333333333333333333333344434444444444444444444434444444444444444444444444
32259973334554434555445665444556534555676456454578765545434545543335334543344323465333453313333433222222348623444346332364355433333333333333333333333334444444444444443444444444444444444444444444444444
53335998433545653455334654454457644543674474366665565435533544555532344454444344454333464333224533222222258654455545422354555544333333333333333333333333344444444444443444444444444444444444444444444444
64343589954556664444444644564556554445643553564566454434643346645543553443443333343564555533344532222222253222454555522355446545433333333333333333333333344444444444444444444444444444444444444444444444
54433238998657864553554654555546454368656656774466445543554236786434342343543234232354454444544443222222354653444356632245446535543333333333333333333333344444444444334444444444444444444444443444444444
53443247899777874554555654355446564346655545655455334554355333674354343343333445343234345543432343222222456675444335653144556645643333333333333333333333334444444444444444444444444444444444434444444444
43343464589986443455545655455555565446443565445445455654434445654444453344335653355334333454343332222222334555334533555344456655544333333333333333333333333444444444444444444444444444444444434444444444
44444554456998543355444664334465465456322455544456654554335554545544454433455555544333433344333442222222344446533432356534345645544333333333333333334433333444444444444444444444444444444444444444444444
44444543553699843434445665544346555446434444665566524333223665544544455432464454345433344444323442222223344446755542358845345656544433333333333333333433333444444334444444444444444444444444444444444444
55544455655569985444354664575355344455567655545555333223323444544444444444445555434544343334433443222223345455765445447743246766544443333333333333333333333444444334444444444444444444444444444444444444
33355664555546998533355665455345444464334454455576543222334434434545556555446533453444332354333333222233333334654444446633344566554443333333344333333333333344333344444444444444444444444444444444444444
33345774454556789954435564455445665554224444225544666532344545544444446755346433434653333544334443222223333334654464444655454465455564333333344333333333333334333344444444444444444444444444444444444444
34446754454565668996333365235444355445442433554443454764444333343444455556444334333443333444433323222233334434657785445546555454355543433333344333334433333334434444444444444444444444444444444444444444
23567534556665564799643256557544355446573443464333443433444533224544445456654433344455443455432323222223354556666777445744565354455543443333334333333334443334444334444444444444444444444444444444444444
53445443444544334369973467898555334344356443343333433444333543323334444555465533454556653456644323322223354454565456665765635464445655433333334334443334443334444344444444444444444444444444444444444444
55555434565553355336997446556565433333346434333433332345442344333443344555455655653334432245724664322222343433445545445675745555555555336433334434444334443333444434444444444444444444434444444444444444
44556644444554343322599845545566433334544566654455434654443345434456444455544446642234333333522465322222344544444455654577855545445554455433333434444334433333344444444444444444444444444444444444444444
54654444543543333322259997655565643454353466554334433344455455434445544344554344455322124444853455322222343333334445676788865545434454344553333444444433333333434444444444444444444444444444444444444444
