23337852222222222212222211112323267422112222212787874332233222222113321276322333432223223432122223357888888888888888888888878645888755555557777787533332344432221322455433478888888888888888887777777777
33327752222222221112112111111322167422222222221477433322233223222222222376423233332222323321112232245788888888888888888888878645888854333357778777533332254333322322444344578888888888888888888777777777
33226853223222122211111111112323267422322232222376332333332324322321122476323233322222223551112222235678888888888888888888878645888743333367765445443333343222321222322235788888888888888886677777777777
43326853332222332122212111224344247533332332112265432223333423222211334476322223322223233762111222222367888888888888888888878645886433333356653222333333333322222222222224788888888888888864354577777777
54447854444344444344444344555555567435444543334334433333333422244323444377422223422233224453112332222344577888888888888888877645865443433333444432333333223322222222222225678668888888888754333347777777
44447854444455554445555555555554577435555555555545555544545544455444444267423233422233232222112332212332345678888878888888877745643344533322334555443333222222222222223234565467888888888543333335777777
44447854434444444444444444444444467434444445554444444544454445555555555566334445433344444543222433334434333578888866578876677754454444522222244576433334432222222222233222343557888888888644333344686777
33337854333433444434344444444444467434444444444444444444444444444554455545335555555455555555555556555555555667777764456664477753465434422222254554322432321123222222232333233357888888888643333334685687
33337854333333333333333333333334477434434444444444444444444444444544444566434444454455555555555555555555555555555655665555677754555556545454555444444544443344332235222323432467888888887643333456674587
33337854333333333333333333333333377433333333333443444334444443334444444576434445444554555555455555555555555555555555555555337643555556555555665555555655555555555556555554544566667777767544333455554377
33437954333343344334443344433433477334444443444444444434444443334444344576434444444444444444434444454444455455555555555555426654555555555555555555555554455555555556655555555565555555566555555455555555
34437744443433443444444444444444477434444444444444444444444444444444444576434444444444444443123344444444444444444444444544557654544555555555555555555555555555554455545555555555555554465555555555555545
33337744443333334333434444444444477424444444444444444444444444444444444566434444444444444443146444444444444444444444444444467753444444444545555555555555555555544454444555554444444554444455555555555544
33337854333333333333333443343344477424334443344444444444444444444444444566434444444444444443266544444444444444444443344444467753444444444444444444444444444444444444444455554444444454454554444454455554
33337854333333333334444443433333477434433333344344444433344444443443443576434444444444444443365644444444444444444444444444567753444444444444444444444444444444445444444444454455555554454544445444454555
44337854333344433333334433344434477434443444444334334333343334334434433576434444444444444434554744444444444444444444444444467753444444444444444444444444444444444444444444444444444444444444444444444444
44447853344444444333433333433433477424444434444334444433443344344444434576434344444444443334656744444444443444444444444444467763444444444444444444444444444444444444444444444444444444444444444444444444
44435853444344444444444433443444477424344443444444444434444444443334434575334344434444333334855743444444433344444444444444467764444444444444444444444444444444444444444444444444444444444444444444444444
44436844444444444444444443444443477534344333344344443434444433444443444674334444444444333444855743444444433334344444444444468764444444444444444444444444444444444444444444343444444444434444444444444444
44437844444434444444444444444443477434433443444344443333344443344444444675433544444444444443753643444444434444444444444444468764444444444444444444444444444444444444444444444444444444444444444444444444
44437954444444444444444444444444367334444444443444344334443444334444444676643654443443334442543653444444443334434444444444457764444444444444444444444444444444444443444344344344444444444444444444444444
44347944444444444433444444444444356434444444434444444333443444334444344676684575443344334453465553444444444344344444454444457764444444444444443434444444444434444444443433333434443334434433334444434434
44437843443334334433444444344433477434444444444444444444444444444443434576597377544444434444474453444444444443444443444444458764444444444444444444444444444444434444444444444434444333334333334444434444
44437853333333334443444444333334477423444444444444444444444443434444444676489457754444444344575464444444444444444434444444468754444444444444444444344444444444444444444444444444444444444444444444344443
44435854444444334433434444434444477434444444444444434444344444444443444675459756556433444333575574444444454444444445444444457643444444444444444444344434334433343443444444444444444444434444444444444444
55445854555444444444444444444444467434444444444444444444344444444444444676438976422344444333567964434433444444344444443444457653444344444444444444444444434444444343333333444433434434334444334444344444
55547854555455555555555555545555566424444444444444444444444444444444443376437996433334444444459844434433344434444444343333458754444344443443333444434444444444444444343444444434443444444433333433333433
44447843554454445544445555555544576435455455555555555545555555554444444576446998545665566566569744444444444334444443344343457754334333443444344333334434444444443444333344444444444444444433333333333433
34336853444444444444544444444444576334344444444444444444454544555555544675335999757766666666577545545455444444444444444444457764343343344343334444444434344444444444344444434434444444444444444343444333
43336853323234334444444443444344366334444344444444444444444444444555655676446899877666666655555424445444444444554444444454457764454444444444444444444444443444444443444544445444444444444444444444444444
44336853322333333433333334434334366434333344444344444433444444444444445675436678876666555554434322555444444444444444554444457765455555554444445544444444444444434443444444444444444444544444444444444444
34444743333333333233333334333343476323443344444344444444444444344444444676434456767665556555443221355555454444444444444444455565454555554454556655544444444444444444444444334444344443444444444444444444
33433344554333343333333333333343476423334445444453344445445444444444444676434556677665566655542222235555556665555554445555556555566555655666666665556655555555444444444444444543444443334433434444444444
44434334532333432243333333333333476424334333444444444444444445554444444676335656676655566654442232223444445555555544666666666666666666766666666665555565445555555545455544444555455444444444444434444444
54444444434443434334433333333333466322223333334444344444444444444443444675435687776665656786542223322244444445655766777666666777766778777777776665555556544444444445544544555555555554454444444434444443
32443345444444444433333333333333444322333323333333333444443433443343444675335447776665555664332222232133344467766666677667676778877777767777777665555566654444444444443444444445445555555555544444444444
33444434343444454454343443333432223323333332332333333333333333444443442475344137666665456310112222223333565446666666777777667777787777767777777665555566654444444444444444444444444444434445445555455544
44444443344454444454444444443332222333233222333343333334344444454433444575333476655554456321112112222333346633566667787766666777776677777777776665455555555444444444444444444444443444444344444445444445
44444443434444344443444323333333333333334433443333444334334443444444444676334666544454544443122112222233345552466776676676667666666677677777766555445455555444444444444444444444444444444443443434444444
44444444444444444444443333344444444443344443444444444344444433344445444676434555555434543332122212222223333344367776666777677677666666666667666554334444444445555544544445444444444444444444444444334444
44444345343344434434333444444444554333343344443443444433344443344444344675224545544454433222122111222222233345335565556777666666666665556566665444433344334456666655554444444444444444444454444444444444
54344444343444443433334433433444444333443445434444344443444443333443344564335569875434332233221111222222222234335654466677666666665555555556665444332234334444444444444445566555544445444444444444445445
44445444354444444344455444433445555444554564454444444443444443343443334664465598897433321232121111122222222222335543456666666666666555555556665543222223323434333333334444555544555555544444444444444444
33344444333333433334444344444444445444454445454444544544433334443444434664455898898532211121112111122222222222224443466666666666665665555556665532222223322345443333333333344443444455555555555444444444
44434433223333334434434344433454434443333444444444455555433334444434433444357999877532232111112111122222222222223334456666666666665655555556665531222222322244444444344433344444334344444444444444454444
44444444444444444444433444444454333444344443344455454455445444444433443332455677763432143111122111112222222222222334456656666666666555554457655431222122322234434444344434433444344333344444444444444444
44444445544455444454444444444444445433443433344445444445444554444544444543432444310152123112222211112222222222222233455566666766666555555566554321111122222234434334544444444443443333433333333444344444
44444444444444445544444444444444444444444344434443333334433454344545444543432333100342123122221111111222222222222233455556666666666655555576543321111112222234434444444444444444544444434434433333443333
44444444333334444444444444445444444334444334434343333343444444344555444544433322112332121121111111111222222222222223345555566666655555553465433211111111122244444444345444443434444444444444443444444333
54444445444444454444444555444434544443334434444444444444554454555544545545533322223222212111112111111222222222222222234555566666554455444564323211111111122244444444344444443444434444444354444444444444
44344455545444444444455543444444455444444434544444444444454554445444445544554322221222211101111111111122222222222222223445556556554444444453222211111111122344544443334444544544444443334444444444434433
33443444344444554444344444454445455444443344443444444444554444434444444454446332222212211111111111111122222222222222223344556555544444544432221111111111122334343333433343444443444443444444333443334333
44444344444444445454444445444454444445544444444544444445554444445443444444434322312101111111111111111222222222222222222234555544544345543322211111111111222333342233433333333443443454433444443443334333
45444444555444434554445444334555454444444443333444455445555554445444334444533444311101111111111111111222222222222222111233444444533444333222111111111111122334333333434444433333334434333443443443344333
34444444455445444344445434343444344445444333344334455444455555444444544455433332100111111111111111111122222222222221111223444434433332233221111111111111223543443333433433334344344433344434433444443333
43344454444454555455444444444444445544543344444335544443345555444544433555443320000111111211111111111122222222222221111112333444333332222111222221111111223443444344444433444443444444444333433453333333
44444444445544444545545445444444444444444444433446544443345554432232334543443321111111233431111111111112222222222121111111233343333222221112233222111111223444444343443434434443443334444344433343334443
45434444444444444444444444444444455445444554444454444444444444432233444434343332111113334452111111111111222222222122111111123333332222212221023222111111223444444333434333434443443443344334443343335454
34444444445444444444444454444454443444444454444444444444445445433444443444444333223234445455111111111112222222222122111111122222222222222200013322211111224444344333333434443343334334333344433333344354
33433443344445445445444444444444444444344454444444445544444445453444444444444333444544444456311111111112222222222122111111112222222222232001002322211111223343344433334444433433344334333334443334434443
34333334333344554455444444444444344444454454454444445455445445444444333444444334345555455456521111111111222222222122111111112222222222310011111232221111223333333333333334444443344434333433334334433443
34444334444344444544444445443433444544444334454444554444444445444444444444543334444445445456652111111111222222221222221111222222222233100000000232222222223333433332233333334344434444444433433345433443
43453344444444444344343444444433444334333344454545454555543445655444455555554444555434433456654211111111222222222222222222222222233332000110012222222222223333334332233333333344434444444333444454434433
34444334443434444333344434444444444344344334444445444555344444555544455444454454544443323246655311221111222222222222222222222333333321111112333322222222223344334333233333433343434444343333344444334434
34443333333333343343344334444444334334443333334344344454444345444543443344443333344443434345654211222112222222221123333333333333333222221123444322222222223344444334333334333344444444343344334443434433
44544433333334444443444444444344444343433444443444344444544444334443233444433443444444444444554222222222222222211123333333333323333222222223344422222222223344234333333344333443433443333344434333333444
44444443333333434444444333444444433333433444444444343444443433333344444434444444444443433444443346322222222222111123333333333333333222222224334542222222224543324433343334334434433443333444333333332444
34334334444333344444444444433344333323333344343453443433333433343344544445444444444444434444343579732333322222111133233333343433333222222223544553222222323445444433333444455444433343333433334333333333
33433233434434433333334443333333333443333344333444433433344434444544433444443334444344444443467767853333333222211234444444443443333222222223444343222222322444334434454443343343333333334333334323322233
33443334434343334333233354443443343444444444334333332233444433444443443344454444544434444444589754554333333222222333333433433553444322222222444444322222322343433435443443233344333334344333333333233333
44443344443443444433344444443333334344444444455444443333344343443444444354544444334444434444699963334333333322222333433434444443444422222232344443432222322333443343333232232433333333333332333333333233
33443344433333444333343343333443434544444444445444343434355444334433443344444444444444444444799996322333223322222334433333444334334432222232344344442222322234443432333333233223233332333333323334432334
33433443333333444444443444433334343443433344434443465344443443334444443334444443444444343345999987522333323322222333333433434333333332222232233333332222322223332343233342233212233333333333333334433333
33444343333433444344444444443444333334333344444344355344443334444444433334334343344443344346999976433333434322223333334743343434433432332223232333333222232222334544333432212222232233333333343333333333
33433433344444443334344435444444444445544333344344355443444344444444433444344434444333334437999865434433348732223433334433344444444433333223233344334222332222435543333333323334433443423333333343333334
33333333433343343333323344434444344445443343343434344433334444444444443443344434433333444448999864443433359852224433455433454434444433333223233444343322322112433443334443334443433333344444334444333334
33333344433333434443333344323343334444443444443343433344444444233444354444444344433444344458999754333344369743224434444444444444344343333222236644444332222112444543434443333333333333343443344433343334
33333433334333334333443333333322344444443333444444443343433333333344334444434333344434444468688544433344378532234444544334433333443233333222245535644433222113444444344443333344333433444333334333343334
32223333332333323322332343334434443345443333444444444443443334443344444434444334344434544577658444333344377533234356455444433333323233333222343444545432222223544433334343333444433333333333333333443435
33333443333333333323332434334433333344434434433443444334443433334444333443333344444333554777645444443443586432233445444445443323232233333222223534444432222224544433333343333443333333344333444434333445
23334332233333333333334533323333433444443433333233443233443444344333343334333343333334444776665444344433675443343334334434232334333323323222324544454333222224544444333542343554333323444433445443334444
33332233233343433333333433333333334334433332233334432333443443343344433333333343332124346776664334335433765443343333333344332344344445323222334544454344222224434323322343433443333333333333345534344544
43332223333333323334343333333333332322333333223333543323333333343333334434333222334323347776664235335534765433343333333244322374343444322223433433443323222223313223222233333334634333333334544343355533
33334333333333333343343333333344233333333333323344343333333333332332234433333333333323456777664333233326765443333333233333332265444333222223453342343124212222222222211232333323444233223433433443444444
33434232233333433343333343333443323333344333433333352233332333333343343333333333333453345666543443233436765443233333323332333365333333222224443331333234212222222123221233222223223233322323433333443332
33434333334433333333333333333433344443433333333333343333333333333433444333323434444543345565433444434336665442233333433333333343343232122223433432332122112222211123121222322123223233222221223522343333
44334333344344433344333323434443343333333443344333333334344333334432343322334433335543435665423343443326655432343323323333323432333232122223433333333112112222211113111322322122123311112462221111232233
33333333444323343334333334334333333344333434333334333444344432334433333333333333444434434454322343343335544322333333323233423334331231122223323322322121112221111121111221111122114411313231132111222323
22232212333433334444344333333324433334433444433344334333333333334434433333343333443333433443222333333234543222322322234332333333332221122223323222222221112221011111111212211112113311523234134111312423
22223122223343334343333233333444433434433334443443343333333333334333333334344444333332343332222232333333653223332423223233323333223321122233223222311111112221011111111222321111243211233246544423325433
32233233343333334332333333323433233333334334422233343443443333333333333443333443334333333232122223212233654224333323223322433233433211222342222111110111111222011111111111211111264222232333543323435434
33344433344333422333334333233333333333343333332223433344444334434433333333244344334443443332212222222134765333333333343433333223333211222332222111110101112221011111101111122343333443234334333234455335
33334444344433332433333333333333333433443333444334343444444444344333333333443334334443344333321222222113764333332333233333233223333111122332111111100011111111000012101011122223335423235433332334334444
33333444434333333433332223343333333344353333333333333344433434433443334334333434334422355433332122221114754233333323332234243223222111112321111111110111111110000142100111012233335324532334323333333455
33444434323322234443333332333333233334233223322333343333333434443333333334333443343323343333333211211114765333333223232123333233221111112311111111100111111110000142111322232232323223443234223335423334
22343433321222333333333443333333332333333333222334334333344333443333433232333443443334343343443321111115764342222334233233333223311111112111110110110111111111111112313222332243233222234333223335333333
22334333232222223322344443233333332334443344333554444344334444444344335433444434454444233334434432211117874233332223223333333322211111111111110000111111113101101211102223232233233223343344323335333333
33434322333233211222333443333333343334443453344454333334433544333344335444344334345444344444334433332137764233333232332323332221111111100110011010111111115201111222122233235333334312233443332335332664
34332333442334233333343333333344454334343344444444333333334544333334443433344334434444433344434334434456653233323323231311221122111111000110001111211111111111211122233332335234543533223543224433444654
33333423333333332422333333333434332233343334444433333323234433443454443333344444444443333233433334333356553122222223221211222222111111011111011111111111111221111233443443443343334643333443343333344434
34443333343322234443333333434454333344443434534344333333333333343443344433454443434443333443342244333444454111111123212112221122110111111111111111111100122222222234443443333443233533334453343234333334
33333333434332335544433444444543333444443433344343344344434433343334444444444333344443343333333333344443223111111111112111211122221122222111111111111111123232233333332333233333333323323344232234423343
33333443333333333443333444434433444443454443444344444324444445454445543344445443334333333334433333434565432111111121113222322343333332211111111111111333333222222343333333233344333322323333234223233342
23333343344333333344444444454344344343455444433344434444454454445444543444444444444333432345554334444565531111112223333333423442334332211111111111122333333222222343223333333333323322333332334233232333
32344333334332333244344433443423434444444334343334444443444444453344433333444334344334433444454443444554432212333324544334444444333321111111111111233333332233323342222334332343232322322332322234343234
33433343334433344334543333333433443544343333233333443333444443454343344333334434434444534444444433344444433333433234433334444444433332411111111222333333322333232232232334333333221322322321321334443333
23432233344443444344443333334434334443333333323343443344333343343333444343332433444443334543543334443444433444434344333334333433333333322322223334333332333333323333332333333333223452333222233222222432
23333433333433333434444335434454334333343344323333434443343333443333443443433344344444434443323434443333322345444243444444344433334433333334333333333333333233343433333333433343333444333222132122222232
34443333333333434444433443333344323333333444334443344333443433433444333443444443444433333343333333333333333333443234334333334343343345433444323333334433323324443433323333333332233222232222222333233333
34333333343343333444433433344434433433343334433443344433344443233334443343453233343433333334443333344433333333444334333333334443333443444343332333334334433334443234324434333333334322322332333323223332
33333443233333344444333433334433433334334333323533344444333343444544443433332243344333333333443333343323333333344444443333333334444433333334333333343333543434333244434644333323333333323332322222323213
33344353324443344323322322444322433344233334333543444544433333544543334432322333343333433334443334333333323343344434344333432344446433334433333323333333444443422422345443334333334333323322332223323332
