66321222221222567655223332223212333222322222356444343245875554455788888888888888888888888888888888865556677778888776345432323223322322234788888888888888888888888888888888888888888888887777777777787454
76311222222124667534323332223222312222354432233333332324643333334688888888888888888888888888888888876556676677887653344332222223323243234788888888888888888888888888888888888888888888888778887777787753
76312222222221367743232233323323212222376322234423222336633333323687888888888888888888888877646888745557666566787443343333432222333354223588888888888888888888888888888888888888888888887778888777777644
76322222222322368863322233322212223222376222334433223334642222223468888888888888888888888888645888755555557777787533332254433212323455344678888888888888888888888888888888888888888888888777877777777656
76321112222213788774322233222221113222376322333332222223321112232246788888888888888888888878744888854333357778677543333254333312223433345788888888888888887788888888888888888888888888887777787787777776
75322222222221477433222342224222222223376323223322223223431112222125788888888888888888888878645888743333358864334443333343222211222222236888888888888888864555788888888888888888888888888777788888877776
76323222222222374332333332324222221122376323223322222222673111222223367888888888888888888878645887433333356653222333333333322222222322225888778888888888744343478888888887777778888888887777888888877777
76323322331122255432233333422222211334377423223422223234663111232222344667888888888888888877755865443433333444533334333223332222222222236686578888888887543333357888888887776558888888888887888888887777
76345434432244334433333333422144333444267422223422223233232212232222233345788888878888888877754643343533322334555443323332222222222233233544567888888887443343445877888888876548888888888777778888888776
76235545555555444545444545444455444444367433334423233343332111232223433333478888876568886777754454444522222244676433333431222222222233322233567888888887643333445765888887777548888888887655767888778776
76334444444554444444444454444555555555556434445445455555554433444555545554577778864446674467753465444422222254444322432321134222233222333333467888888887643334466664888887776558888887786444445678558755
76334444444444444444444444444444444444555435445455455555555555555555555555565556655565555577754555556555555555555555555554455444446434434433567777877777433333556553787787777458877887664333333355336533
76334334444444444444444444444444444444566434445454454555555455455555555555555555555555555436743555556555555565555555655555565555557555555555565555555565555454556554565566776446666666554444444454434444
76333333333333344433334444443334444444566424444444444444444444444555555555555555555555555426754555555555555555555455554455555555556655555555555555555565555555556555555555787545555555555555555555555555
76333333333344433333333433443334444333476434444444444444444444444444444444444444445444544557753444555555555555555555555555555555455545555555555455554455555555555555545555777545555444445444444455555555
76334444444444444444444444444444444444476433444444444434344444444444444444444444444444444457753444444444544555555555555555555554444455555554544444554455555545555555555555677544454554444444444444444444
86334444444444444444444444444444444444466434444444444344444444444444444444444444444344444457764444444444444444444444444444454545554455544555555555554555544455555555555545676534455555444444444444444444
76334334343344344344444444444444444344466434444444444444444444344444444444444444444444444457764444444444444444444444444444444444444444444444455555444444444444444544455555787534455544444444444444444444
76334333333344333333333344344433443343466434444444444444444343444444444444444444444444444457764444444444444444444444444444444444444444444444444444444444444444444444444543477534444444444444444444444444
76334333333443334333333343334333434433476434444444444444433344444444444444444444444444444457764444444444444444444444444444444444444444444444444444444444444444444444444442166534444444444444444444444444
76334344434443334433333343334333333444576434334444443433333443334443444433334444444444444457764444444444444444444444444444444444444444444444444444444444444444444444444444476534444444444444444444444444
76323334333444444444433444444443333434575323344433443333334444344444444433334334444444444457864444444444444444444444444444444444444444444444444444444444444444444444444444676544444444444444444444444444
76434333333343344443333444433344444434475424444434443433344444444444444434434434444444443248865344444444444444444444444444444444444344444444444444444444444444444444444444676555444444444434444434444444
77434333343333333443333343443334444444476434334444443334444434444444444444323444444444431336765344444444444444444444444444444444443444444333344443444444443444444344444444677544444444444433444444444443
76334433343433334334333333444334444344476534334444344334444443443444444444312444444445422555865344444444444444434444444444444434444444444334434444334334333334444444444444666544444444444434444444444444
66334444443333434434333333343334433334576534434344334433444444444444444444522544444444433554765344444444444444444444444444444434444444444444444444444444444444444444444444665544334344344444344344434444
76434444444444444444434444344434343433476534444443444434444344444444444444652554444444444464664344444444444444444334444444444444444444444444444444444444444444444444444434676544334333344443343334333334
76424444444444444444444444343333444444576434344333333343434444444444444444583455444444446464564344444444444444444344444434444444343333334444444444444444444344444444444444787544334434433333333333333334
76423344434444344433444343444333443344576433444334433333333344444433434444486356644444446364465344444444444443444444444444444444444343344444434444444444434433433333433334787644434434433333333333333334
66324444444443344444444334443444444443476533444444433433333443344433433334477245654444436345465444444444444344444434444444444444444443444444444444444444433333433333433334777544333333333443344343333333
66424444444444444444444444444444444444266534444444444444444443444443443344447434565444434145464445444455444344433434433334444444444434444434444444444444444444444444333334776434333333333433344444333343
76434444455555555555544555555555444443476534444444454444444444544444544444446754344444445434573244444445444444444444444443444444444444444444444444455455455555555554444444786544443333333333444344344444
76324344444444444444444444444455555554476434444445454455444444444444544444445874211134446534562234444434444555444444444444444443443344444444455555555666566566555566666555776654444444444444444334344444
66334334443433433434444344444444445565576535655555555555555555555545444444445885311135347545332333333333334455544444444444444444444444444555556666666666666666666766666664676744444444444444444343344444
56434334344434344444333333344434444444576534554444455444555555555565554444444797442364356774333433333333334344555555555554444544455555766777766766667766666666666666666666556734444444444444444444333334
76323333333444344444434444444333444433476534443333344444444455554555555555655588666766566853543466664433445333445555555555455566567677877776666766666656666666666666666665666544444443444444443443333433
76423344434444453334434544444444444443467534443343333334443344443344444445555558877776468642233567775333666434344445555556777887777777766667666766666666666555666666666766556665433333333443444333334434
66423334333444444444443444444554444444476534444444434334344434333333333443444445766766558431112233333333577666567678886457777777766677776666666766666666666555666666666666655566444433333333333333334443
66422323333433444334434444444443333444576534544444444444455544444444443343344336666666645531112222222223377777888888886346777777777766666666666666666666665455566776666666665566654434434343333333434334
55321323223333333333444443333343333344466534544444444444444544444555444555454457667766644531112222222222377767888777786357878777776666666666665556666666664556567776666666666667775444444444444444343333
23322323322333333333333333333344333343257534454444454444444443544455444554454566666665543312221222222222476766777777886368888777766666666666666666666666654556667777666666666677777545555544444444444433
22233233222333343333333333444444434344467433443445544544454444444443343444454467665555543321332222222223565665676667885478788777776666666666666666666666655566668877666667666777777644455455545555544444
22333333333333333343333333443344444444577533443344444444444444444543444434444666555566544432332222222245555655666667775587777777777766666666666666666666655666678887766666677777776754445555554455455554
33443334443343344444334334333334444444467633343334444444444444334444444444456676555666544433332233333465666666666667774677777777777776666666666666666666656666677778766666677777766664444444454445444544
54343333344443443344343334433334443334467422333334544444444444443444444554456675555444443322443244555565665665666667774777777777777777666666666666666777667666777777777766677777755775444444444444444444
43333333334433444334343343443333333333455432222334444455443444444444445444446665554455432222453134555565666666666667675777777777777777666666666666676766666776666677777777777778645776454444444444444444
44444444455444444434443344434333344333465431112323344334433344333433235444446665556664422222443124445555555556666777775788777777777777676766666666766766765666656677777777777777632677444445444444444444
55544455455445444444454343333443344443455432222232333333333222433334444443446665567411112112343112455455555566666777886788777777777777777776676667777767765666555677776677777776521367644444444444455444
34444333334544444444555443333444333333343333332333332233443434444444443334446655564122221111133111344445445566667777786787777777677777777777776777677677655666556666666667777765421267754444444444444444
33444334444334444444445544544444433344343233333333333333334444444444333444446655454564222112133111134445455566667777776777677776777777776677777777766676545676666666666667777654311356864555554444444444
43333344333334445544444544454444454444454333332333334443334443444444334444446655455453322134333111124444455666667777676666567776777777776666777776666665545666666666666667777643211357875455445554444544
44444344334433334433334443344433444444453334333333333433333333443344344443346445555433322243322111113444445666677776676656557767777777766677767766666544435677677766666666776543212347877544444444444455
44334444333433334333334344444334455544554553444443434434433444333223333443455545554334222353222111113444456666777766676556556667777767666677677766655444335677677776666666666532123336777654433333344434
44443334433443334434444454455454554444554454444433444444444433243444433444456545643333212641122111112454566666777766666566456676776666666666666666554444345677667777776666666432123335656654433433333333
44444333443454444444444445454444544444544445444445444343444443344443443336656776543221114631132111121355556666777666654566566676677666666666666655444443346676667777777666666431233344445665444333333333
55444444334444344444444455444443444444445444444444434343444453333342333446555567643222135411132111121344455666777666643566666666677766676666666554444443346787677777777656775422233333345676545544333333
44444444344444444434434554444444544333434443344433344433444432322233332334785555542231333211134411122234455666776666533666666665667766676666655544444333456897666777776556875312344333334577655555444434
44444443444333344445444555544444544433444443334433334444434333333344432235997455444433431012345542112213445677676776535666666655567766666665655444444344556688766667765557875322443334434456776655555533
44444434332334333445544445555544444454445544444444445454444434444455443445888765445322331334444433321212345677666776556665556655566666666665555444444555566438766666655578875222443344443355566555444333
44444444333444433554443334555544344443355444445334444444444444444444555546677654444310213543433433343211234567666666567765555665566666666555554455566555565326866666655788864222333444543444445533343222
44444444444433344544443334544443222234444334444345444444444444444554544543443133375211234433523344444332123346666665566665555566676666666665555666666555554223776666667778753223334444434433333332112223
45444544444444445444444444444443223344433434444444344444545555444554444453221232255212243334522345544445432324665554555555455567776666666666667766555544432221576666777778652223434433334333333333333345
44444444444444444444444444444443334444334444443444444454544444545554445544212212224221233434533345544554433322354444555444455559987677776667777655554444322222387766777788651224445554334443333444344445
44444334444443433444454444444545444434444444443344555445544444434444444445432111112321233344544444434644323444335555555444555449988886777787665434555433222243277767777788642233444455434433443444444344
44444434445445444444444444444543444333344444433444455544453344444443444544443221112223444434454454544434222334346666666555554349987777787566653333443222223444248777777787631233444344444434444444443334
34444444433444444455444434444544444434544454332344444554444444444443444443433310013444444432444444433333322333335546766655544238877665777432332333333234334344427777887887522233443333334344434444433344
43434333324444444445444554344565554445545455444455443333323444433334434443333333334443344444444444343334323434333333766655544224544443454322222233334433334434445877788887632223444344334434334443334443
44433333333444444544455534444455564445434435434444444432332333333344334444444444343333434445445444543444323444444334766655643221122333333333333333344333334433333577898888742223444343344333343434433333
33434444333333334433444444433444454333234443333333444444344333334444334344445444543333443444334434444444444433444444766656653112233334334444444443344333444333333368889888852222343443344333333344423333
34433343333333334433444444444433344433444433334444444443344343334344444444444445534334334434444323345544444444455444777656652122344333344445444433334333343334433337899888872222333322333444333343333333
33444343344444444533344444433333334444443344444444444333344443333344444444444433344344444434343433334434344455434434777657642222343334445433334333333344433333323326899888884222256223433433324443433434
33333333334334445344333333343334324444444444444434444444444434443344344434444443334444544344334334434433434444444434777667632222344543345333344333334433333333333334898788896222389533333333334433334434
22343333333333334343343333443334444343344444433344433444444444443345434444433444444333333343346334443444445544444434677667642322334433323333333333333333332333333332698888898322398753233333343343333333
33343433334433333332223334443334434344334455444444444443444444443445444544333444443343343344444444444544344454444444577666533333334323333324322323333333333333334433598888889522398753333334333333333334
33334444444444444434323334433344334444434444344433444333444434433444444444434433433443333344434443345543344444433343667666532322133423334322321223333333333334333333379988888832388763334344343332333333
33443344444445544433333334544333443344333444345444444344333443443444544344434343332333353344443333333343553343333333677654431211133423334221222333334333333334333334349988888873268764333333333333433333
33454344434443444335433434344333444434333444444434344433433543333443443443433444343333464333434444444433543434433344778766435432233333333333333443344343334333344433336998887875247654333333333333333333
33334333234443434335534434333343344443333333434434443333433333343343344333333444443333353333544444444433443444434434777877435873333434434433444343333334344334443334334998787765226653332333333333333433
33333443333333434434544434433443444443334444444344443334344344444444444333334444443334544344454344433444433444434344777788434785333444434433333333333345443334433344333798676666323642333333333333333333
44444554333334333434443333444444444444434434433343333333444444433333333333344344443344444544444344433433434453442455767777642586333344444333334433333443333333333334333598656665322543333433334443332343
33444444334344333333334434444432334434443443434343334444434433333443333434443455444454343344334343333334643444432345666666542486333333333333334433333333333344443334343588657765322334333333333333322332
33443444333344434343334344333332333433344343333333444344434444434443334443553455444654544454343332223236553444333342666553332165323322333333334333343334433345443333334359767764222335554334344333333332
34444444333344444334444334333344433443433344333433443335444344334333334334442343344543444443332333333236444343223332665533322235422322224323332234432244434334552333334447788864222233564343443333343333
34334443333343444434443334343333443433334433333433333335443454334443444344432334434443444433323343333435324333322322465544531212422221112233322233222223223334233333332336778875222344333323432233233343
33233433343443333334433334334433333333333333334333332333322333343343454333344433534444433544334544344432324332222222255554421223443221111222312221122322133224222232131124878864222333213332322233232443
43333343332223323343223335334433334343333333333333222233323333432443553333344433433333333443334644334322324214311111147654212353254122111122211111112222222223111222111111777764222211211221211112232322
33333333333222333355233233333333333333344343332223333233334333332333343233444533343332333333333644343232123115311231147655322232145212224311111121112112232212241122111121687764222211111111121111222312
23232233233322333434333233333333233322443332333333323333433434433322344233334543233333333333334634343322231111111231136656321222125322336521121021123112233311231122111131687764222211112111121121112234
23333333333333333334323333233333333334433333233333335433333432344443343334333333333334333323344334423321121111112221127655432221136422232222121032023113336512210121111232687664222212211110131132111115
33333333333332333334323333233333334334443322234443345333334442443334432343323433433233233333243323332321111132332222237766432232234422232123321035133133344423331032111242687765222222121111111222111223
34443333344333343333333433333233444223333232333333444343334423434333333343323333332333232324233342212333221133343432337776532122221222244356321034243233354564364342213343677765322322111111331221111232
34323333334333333333333434444233343333333333333334433343344335434433332323322223223222243323233333222342242333344532247767764221352222235436543146533335544464533443433645767765322233211111121122111333
33334443344343333343344333333333343344333333433333333334333343332333333322334334324232232233233332334343333443332333246654664321352332332343355335423333443344333435444554667764221133111111144443212333
43333343333344334433433333333332343333333443434433333333422332333333333333333233333232333224332334323333324453323332256543333222223342333444454343434334653334343435444433678865331244111111133543233232
43343333333343333333334333333333333333334433334433342344433313333333433333443333333333444333342233323233323333323332465665432112323542322344433334644343334433233443455544667764241233442121122443322232
22333333343332222343234344533343343333233323443443354434433233334433423332333433323322333232332333332233333333333344443454332122334742233344433333543455333531333543333434566763342232433232145433322343
33333234333333332334334344543333443333333334433343344333453333343334333343443333333333322333333331231243333234343344433233244232324643322344333333332243333432333543343335566754331465312232343432224533
33343334333333433333334344334344334333333343333343333223544333332343444343343333332223321233333332332332333334333224344332344334333442333333223432332233444332333533344555656642232235335332344653345532
33334433332322224333333333233344433333333333344333433333333333333343554344443433333344332333332234332333423345323223344333343234343332233333333322442234334423333633256445665432343354344434333555333222
22323332332332233333433233333344333333332324334334434443334344333333454334344333443233233443433333333323324433323324434333454233343323333332543344342233355333344433466434554333434554334433333444233322
33233333333322234434444343343444443443353334443344544442333343344333343334434443433323333444443332333333233322233347333343433233433333333333443446365333354443343433553443332344433344433333333333133632
32333344434433345433433343345443333343354433443343444443444444343343344443433433333333433434333332333333333322333345444333334333333344445535334433365334445534333432434433223453444433343343333333333432
34433343434434434433323333344443333344433334443344444443333335333343333443334433332344444334333322333433334344343343333223333332323343434433344333343333244434323443434432123435644344345423435634323445
45433333333444444333333232344344334444433333544434444433333333322343333333343323344344443333333333222333343344323343442222232323333433333333344333333333233423332423334322222225435544445433335523332466
33223333333344343433333233333334434433444334444334344433333432432333443233332332344333444333333333333333444344433333443333332223223433333333334433333333333233432323223333422134334444323322333323333465
33333334333243343433333443334333443344444444444333344433433334333333344344322443344334344433234433444433333333333432333333332222224432333333333333333233233232222434332443532334433232232342333333346545
33344434333333444434443344343444544344433444454434443333322354443344344433434454344344444434334433444434334333333442433333322333333322323453323433223233223223123454323343544424533343343343332335644445
33434335444344333343353344444544454445334444444344443333323355544344445533444334343345543344444444244444334443333333333333333332322323333333332332234323222223333332234222234323333365342244233344444444
33433333444443333444444334444444433444333334443343343344434444444433445444444334332344333344434444343444344443333333333323333333233334333333333433336543422212322322323222123245333256332333223333335444
33344434333333333344433334443334533443433333344334345444344445443334444444434444343443334443434433334333333333333333333333332333434333333334333333333323322222223323333223234343333335423323332433333333
44344333333332333334433344333433333334443333323333444433335434334334434333323454443434444444344433444344334443333333344333233244433333343343333333342233223333332332333322334332333233223222333433333223
33434333333433233334334433333334433334434433333433444434444433334333333332333343432343343333344443333455344533323333343344333344442343344443433333442232233223322232331233333443313233223232343333332322
