21221112323367422112222212687874332233322222123321266422233433223323542222222357888888888888888888888888755888755556656777787544332334432222323355333478888888888888888888888888888888888888877777777777
12111112322257422222222221478543322243223222222222266422233332222323321112232235788888888888888888888878754888865444357878778643432254333322322444344578888888888888888888888888888888888888887787777777
11111111322167422321232222266332333332224422321123366423223332223222452112222124778888888888888888888878754888853333357766556543333344323321222332235788888888888888887788888888888888888888888888877777
12111113334247533422232113156442223332433323221223367432223332222232584111222222367888888888888888888878754888533333357764333333333333322222222322224788888888888888874455688888888888888888888888888777
34333445555457534433442224334442324333432224222435367522222432223323564211232222244667888888888888888878754876443333344454432233333233332222223322224788778888888888854334358888888888788777887888888777
55555555554577425555554455545544444444544345444445247532223422223333232212242212243345788888887888888877764743343433332334644444333222322222222222234576568888888888643333346788888888777656888888888777
44444444443467534444445555444444544455445555555555466533334533334344343211242323443333468888887668887777764554443632323244466443333432222232222223222454567888888888544334344787788888777656888888888777
44444444444467534444444444444444444444444444454455555434555555555555555444555555555554577777875446785467763365444522222244565422342431123222222233333233457888888888744333343685788888777645888887778865
33334333344467534434444444444444444444444444444444556534444455455555555555555555555555565556665566565567764555555544444454444333443432235222235222233333467888888887743334456674688888787646888887788544
33333333333367533333333333444444334444444334444444566534445444454555555445445555555555555555555555555546753555556655556665555555656555555555547544444443567777777777543333456563588778777646877878777433
33333333333367423333333343443333333333444333444444466533444444444444444444444455555555555555555555555425754555555555555555555555655455555555556655555555565555555566555544455554566566777636776777654334
44444433444467534444444444444444444444444434444444476533444444444444444444444444444444444444445444555556764454555555555555555555555555555555555655555555565555555566555555556555555555677645555555555555
33444444444467524444444444444444444444444444444444466533444444444434444444444444444444444444444444444457764444444444555555555555555555555555455555555555555455554455555555555555545555677655555554445544
33334333344467524434444444444444444444444444444444466534444444444444444444444444444444444444444344444457764444444444444444444545555545555545454454555555454444555455555555555555554555577644555444444444
33333333333467523333333334334343333344344444444344466534443444444444444444344334444444444444444444444457764444444444444344444444444444444445554454544555555555554555554455554555555554577644555455544444
33433334433467524433333443434333333334333433433443466534444444322444444443442123444444444444444444444457764444444444444444444444444444444444444444444444445445544444444444444454545554677644555444444444
33333334433367523434443443333433333334334433444433476534444445511344433444431254444444444444444444444457765454444444444444444444444444444444444444444444444444444444444444444444444454467643444444444445
44333343443367523434433344444444433444434443333444466433334435720343334444331455344433344444444444444457775444444444444444444444444444444444444444444444444444444444444444444444444443137644444444444444
44443334333367633333333344344444443444443344443334475323444435741243334434442445444433333334444444444347875344444444444444444444444444444444444444444444444444444444444444444444444444356543444444444444
44444443443367633433343333433443333334443334444444476434444444783144344434444536444443444444444444444457865344444445444444444444444444444444444444444444444444444444444444444444444444567644444444444444
44444444444357523444444433334334433343444434444444477534334444797234444444445646434443444433444444444446775344444444444444444444444444444444444344444444444444444444444444444444444444566655444444344444
43344444444337434444443333444434433333343334444334477533334443588324444443445636434444334434444444444446875354444444444444444444444444444444444444433333434443434444444344444434444444577654444444444443
44444344433457533444444444444444434444444434443333477534444444478523444444445635524444444444444344444447875344444444444444444444444444444434444444444434444444434434333334444444444444577654444444444443
44444333333367523444444444444444444444443434443343477533344434477513344444444515534444444444444444444447875344444444444444444434444444444444444444444444444444444444444444444444444444565654344444444433
33344433344467523344434444444443444344444334443344477533444334567732344444443534534445444444444444444447864344444444444444444344444434444444444444444444444444444444444444444444444443576554433334334444
44444444444467523444444443344444444334444444443444477533444444667852223444444642534444444444444444344446765344344444444444444444444434444444433333334444443444444444444444444444444444677653434333343333
54444444444456533444444444444444444444444444444444257534444444567873211343434653544445444444444444333446865344434444344443344344444444444444444333344444444444444444443333433333443333687654434433433333
55555555555567534444455555545555544455555554444444356534444444578984210144434665733445345544444434434436865443434344344444443434444444444444444443344444444444444444433333333333333333587754433333433333
44444444444467524444444554445444444455554555555544477534444444568985232245334578622344344455544444444446776333334344434334444444444434444444444434444444444444444444444444444444433433577533333333333344
44444444444347524434433444444444444444444444555565577535554555557996466665555588421233333444444444455446776444444444444444444444444444444444444444544444444444444444444444444444444443687553434333333433
34334434334336534334434443444444433344344444444555577535655555555688776666765786321122223333455555445446876445554444444445444444444444444443444444444444454444444554445444444444444444687554444434434333
33333433333367523343333443334444334444344434444434477533544344444577666666565664222353222233445444444446876445455555555555554554444454454554444444444444444344444444444444444444444444686664444444444444
33333333344466523343544544454334444544444433444434467633444343333467666666555354233465543332334444444445775344444445555555555555555555555554444444544444443444444333444444444444444444687763444444444444
33333333333367523334433444444444444445444555443444467534444343443476666666544433223556654543223455555555776455555555666666655666665666656655566665554444555445444444444444444444444333787753444444444444
43333333333357532323333344444444444444444444443444466533444444444666666665544432122345766652123345555444466556557777666666676677777777777666777666555555555555554445444444434444444444777653334443344444
33333333332355431323323433343333444444343343333344476534544444466666666665555421112222456663222223333345677677677776677777788777777877777777777666566554445555555555455554444444444444677653333433333333
33343333332223332323332333233333333333333344444344257534544444556677666666555431222222234465433535644467666666677787877777778787777667777777777666666665445444445544555555555555544544677754434443333333
44444433342222233333322233344333333334444344433344357533444445666676666665444321122222222354556657774345556666778777777777777777777777777666666666666666654444444444444445455554455555677754444444444444
55433333333322233333333333333344333333444344344444477533443444477776666666654321112222222233445667666335566667777777777777777777777777677766666556666776665444444444444444444444445455688754555555554444
44323333443444444334443334334444334434333334444444467643443334247666666677532321111222222222344556667435666776677777777777777767777667667766665556666777666544444444444444444434445455675754555444555554
34334445443454444334344444444344343334434344444434467523343335447666565563100121111222222222233445666635777876667777777777776677666766667666665545666776776654454544455444444445444444664644555555445555
33443443443443333334334443444334344343443333443334466432333334576665555651101121111122222222222335666644676765677877776777676666666666667666665444666766677765444545444454454545545544666643444444444444
44543443344544444444445444444434444344444333344333465431222334566655544554422111111111122222222225656633676656777777776776776666666666667666555444566776677756555554444444444444444545776644444444444444
44444444444555544455455445444444454344333444344343466431222223566445545444321211111111112222222225556635765566667777677677677666666666677666555434556776567655655555555555444444444544777644444544444444
34434433444434544333344544444445555443333444344443355433332333565444455433221211111111112222222222344435554566666777777777777666666666777765445433456666567754775444454445454444444444786544444444454444
33334443345333444334444334444445445543543444433344333243333333566554455432331111111111112222222222222223222345666776777777766666666667777765445433455565657743886444444444444445444444776643443344334444
44444444444444433344343334445544445544444444444444443333333344555566544323311112111111112222222222222212222222466666677777777666666667866665344433455555557751698644344343444444444434567644444443444444
44444444444444444344334433344433334443345433454544454334332475665444543212211122111111112222222222222212222222256666677777777666666567765664244323455555556653478864444433333433433343157644444544544544
44444444444444334444333443434333334344444434444444553444444566998633332111111231111111112222222222222212222222225666677777766666665577765663244333455555555644568886554444443444333333257644444544554555
44455544443444443344443443334434444444445445554554564553444457989853322111112231111111111222222222222212222222223566777776665566555676655652244334444555444533468887655444444444444434678643333344444444
44544344444444444433443454444444444445455554553344564455443459989865223421233211111111111122222222222222222222222566667766655555555665544542254334444454433324457788665544444444443344676633333333333333
44444444444455544444334444344444444455444443444444544445444579988863313422222111111111111222222222222222222222222456666666655555555555544421354334344443322244356679865443443333433334676644443333334333
44444454444444444444344434444433444555444343543444434444345257766443221311211111111111111222222222222212222222222356655555555555555555443322554344444432222344354568875544444334433334677654433333333333
44544433455444444443444343344444444555545444544433444453335234442014222301101111111111111122222222222212222111222355555565544555555454322213654344344432222333443458976554344334433334777633433343434433
44533433344434444544332333333445544455555544544444444444444322320034233211110111111111111122222222222222221121222355555555444444454444322214654344345422223434443346897653344544333345777533433333333344
44443334444444444444333444433554444345555544444454455544444332211232232221112431111111111122222222222222211112222345545554444444444432222225543343334322234444443445799754454333333355777533454333433443
54544444454444444444444443344544444334555443333333354444444432223222211112234441111111111122222222222122211111222344554444444444444322122226543333232222244444343444689975344334444346776544453333533433
44444444443445444544454444445544443444554443122244443334444432221111011124444541111111111222222222221122211111212344444444443444443212222236543332122122343344343334578886434334454445776544443334443445
44445444444344444444445444444444444444444433234344434444444432222111011235544531121111111222222222221122221111112344444344334444332212223336533221111222444334433433457777643344444334776534334444443444
44444444444444444334444443443444454444454544334444444444443332211101111344555421244111111222222222221222221111112334444443333444322222223345432211112223443334434433346766654434443334777633333444433433
44444444444434444444445445444444544544444544434433344444443343310111123344444311344421111222222222211222211111112234444444433443222232123345322111122223444334444433444555455443343332377633434443333333
44444443343334454444433445444455444444544543444434444444333434442112443344444311444543111222222222222222221111112344444434433333223331023355332211222223434434444444443434544543443343267634444555433443
44444444433343444433333444444455444454444565544444555455433445543333334444444212444444321222222222222222222211222344444333333333333310023354543222222223334444444444433331333443443344566533434445534433
34343334443444433433333444454544455544444465554445544445445555443332323333333113434443462222222222122222222222223344444333333333333300013356633222222223344443444444334332123334434445766533334344444434
34433444444443433444333333434434445444433454464344334434333334444333333333334333334444354222222111111222233333333444444433333333333310013366533222322223334444444434334333212223444435776534444343434334
44444444344434433344334333334333445444444443344332334443334333444444444333344443344344444332222111111122233333333443333333333333344331332366532222222233344343344333334433422222344435777533444344334433
44443334444433444343334444444534444444444333444444443334344444444443344343344344444444444432222222111122333322223333333323333333443444553366433222212233344443344333444433333222223335776533443344344343
44433443343433333333334334445343333333343333323455444444444444444333444433343344444444444443222222211112333333333332333333234444454544454366554322212233334444334333344333433332221235776531333443334333
44444433333332343333334333334343343334443344344444344444333434434444444344443344344444444356322222221122344334334333344444435434444433344377654322222233333333334344433333432333222225776421243332334343
23335443333333343433434333333332223344443334444344334444444454444344444444443345344544434349622222222233345344433444444444445445544444444377654322222333333333334434433333333223322325666421242223443344
34444434343333334444444444443433323334433344334444334454444433444443444444444445445544334448422222222344444344445544444444444444445443443378754322322333333343333333333333333333332235665421232234333333
34334333333343444344444445544433333334544433343434433444344433444334444434433444344444434435222222223444443443446444343444444444344444443368654322322233335687533333333333333433333445554422333333233333
44334333333333344344334443444435433434445333444444333444445444454443333543443444544344433342222222233344434333334343453343442343334443444357644322332223349999843334344333333333333344443333323323333344
44444443334433333333234443444435534444333343444444333343434434444434434533333443443443433321122222364334443444343333553333433343434443434336655332244223369999974333343334333333333334333333333333333434
44443434443444333443333334434434543434433443444443334333444344443333444333443443443333333222222222453334444444444433433434334434434433334346555332333332279999865442333333344344333443333333333334333333
23344444444444444554333334343434443334444344444334334434434344433344444444344444444333333222222222443345544344434334434444344434434443334447665422433333279899755444444433444333333433333334433333333333
33334433344333434444344344343333334444444433334444443444434443334433444434333333333433332222232353444444544444443334434444664444544444434558876323423334378899765445443334443334333433344334333333232333
43333332232233443444333334434444334444332322333434444443434343344444434433434443334434532222233663443443434344333334534444553464444443444458986424524334378887667644433334433344333345544564443333333433
33333233333334444544333344444344444334333344433443443344333333443444444444344433334434532222235764444443333333323345634444343455444433444458987644324433347876678753333433333344333435643443333333343433
33234333343334334543344343444444443344343333443443334334333443433345444344344444334344622212236664444554432323223335454342343455444334344458877632334334346766677775433344444333344555544333433344343333
33353433333333234434343443333334433334344433433333333333334333333334433454344444443345632211137633444433332432333345354342354455444444333446977532255234346667777676443344554333344465533444333445555333
33453332333343343343432223333343223345335434334443333333334333222333322333443433453334631111256532334433323444343444334343455545433542333325976422233243334445777787433334553334444445533343334443474344
43333333333332333333334222333345233333333333333333343333333233332233333334422543463334632111566432333433336644344543334343343334433333222316966432222233323433577887533455433345423244323343334344464347
34333333343423332233233332333344332332333333223223443333332223333234334333322333343334642112555322333333325643443343333343334323322332232127765422122123222333378887653334343344323223325543344345455446
33344343334422333333333333334334223333233333333324333333333333334333333434433322343333663112465322333333335634343355334432433323332232222137765322213322222212247887652223343324322222434422343222234544
33333332343333333334333333333334323333233333334344443332233344345333333432445443433343765323366433433333334434323344342343333213322222111167654211112321111111216888763113231223211121222221233211134333
33233233343334434333344333343333333433333233444233433222344443455333334433443334432344754223356534333333343223323332332333223233321122111376554111111111111011113777875211111122111122432321134211145333
33332343433333324433334333333333333434443233453333333333333334444343344325444334332335854223356544332433233422223332333233323222121111011666542111111111110011111577887412145232112022322542245222224342
33333333332433334443344343333443343333343333343344334333333334333343343335334333332326864333346544433323333333312323232232322221111111114666431011112511113143113365788752264232113122225745442122212334
34423333334443333443333344434433333333333333443343333433433433333234333333333333333226754323336545433332333322233322232222221111011111556654331111112412135225312366766763244334303233556535421222322233
33323333344433343333333343333333333333333333333333334433434433433434323323343333333236654223346556443234333333334322211221211111110111366553321111111321335126524336645543343434313454544333333223323454
23343332333322233333343333222344234344433343443333234323334433343344433323333333433435543233357667443333332233332322111111110111110011365543321241320343454233334334654433322335434543454443433234335554
33433323233333333334333334332334334344543333443333333334433443444434433333344434333347432133366665433323332333322221111111111111101012656544323421211345543323543324544333333433454433454443443345335443
33333334333333344435433333433433334344334443433333333343333433343324553433433344333367432224566432323333322322211111111111121111101235556554335632223323433323543455333532334433345544454333444434454423
33333233333332323433332322223333333333234344333333333333344333332333433333333334443366543235456542221233322311111111111111141122113444465432224643333433333333332344333432334542333434343343444445445333
32343333333322322332332332233333433233333344332333232334344334333433334434343344554445443234345642322333311212111111111111111123134434343232232342333333223423332333443332333433333424333343432565444343
23444423334333233333334332235443444433443344433443343324343345444433333344343333453454332245432322222332222121111111101133121123244433442233333332233333333323432234434433333533344434444332333345445432
33345333333322333344434433345443333343354443343442454434443344554533334433444333443454211245432222222233322211122111111112122225343443553233443323234323643333442223355323333533267445544423344464444434
23333333334335433443434444434443333343354443333344434333443444344443444444343343343444211323332323322222211111111111111211233356343343333333333323333333543456353333355432443335565334543333444554334444
23433333333344333324433444444333333232344344334444433334444444344433332344333343343343212211221112212133221101212111122223343345443333334333333344444435334423365333345434333434433433332343433344434333
33333333344433223333334354443433332232333334434433444334545333445433344333323443333332222221223112333233323222223322333344333333332223323233323444435433344433343333345434333443434423223553444433333343
44334344445433334344333343443433433443334334433334444344443333444433433423333334443343332322344333443333333333223333443344333333442222322323333334233433343333333333333423222433334322223435644444345523
33344443344333344434444334434334433444343445434344433444444333333333333344333333343344322433344333344433233433333333433344433433443334332223224433333333334443333333333323432423334323322225435534445533
33444434444434434335544443333443343344434544554454334444444344433333323454443444344434334454344344444343334334444333333332334433333333333222224422333433333332333233333233333333233344412244334434323332
44444335443333434443444443333444445444444444543444333344433343433343333454544444456434454344343345433444344343344344344334433433433433222433334322333443324333232232233232223444433443533333443232232342
43433333243244344434333333332344433434443334433443333333443334344444344444444333444444444344333344333344444443344444344443333233334333333333323323333432333422133223223223233443333333544324533443333343
44333333343334344333333432333344333344333433433334443333333334445343345445433344444444334443444443333343344333333333343433333343333333333333233334333333333423346433322223322322233222233223333375342234
44433343444433443334433432233334334433333334423344334343334433444434344434234344443333234554443444444443443333444333334333333333333333332334344333333334234333334433322213322323323233222355332266333333
44434443334533333333333433334333443334334344344433344444433444443333433434334333333333333434432334344343344434434464344433333333443343232344343333343343333323332223222332333323333323233233333335423323
43344333333432233333333333344434443334444332333443333334533333434333333344423334444333323334433433332333444433335444433533333333443344233344432343343443333333442232233233332332332322334432323233323222
33333323443344333343433343344333434333334433344444434333323433433333333334433333433233333334444444433333333344544333333332333333443345434343333443465433333343433333333232223232331232233433313233223232
33233334343334333433433333244333455343333344355443344323223333433333333344433333433333333434444344433343324444564433343333333333333344435343233233554333343343443332333133223332333333333333335433333233
