55555555555555555555555555555555555568999999754444332221112466666676799999997555444543455566566666666555665666666665566555556665566555566666666655555655566555555566555566555566677666656555566655556656
55554555555555555555555555555565555558999999754455544332211356666665789999975444434433455566666666666666666666665555565566555565554555666666666655555655565566666666555566655555667765656555556655556666
44555555555444454555555445455555555557999999756777665433222357777766799999864444433333345555655556666666666666655555655665655555544565555555556655555555666666765565555556566555556656666555556655666666
44555545554444444555555445555555555557999999878888876555666677778866899999754344433322344455655455556566666655665666556666655565555565555555555544555555555555666566666555556555565565555555555655566655
44544545555555545555555555555555555557999999888888888878888887768866899998653344322222334445664445455566666655655556666655555565555565554555444444445445445555555555555555555555555565456655544555566555
55555555566545555455555455665555555556899998777776787777888876568877999997543233222212233345654344444566667666655556655556555555555554454444433444444444444455555556556655555555555555556665545555555555
55555555665445555455555555655555555677788777777777777777788776557988999996532222221111233335554333344555666666665556555556555555554444445533444555444555544555556666556565566665555556556565555555556665
56655566655554555555455445655555555788877777777777877776776666656998899876422222111111222235554333334455666565555555555556555556554455554545545555445555444555556565565556666555655555555565555665656656
66656667654544555544444455544555567887777777777777877776666666655898788865322221111111122234543222333455566555555665665556555556544555554444545555455554565555444555566666556665555555565566655776557656
66666666655555455544554555545555677777777777777777777666666666654688767764322211111111122224443222233444555555555655665555555555555556554445444444455655655555455565566555555565455555555556655666656666
66666666666445445555555555666667776677777777777767776655555566553357655553322111111111111123342222223344445556666655655555555555555555555555444455555556555555555555555555555555555555554555544555555566
66655665555444555555555555556677777777777777777666666655555566543246655542222111111111111112232122223344445556677665565555666555555565555555555555555656555455555555555555544555655555555555555555555555
55545655555544555555545555567888777777777777776666666655554555532236655432222211112111111111121112122333455666677666566556665566555666556555555556665555455556555554555555555554554455555555555555555655
44444555545555555555555667777888877777777777776677666655544444431235544332222222222211111111111111112332345566676566656555555555556656656555555555555565545555555455555555555544554555555555555556555666
44434455444545444445678888887888877777777777776677766665543444432234433322222222222222211121111111112322345556665556655555455555556656656656655555555556555555655555555656555544555555555555565555566666
54434455444433344445788888888887777777778888777777777766554544432222333322222223333223322232211111112222345555665555555555555555556655555555555555555556556555555555555555555555455555566566566566665444
43444455444443334456788888888877777777788888887777777776544444332222222222222223333333333333222211112211245545665555556655555555566656555555655555555555556555555555555555555555555556666666666555554455
33343443344443344567888888888777777788888887776656667776543333332222222222222222333333333333333211112222245445555556656556655655676566555556555555655544554565665555665555555555555556766555555545556666
33322433444333444567888888877777777888888877665554444566543333322222222222222222333333333333333322212222343344555655556656555555665555555556555555555445544565555555555556666555555566666556555556666666
33223334543334445688888888777777888888887776655555554344433333322222222212222222233333333333333333222222333333445666555554665555655445665555555555554455444555455655555555666666666555565566655556666677
54345444433444455889888888788887778888877777666556555444323333332222222122211222233333333333334333223323333233335555555555655555655445556655555665554555555654555655555545667766666666665566655566666666
55565555444555545899888887788777788887777788766665554543322233332211111122211222223333333333333433323333333222234555555545555556655555656655555565554555556655656655676655654445666666666555566666666666
65555555555555444799888778887777777777888888866666554332222223322211111112211122222333333333334443333333333211224555566444555565555556556555555555555555556645666667776656765666666667666555566667776666
54444544455555445788887778877777776567888999875566654332222223332221111223211122222223333333333433333344333211123444555544545565555555445555555555555555555555677677777677876666665667666666666777777767
43455544455554466888887778777777778667888999875554554433222222332222111234421122222223333333333333344444443211123344445555445555555555555555555566666666656766678887777777666666656666677777777888877777
34556533444444567888777777777777778888777778754544444333222222232222221243332222223322233333333333334433443211222234344555555555555555555555555677777766666886789987777766655666666666666777889988777777
56655444433335678887778777777777778987544444433333333333222222233222221233233222222222332332333333333433344321222233234555555565666666666666666776677555678987889866666666555666666766666777888998876777
67665554444557778877777766666566788885322111112222222333222222223222221132223222222223333322333333333334344432232232223456556666555565566666666754689878889987887666666656656667777777767778888888787777
66565544445667777777777666555665468874211210001111222233222222223222221122222222222223333333333333333333334443332222222355555544445444344457778856899877788887777765666667776667788888777788888777777777
55555444555567666667766655556777667764233320000011111222211222223222210121122222222222233333333333333333333444443333332233433334445555465579999877777767777776666655666667766667788998888888888776667667
55544444545666655666665554566677777765444442100011111112222222222222211121122222222222233333233323333333333344444333443333333443344555798888888776666666666666667666677666666677788898899987777777777777
44444444556666555555555554566666666666555443210000111111222222222222211122111222222222233322233333333333333333344444444333444453233334567777776666666666666666788877778876677777778888888877766667777778
44344555666555544455544444567766655555455443321111111222222222222222211122111222222222222222322333333333333333333444444433444444432333355666666666666666666667788888888766677777887888888866666777787887
44445677776655444444433455566665444443445443322222222222222222222222112112211222222222222222222333333333333333333444444443444444444322334456655666666666667767777776787666667777888778888765566777777887
55567777776665443443333455566554444434444433222222222222222222222221122112321122222222222222222333333333333333333343344444444444444322223445555655556666667888986666566566666666778776776666667777777777
56666667776556544443344455555444444333343332221112222222222222222221122111222222222222222222222233233333333333333343344444334444443332222344455655556666667888987677656667777766667666666677777777766666
77776556666545554444444555544443333333333322221111222212222222222221122111122222222222222222222223323333333333333333334444333443333432112334455555556666655678777567766666677777666667777777777766666555
99876655555554566554444554443333333332222322222111222221222222222221122111112222222222222222222222223333333333333333334443333333444442111233445555566666664567655556776666667777777777777776666666655555
99976554455554456654444444444333333322222222222221222222122222222222222121111222222222222222222222223333333333333333334433333333444443111123444555567766665456654555667666667777777777777666666566655555
99998666444454434555444444444333333322222222222222222222222222222212221222111222222222222222222222223333333333333333333433333333333333211123344455556755555446655566677777777777766776766665666665555444
99999866543344433445444443333322333322233322222222222222222222222112211222111222222222222222222222222333333333333333333333333333433333321123344445445555555434666677787777777676666666666655566665554445
99998765433334333334444433323222223223333332222212222222222222222222211122111222221222222222222222222233333333333333333333333333334433321122334444444554444334667788888777776666666666666665566555555444
99887655532333333333444432222222222223333332222112222222222222222222221121111222221222222222222222222233333333333333333333333333333443321112234433334454333334567777888776666556666666666655555555454433
99986665543333333333334322221222222233333322211122222222222222232112221111111222211222222222222222222233333333333333333333333333333343332112233333344444333345567777778776666555666666656665555555444433
99987665554332223333323222221222222333332222112222222222222222222111221111112222211122222222222222222232333333333333333333333333333333332112333333444443333345666777777776555555666666666655555555444444
99977654555432222233322222222222223333322112212222222222222222222211121111112221111122222222222222222222232233333333333333333333333333332112333334444443333334555666667666555555556566566555555555444445
99976654455432222223322222212222223333222111122222222222222223222221111111112221111122222222222222222222232223333333333333333333333333332212333344443333333334445556656655445555556545556555545555555555
99876543445543222222332222222121123332111111112211121112122223322222221111112221111111222222222222222222232223333333333333333333333333333212333344443333333333444555555655445555445655555665555555555555
88876433344443322222222222211111112221111111112221111112222223322222222121112211111111222222222222222222222222333333333333333333333333333212333333333333333333334445555555544555555555555555555555544445
78776433344443322222222222221111111111111111112221111112222223322222222222111211111111222222222222222222222223333333323223333333333333333212333333333333333333333444555555554455555555555555555555554444
57765333333443322222222222211111111111111111111111111222222222322222221221111111111111122222222222222222222223333323323223333333333333333212333333333333333333333334444555555555555555555655555555555454
34765333333333322222212432111111111111111111111122222223322222221222221122112111111111122222222222222222222223333222222323333333333333333212333333333333333333333333344444455545555555655655555444444444
11475333333333332222234553211111111111111111111222222333333222211222221111112211111111111222222222222222222222333322222322333333333333333212333333333333333333333333344444445565555555655555555544444434
00266433333333332222246664221111111111111111222222333343333221111332111111122211111111111222222222222222222222333222223322333333333333333212333333333333333333333333344444444556655555665555555554455444
00157533333333333212234654222211111111111122222233333333322211111232111111122211111111111222222222222222222222332222223333333333333333333312333333333333333333333333334444445555555665555555655445444444
00256532233333333321223454223221211111233222223333322343322211112222101111112211111111111122222222222222232223322222233333332333333333333321333333333333333333333333333444455545555665555665556544434444
01355422233333333321123453211122221122222223333332222333222222212222101111112111111111111112222222222222222222222222233333333333333333333321233333333333333333333333333444444555666555566666555655444444
12455322333333333321112443211111121122223333333322222233221112111232110111111211111111111112222222222222222223222222233333333333333333333321233333333333333333333333333444444555665555566666544555444444
34544322333333333322112443222221122222223322333222211123211111111222111111112211111111111111222222222222222223222222222222333333333333333321233333333333333333333333333344455556555555566665554454444444
44443222333333333322222343221121122322222222222111111112311111111221111111122111111111111111222222222222222223222222222222233333333333333321233333333333333333333333333334444556655555555555444444334543
44332222333333333332222333211011123322122222221111111111221111111221111111112111111111111112222222222222222223222222222222233333333333333321233333333333333333333333333333344565654445555554443333333443
33222222333333333332212222111101123321111111111111111111122111111221111111111111111111111112222222222222222223222222222222233333333333333322133333333333333333333333333333333455554444555543343333333333
22222223333333333333222222211101112221111111111111111111111111111221111111111111111111111112222222222222222223222222222233333333333333333332133333333333333333333323333333333344455455554444333332233322
22222333333333333333222222221111111211111111111111111111111111212221111111122111111111111111222222222222222222222232222222223333333333333332233333333333333333333333233333333333344555554334443232222222
22222223333333333333222222221112221111100011111111111111111112222221111111122111111111111111222222222222222222222232222222222333333333333332233333333333333333333332232233333333333445554333443322222222
22222222333333333333322221222111211111100111111111111111111112222211111122222111111111111111222222222222222222222222222222223333333333333332223333333333333333222232233222333333333334444443333322222222
22222222233333333333322211122111111111110111111111111111111122322221111122211111111111111111122222222222222222222222222222223333333333333332223333333333223322222222222222233333333333334433333322222222
22222222222222333333322221122111111111111111111111111111111123333321111112211111111111111111122222222222222222222222232222233333333333333332223333333332222222222222222222223333333333333333333332232223
22222222222222223333332112222111111111111111111111111111111123332221111112211111111111111111122222222222222222222222322222233333333333333332233333333322222222222222222222223333333333223333322222333333
22222222221122222333332111222211111111111111111111111111111223453221111212211111111111111111122222222222222222222222322222233333333333333332233333333322222222222222222222223323323322222222222222233332
12222211111001112233332211222111111111111111111111111111112222333221111222211111111111111111122222222222222222222233322222223333333333333332223333333222222222222222222222232222222222222222222222233332
22221100000000001233333211222111111111111111111111111111123322222221111222211121111111111111112222222222222222222333322222233333333333333332222333332222222222222222222222222222222222222222222222222222
34431100000000001233333211222111111111111111111111111112333222222243111122211122111111111111112222222222222222222333322222333333333333333332222333322222222222222222222222222222222222222222222222222222
44431110000000011133333222222211111111111111111111112234443212222455421112211121111111111111112222222222222222222233222222333333333333233332222223222222222222222222222222222222222222222222222222222222
55421000000000011133333222222211111111111111211111223444422111223555642111211111111111111111111222222222222222222332222222233333333332222222222222222222222222222222222222222222222222222222222222222222
44311000000000111233443222222211111111111122222222345443211112445545553111121111111111111111111222222222222222222232222222223333333322222222222222222222222222222222222222222222222222222222222222222222
45431110100000111234443222222221111111112222222334454321111234555565554211111111111111111111111222222222222222222222222222333333333322222222222222222222222222222222222222222222222222222222222222222222
55531000110001111234433212222221111111122221111111232111122455555555565211111111111111111111111111112222222222222222222223333333333322222222222222222222222222222222222222222222222222222222222222222222
53210000011111111233433212222211111112222221111111111111234665554455564211111111112112111111111111112222222222222222222222333333333322222222222222222222222222222222222222222222222222222222222222222222
32111000111111111223333212222211111222222111122221111233455555443355543211111111112222111111111111112222222222222222222222333333333332222222222222222222122222222222222222222222222222222222222222222222
22211011111111011233333212222221122222221111343232233344555444444454432112122211112212111111111111112222222222222222222223333333333332222222222222222111122222222222222222222222222222222222222222222222
33211111111111111223333212222221122222222343354344455444443345444333332122223322111121111111111111112222222222222222222223333333333332222222222232222111122222222222222222222222222222222222222222222223
44311111111111111223333212222222222222234543345544444445543344433455432122224432211111111112211111111122222222222222222233333333333322222222222332221111122222222222222222222222222222222222222222222234
55321111100010111223333212222222222234455544445554443455544333433555332222223564211111111222222221111122222222222222222222333333333332222112222332222222112222222222222222222222222222222222222222222344
55421110000011111223332212222222223454555455444554434555445434544544332222323576422111111122222221111112222222222222222222333333333332222112222322222222222222222222222222222222222222222222222222223444
65542110001111112222222212222223445544555555434544445665455445555544432223323455542222111112222211111122222222222222222333332323232222222112223322222222222222222222222222222222222222222222222222233544
55432110011111222222222112221234454444555544434534556554454444444556532222323455565222111111122221111122222222222222222223332233222222222122223322222222221122222222221222222222222222222222222223334544
43322111111112223333221111222334445544644445544555456554554554545666422332234455666532211111112221111122222222222222222223332233222222222122223222222222221111112222222222222222222222222222222333345555
32211111222222234456443334555444445445555444555554455656765555655565422332234455555664322111111221111222222222222222222222222222222222221122222222222222221111111222222222222222222222222222333334444445
21111111222222234565556656555554544455566545645555454555766555555565423332244655555566532211111221111122222222222222222222222222222222221222222222222222222111111122222222222222222222222233333344444444
22111111122222345554457656466655555544456756555454544344544445555556422432235654544555642222212222111122222222222222222222233233222222221222222222222222222111111122222222222222222222233333333344555543
54421111111224444455456554456445444544566654444333434433455555665576422332345544445565554222222222111122222222222222222222222322222222222222222222222222222111111222222222222222222233333333443345544444
44443211122345444455455444345445544555655554444443445545555556665576422333444444445555555432222222211122222222222222222222222322222222222222222222222222222121222222222222222222222333333334433344443334
44444532344554554455555434344345545555444444444454445555544465555555422443454445445555455553322222211122222222222222222222222222222222222222222222222222222222222222222222333333333333334444433334443223
54554545654444444555555444444344444455356554444544544455554454544555423444555556655565444456432222212222222222222222222322222222222222222222222222222222222222222222223333333333333334444444333344444323
43344566534333333345555555444544554355457544445534434455555444444544433434566655654544444445653332222222222222222222222323333222222222222222222222222222222222333323333333333333333444444433333333444433
34445454344444433345555555545534555544566445444333344444455444445445532356544554544444554555665433322222222222222222222232222222222222222222222223333333333333333333333333333444444444444333333334544444
34554333454455443455555465545334555555676555544445455445555454332455532356435556433454554545568643333222222222223222222222222222222222222222222333333333333333333333333333444444444444433333333335545556
45544444675355455555455455654344464455555553553555455444554444334555542223445656444554544445557875443222222222223222222222222222222222222222223333333333333333333333343344444444444433333333333335545545
54545456665455555555445555555544444444444443344543454454454444555444443222355654334554445544466898654322222233222222222222222222222222222222333333333344344444443344444344444444433333333333333334554445
44655455755556544455545554444433444354444444555655554455444455554354353223345454346644456555556789865433332333322222222222222222222222222222233334444444444444444444444444444445633333333333333333344443
44654544554555554556434444344333444465555555555555444565665654455564444434434555376644555555565589987655553333333222222222222222222222222222233344444444444444444444444444444445863333333333333333234433
43555545566665555566324444454444445565656666655556544666665555567655534554654564555555545655555468888776566333333222222222222222222222222222233444444444444344444444444444444445884333333333333333333333
33554444444554344454344445455444445454456765645555656666665454666544444544555555555555545554456446877787656633333332222222222222222222222222234444444444444443334444444444444444797333333333333333333443
33543455434444334443454444355434555533456655545455566656656555665554335555555455555555445654555555776788888843333333222222222222222222222222334444444444444433334444444445545444589533333333333333444445
44534455554333344453443344344435555445566554445555566677634455665555444543445455555555535555543556677678999973333333332222222222222222222222334444444444444333344444444555335445679833333333333333445444
56445556553333445543333454454334554454555555554655445776564355555655545544435554455655556665435656466679999995333333332222222222222222222222344444444444444444444445454455344345459963333333333333344554
56455555544345455444445555555445665554555554554556444555554445555656545545445555456556556764455664464569999998433333333222222222222222222222344444444444444556554444455455444454458985333333333333344444
55443444444455555443466655546656666555555554444456534544446555665565444455454344566544666643454654554558999999633333333322222222222222222222344444444444444566655543455555455555557997333333333333335554
45443344344443444433565554556556765545465555454555555556566665655653454555554455565445754443454654656656899999843333333322222222222222222222344444457755444555765544455554545555556999533333333333334554
55543233333333333333554443456444655544566655565555555566554655534643444445555545664465432444554455666665699999963333333332222222222222222222344433445775434554764555554444544444446999854333333333334333
44643223333222322333554444555456555555645533564455655565455555544444443334455445764433342346544444555656579999986433333332222222222222222223444344445554554565765455544444544444456999984433333333333333
