63122222221225676443332222233332123223664322334233223256333333236888888888888888888888888777678888665566665667875533443323322223232442236888888888888888888888888888888888888888888888887777777777787532
63222222222112688532222333222222123222763222345332223356532322225778888888888888888888888876458887455576566777875343333344323223333553335788888888888888888888888888888888888888888888888778887777785454
63211222222225778743222232122221233212763223333322222234322222233477888888888888888888888787548888654444578787886434322543333223334443446788888888888888888888888888888888888888888888887778888777777664
53212222121126775533222332222212122222764233333222222233211122321357888888888888888888888787548888543333577675565433333443233222223222357888888888888888767778888888888888888888888888888777877777777766
53222212222223763323333322242222211233763232233222232225621112222246788888888888888888888787548886433333578643333333333333222222222222258888888888888888644546788888888888888888888888887777777787777777
63233222222223753323333323232222112233763232234222222336741112222222567788888888888888888787548864333333445543323333332333322222322222257886788888888886443333688888888877776688888888888777788888877777
63343333321232444222333334222232223343774222235222233234532122322222434568888888888888888677547544434333323346443443322222222222222232345755688888888875433333568878888887765588888888888788888888877777
63454455444554445444344444333454344442575222334222233332321122321213322345788888777888878777545433435223222344665433334322222222222332223435578888888875443444447758888888775478888888887667788888887767
63344445555554444445445554455555554554664233354333444444432123434344434334688888754578855677634654445222222445654333324211232222222323332334678888888876433334457648888877775488888888875546577887687667
63344444444444444444444444444545544555454355554555555555555555555555555555666667655565655687644655445333333544443334434322342222342222234334678888888875333335675637888877775588888877853344344674476447
63344444444444444444544444444444444445664344444544445555445555555555555555555555555555555677535555565555566655555556555555555555565555445445666677766765443335565535766777774478677776643343333543354334
63333334434344444444444444443444444445664344454444545555554554445555555555555555555555554157545555555555555655555556554555555555566555555555655555555655555555565555555567775465555555555555444545445455
63333333333334333333334444433334444444664244444444444444444444444444444444444445555455555367544555555555555555555555545555555555555555555555555555545655555555565555455557775455555454555545555555555555
63334444433444444444444444443344443344764334444444444444444433444444444444444444444444444577544444444555555555555555555555555544455555555544444445544545555555555555455556775455544444454444444454555455
63344444444444444444444444444444444444665334444444444333444444444444444444444444443444444577644444444444444454544455555455555544444555555555544545544555545555555555555556775345555554444444444444444444
63343444444444444444444444444444444444664344444444443444444434444444444444444444443444444577644444444444443444444444444444444455544444445555555555544545444455545545555456875345554544444554444444444444
63343333333333433434433444444444443434664344434444444444444433444444444444434444444444444577644444444444444444444444444444444444444444444444444444454444444444444444545546876344444444444444444444444444
63343333333343343333333433343334334434665344444444443444433334444444444444444444444444444577644544444444444444444444444444444444444444444444444444444444444444444444445422675344444444444444444444444444
63343344344433343333333433343334334334765344444444444433333434444444444433444444444444444577743444444444444444444444444444444444444444444444444444444444444444444444444432665344444444444444444444444444
63243444334443344443334443343433334444664333444334433333334433344434444333333344444444444478754444444444444444444444444444444444444444444444444444444444444444444444444445765444444444444444444444444444
64233343333434444434334444443444334344753234444344443333344444444444444333343344444444444478653444444454444444444444444444444444444444444444444444444444444444444444444446665554444444444444444444444444
74243333333433334333333344333344444444764334344444434334444344444444444434444444444444444477753444444444444444444444444344443444443444444444444444444444444444444444444446775454444444444344444434444444
74344333433333334443333434444344444444765344344443443344444444444444444433344344444444444467753544444444444444444444444444444444444444333334344434343343333344444344444446775444444444444334444444444444
63344444433334343344333333433334443344765344343343343344444434444444444444444344444454444468753444444444444443444444444444444344444444444444444444444444444444444444444446566444444444444344443444444444
64344444444334434344334443444344334344765334344443344334444444444444444444444444443444444478753444444444444444444344444444444444444444444444444444444444444444444444444446665543343433444443443444443444
64244444444444444444444443434343433434775333444334434444444444444444444444444444434344444478643444444444444444443444444344444444444444444444444444444444444444444444444347775444343334433433433333343344
64233444444444444444444444333333433445765334443333333434334444444444444444444444445444444467653444444444444444444444444344444443433333334444344344444444443344443434333347876444344344333333333333333344
74244444344433444334443334444434433435765334444444333333333443444334333344444444444443334335653444344433344443444444444444444444443433444444444444444444333334333334333347876444333334333333333333333333
64244444444444444444444444434444444442675334444444334443444433444334333344344324443344343233654434333343443444434344444444444444444333344444444444444444444334344444433347774343333333334333444433333333
64244444444444444444444454544444444443565344444444444444444444444444444444344323544444442354463333343443444444444444433344444444444444444444444444444454455444455554444447765443343333334333444443443434
64344444555555555554445555555555544434765344444444544444444444444455455444444422555444453345354454444444445555555544444444444444444444444444554455555555555666666665555566655444443343443334443443444444
63243334444444444444444444444455555555775355545555555555455544444444444444444552466544455436544454545545554454455545444444444434443444445555565666666766666666666666666666665345444444444444443343444444
64343343444333434444333344444444445555765356555555555555555555555555444444444466245664445536634454445444454443444445444444444444444455656766777776666666666666656656666666666654444444444444443433433343
64233333434443444443344433444434444344765345443444444445555555555555555555455458434566545644634443344444333343444444455555554444556778777777776666666666666666666656666666665566554444444444344433333333
64233434344443443444444444443334443334675334443433334444444444444445555566665557733455545642633432344333323334455434444444555546787777776667776666667666666666655666666666666555665433444444433333334333
64233334344444543344345454444454444444675334443434333344443343333334444444554445564433213532534322355555656546665545455567888436667777777766666666666666666666555666666666666555566444333334333333344433
64233343333444444444433344445544434444765334444444444443445433334344333333333434456531112564344333356788877778777777788888887336777777777766666666665666666666555666766666666655566654333333333333333334
64212233334333443334444444434333333444765345444444444444555544444554444443443334357653224464344454344687877778877778888877787357888777776666666665555556666664566567666666666666667775443433333334443343
43213232233332333334433333333443333443675344444444544444445445444554445555545444345765566466532222222366766677777777777777776368888777767666666565666666666654566667776666666666777777444444444544433333
32223232223333433333333433433444333443575334444454445444444434444444444544544444444567777677531112222256656667766667776667886378778777777666666666666666666655566677776666667666777777545554444544444343
22332333223333333333333334443444444444775333434445444444444444444433434444443444444457776486321111222255566666666666666667774587777777777766666666666666666655666778877666666677777777644555445555544554
23333334433333334443343333333334444444676434433344444444444444445444444334434534434466766465321111221265555665666666666667774677777777777777666666666666666656666788887766666777777767755555554554455545
44433344433444444443333344343344434344675323433345443444444443334444444444434544444666766545422111222566566656666666666667764777777777777776666666666666677667666777777777666677777667764444444444444444
43333333344334433443433334333334433344664323333344454444434445444444444544434443445677666545412232235666666666666666666667765777777777777776666666666666666676767667777777777777777557764444444444444444
33333333454344444344443434443333343334654312223344343444434444444344454344344333445666566644312443355566556655656666666777766788777777777777777666666666776776666667777777777777777525875455444444454444
44444454554454444444433443333343443433664321222233443333332333334343354433444434456655566645543432244555555555566666666777777888777767777777777666766677766765666666777766677777776413875554444444445444
54443443445454444444544433334433444433554323322323333333332234443344443444433444467644566655543442124434454455566666667777877778777767778777777777767767777655676666676666677777665423875544434444554444
44443333444344444454554434334443433333332333333333322334444444544444333434443434567545556555334543113345544455666666667777877777677777777777766767777766677655676667666666777776654312785544444443344444
33444344433344454454455445444444444444433333333334344434344444444443344444444334476554334443234553112344445556566676667777767667667777777777766667777666665545677666766666677765543203885455554454444444
44333443333333444444345444444334545444543343323333244333333434433443344444334344466454555422333543111233444555566676667777666556666677777777667777777676554544677666776666677665433105975454455444445444
44444343344333343333333443444344444344533443444433334343333434432333444434344444355455323212333243211233444455556666677766666556656677777676666766777665545544677666777666676655432117876444444334444444
43333443334333344334344444454444555445545544444334434344344443333333334434444444455454011122342343211134444455556666777666765457656777766666666666666655445434676666777767666665321126876444334333444334
44433334434444344444444444555545533445544554434344444444444332444444333444333433465453354333334334221124444555566666666667754467655767777666666666666554455435677666777776666664311125886443334333333333
44444433334444444444444454444444444445444454444454443334454433334434434334343343464445564433345432221113344555555666666677644577766666767666766666555554444345687666777776666654211115886544333333333333
44444443344443444334444554443434444444344444454444343434444433322422334333343343454555434423344332222211344344455676667677634777776666666666666665555554444345698656777765677653111227886444444444343343
44445444444444544444345554444445443334444543344334344334343323232344333334543444455554434323553231233332233344455676666666546777777665666666666555554554445566777766567655777652112248875444433443334344
44444344433333343455445555455445444444445443444444454444444344433444323456534444555654333223631231233333223344455567666666577777777665666666656555554555566666767766545556877642112268764443333333334343
44444443333344334444444455555444444544455444444444444444444444444555444556543455766543332225621231334333323343454456655565577777777655676666655555555566776667757766643467887641121488754554333333333333
44444443344444335544433345455443433333544444453344444454444444444445555655454466898643233245411223444333333333444334455555566677766655676556666665556677776666544766653257786531113788744443334444433433
44444344444433445444433345444431222344433344444444444444454444445545544544445565578853243233100324443344334433444443233234555666666555876567666666677776766665432676666425776421236888655433343453443344
54444444444444444444444444444432343444334444445443444445455555445544445455554466555554554442001524444555433334444333443224556665455555887776777777765557776654322576677631476312468887555433333444444454
43443444444434334444444445445443344344444444433444454544444444444444445454455479565545532231103424445544333333444333343335666665444554786777776666754456665433221477777752134335666776555333335443544455
44443344454444444445544444445444344333444444433434555455543344444444444444454489887434332121025335345443233444333333333346666677654442365565787433433455543222233477677775211355555666544334445444433343
44444444444454444444444445445433444334444444334444445544433444444433445444443487775455322421246345443333222333333333333366676776445421223344565322222345333334554366566776522223346655544344444444433344
34544444334444444554444444445555445445454554333455444434344444444444444433333465324267312212455443333333223333334433343577666765444222222334344334333333343345444447778887753222345554543344334444343444
34344333244444545444445544444555544455454454455554434323233333333444344433333333103245211124454444443343234344343333334777767654432222334333344433444333344344433335888877665332233554444443434333344333
44334343334444445444555344334555644454344344343344444333333333343443344444444442132112212344353345444443334444434343456667777543322223344333444433443334344333343323777878886322223874443433434444333333
34344443333334343334454444344443443323344433343334444443444333344443443444444445310001111343443333444444554444544444566776676433322223444445445443443333443334334333588988887322225985443433333544234233
44333433344443344344444444443334444334433343444444444433343433333444434444444445442221113333433233445444444444554445777677665344433333444454343333344334333344333332489888888312228996334344333433334344
33333433344444444333443443333333334454444444444444444334444333443444444444444333444444443343334333344333434454344347778775554333752333354333343333333444333333233223379878889512238975433333344434334344
33322333343343443443433333433443344444444444334344334444443444433443344444444344444434333333354344434344445444444457778875343442643222342233433333333333333333333332259988889722224433333333343433343343
23433333333333343333333344433344443343344444443444443444444444434454345444334344433333333334464344435444445444444366778864433443532112333332223333333333333323334333349988889843234334433323433433333343
33434334344333333332233344333344343443344554444434444434444444334444445444334434433433333444333443446543334444434466667654433433532212343233222233333333333333343333337998888863238864333453333323334342
34344444444445444343333344344333444334334443444333443443444344333444343444343334334433333444343333343433533444333466655544433322322333343222222232333333433343333333334998888885338985443343433323333332
34543444434445443343344345443334433443334444454344444433335533434445543444333443433233643444333444343335543443333356543334322332322333343322223333343323333333433343334799887876327986543333333334433333
43443433344434433355334343333333444343333444344344444334334333334433433333334444433333643335444444443435434444333445545554332432322333344333443443433444444334444333334599777765325888643333333334444333
33333332344434444345444344334434444433333334443344433334343333433433443333344444333344444345543444443334434444343444456654333533432233344334443333333353443344433343334489766666423888743333333333343334
43334543333334344345433344433334444343344344343444333444444444344444333333444444433345444445544334434344334444443444466666533443332233333333333333433454333344333343334489656666422687633333333433433334
44445443343333433334433344444444444444333344333433344334444333333333334333334444433544434544443443323335343533343234356666753443332223333333344333334333333333333343334379646765422388643333344333323333
33344443443443333433344443333322344344444444333333443444334434344433334344534564445544533443333332232346433423332255325667787642332225533333444333333343333444433333333348767765322258743333333333233332
34434443333444444433343343333334334333443443333334443444444443344433344434533443446645444534432232222354532312221235213677776542333126533333333334323444333444423233233237788864322238843343443333433333
43345443333444443344443343333334334433343443334333433354443443343444343344323343445434444433333332232343432211423335222677754443324246422232322333322333243343323233112225878865332225743234433233333323
33334433433433343344433343433334433333334333344333333344333543344434443444334344343534334433234443334443221322443344223566644544323246332222222321222222133342222322211213878865242223742233222232334433
32344343433333233343233353345333334443333333343333223333223334333434543333444334443343324443356443343532112333332334213355435444433235432212221111211222122231111321112312888764222222532222111232333434
33333433332233333442233343333333343333433333333333332333343334324544533333334333333333334432246443432332333355244333213533466544433345432212311121222122223321111221111101787764212222321111111112323123
22322333333223333453332333333333233233443433322233332344333333323323333334445433333322333333336443442354334345334423335532366434642345456222212321131122334312521221112201787763212222321111211112222222
33322332333323334333333333333332333234333323333333344333333334333323432343344333334333333333335333343344332443333333224322355333442235566322221320232223365233321330122325787663321222332201211221112155
23333333333333333353223332333333343344433332333344354333334423444444433433333333333333333333443234323333323343333333313322344233432235554322221331233333464234322432332434877764532223523311211230111144
33333333333333333333333233333333443344332222344433554343344324443344323433234334332332324232333324323223332434543332323333333222431212454343221452443433545343533543432424777755312223532321112211111112
44333333443333333333334333332334432233333333333344443433443245344333323333233233323333334232432323223323332334543323223333433312332222554575321443433344546645655433334446777754322224532111111111111111
33244333343433333333344344442333433343333333333344333433333344333333323223223233232223333222333223332422433333433333234345645323633322333355343466333345344544333444436546678753332235531111221222111124
33344433443433334433433333333333433333333334333333333244333323333333332223343333242322332242333333343333344533323433333343334433434323333333554344243335433343334454445436788753322346631111454532111134
33333433333443344334333333333233433333334433344333333333323223332333333334332433433323332343422343233333233433233333233332222333333523333444433434443336433343435444454346787753421356631210224411132322
33433333333432233333343344333333433333344333334333433344333233333334333323434333333334443323422333332333233333333322222322321233336422223444333335534543335322334434445445677633422146531210233322122322
22333333433332223443343445433434433333333334433433544334433333444333233333333333332333223423323322312433333333343332323332331333347432243444333333333443334323345433334345667543423455422322344222134433
33333343333344333333343444444334433333333343333433443234543333433343343433533333333333222333333322322433332333432343233333453322245533223333334233322334343323435333334556566422214554431313534422255333
33334344333334343333333442343443343333333433343434332334333333323434443333433333322333322333322323323333233443233233443333333353333432333333234323322344344323335333444556655313332343453323335633443323
23233333223322233334333333333444333332323333343334333433334334333334543444444334433342333433322343333334234444232334443334532333433332233324433323422233454233336332674456544224434643443343334554332222
23323323323222333333333334433344334443323243343445444423333444443333443333443334432233334434333333333333234232233354333434542333433233343325524563442334554323434444654344333335444543343333323432334322
32233333333322354444333433444444434433543344443445544433343433443333443344334444333344334334333323333333343222333464433443333333333333434344334343563333454343334324534333324434333444332433333332346322
23333444344334444333333443454432333434443334433434444433344343433443344434334333333334334343333323334333333333443454333233333333333444355343354333553333455343334423334232235545443333444333344442333333
54333434334344444333333333443433334444333344443444444433323343333433333333434333333443443343333323324333343443333433322233322333233434334333433333333332435333224334334222223256344443455243366333334564
43333233334434433333332223443344345334344334454343444333343333323433333333433233443444433333333332233333443444233434532222323333334333333323344433332333334234324223343233222254355443344322344223423653
32233334333443434333333333233334344334443444443333444333334334333334443343323323443333444333333333333334333344333323443343332232234323433333333333332333332334324332333434122433333333223323323344344653
33343344342434434334334433443344333444434443443333344333333343333343343443224543444443344342344334444333333332334423333333223232344323333433233333332332342222224444323435333345433322333533333244464456
33444344444344433334323444444545544554344444544344433333223554433444445334344443443444434343344343344344343344433433333333223333333223233433334322232232232232334433342334454244333453423343323356444444
44343345444443334433543445445444543453343444433444433343234444444434455334443343423454333444444442444453344433333333343333333323323333333333333322354333222233223222332222232343332663322432233333354443
34334334434433333444443343444345334433333344433433443453444444443334444444344343333342333334344333333343443433333433333233333333343343333333344333355334322223223233232232233553432464333332233333344434
43444343332323333344333344433344433334433333343344454343454344333344344433345444434443344434444333443333333433333333443333333344443333333343333323323232222323333333333232333323332344232233324443332333
43343333334323334344334433334333333344334333334334444333344333243434343333234444433344444343434334434553344433333333443432332444333333443433333333432332332333323323323223344333222332132323433333233133
34433334334332333343344333333344333343344343434444443333434333333333333333333334333433333333444433345444444333333333443343333444423533454433333434333333333232222333312323333333243333332323434333223212
33333333334433334333433344343343333433343345434343343332333344323334443333333344444444333333333344443333333433333234442354443433333334554333433433433332332333233323433333333333444333331323244333222212
