23337852222222222212222221112323267522112222212687874332233222222113321276322333432223223432122223357788888888888888888888878645888755556557777787533332344432221322345433468888888888888888887777777777
33327852222222221112112111111322157422222222221377433322233223222222223376423233322222323321112232235788888888888888888888878644888864333357778777543332254333321322444344578888888888888888888777777777
33225853223222122211111111112323257422322232222276332333332324322221122376323223322222222552112222225678888888888888888888878645888743333357765445443333343222321222222225788888888888888886677777777777
43325853333222342122212111224344337533433332112255431223333423222221234377422223322223233773111222222356888888888888888888878645887433333356653222333333333322222222222224788888888888888874354567777777
54447854444344454444444344555555557535544543334334433334333422244323434267422223422223233453112332222344567888888888888888877655865443433333444532333333223332222222222225678668888888888754334347777777
44447854444455554445555555555554477425554555555545555544545544455544444257423233422223232232112332212332345678888878888888877754643343533322334555443333222222222222222233565467888888888643333335777777
44446854434444444444444444444444467434444445554444444444454445555555555566434445444355444543222333434444333578888866468886677754454444522222244576433334432222222222233222343557888888888644333343686677
33336854333333444434334444444444467434444444444444444444444444444554455545435555555455555555555556555555555666777764456664467753465434422222254554322432321124222222232333233357888888888753333334685677
33336854333333333333333333333334467534434444444444444444444444444544444566434444454455555555555555555555555555555655665555677754555556545454555444444544443345332235322323432467888888887653333456665477
33336954333333333333333333333333367533333333333443443334444443334444444566434445444554555555455555555555555555555555555555337643555556555555665555555655555555555557555555544566666776767544333355555377
33436964333343344334443344433333367424444443444444444434443444334444344476434444444444444444444445444444454455555555555555426654555555555555555555455554455555555556655555555565555555556555555455555555
33437854443443444344444444444444467534444444444444444444444444444444444576434444444444444444443134444444444444444444444544557754544555555555555555555555555555555455545555555555555555456555555555555545
33336854443333334333334444444444477424444444444444444444444444444444444566434444444444444444442254444444444444444444444444467753444444444445555555555555555555554454444555554444444554444455555555555544
33336954333333333333333343343344477424333444344444444444444444444444444566434444444444444444432465444444444444444443344444467763444444444444444444444444444444444444444455554444444454455554454444455554
33336854333333333334444443333333477424433333334344444433344344443443343576434444444444444444432556444444444444444444444444467764444444444444444444444444444444445444444444444455555554454444445444454555
44336854333344433333333433334434467424433444444334334333343334433434433576434444444444444443434647444444444444444444444444467764444444444444444444444444444444444444444444444444444445444444444444444444
44446953344444444333443333433433467524444444444334444443444334343444433576434344444444443333436657444444443444444444444444457764444444444444444444444444444444444444444444444444444444444444444444444444
44434853444444344444444433444444467523434443444444444434444444443333434575334344434444333334448556434444433344444444444444467764444444444444444444444444444444444444444444444444444444444444444444444444
44435854444444444444444443344443467524344333344344443343444433344444444575334444434444333444448557434444433334344444444444468764444444444444444444444444444444444444444444343444444444434444444444444444
44436953444434444444444444444443477524433343444444444333344443334444444576434444444443444444437546444444434444444444444444468764444444444444444444444444444444444444444444444444444444444444444444444444
44446954444444444444444444444444357434444443443444334334343444334444444576434344444343334444426446444444443334434444444444457764444444444444444444444444444444444443344344444344444444444444444444444444
44436953444444444433444344444444357434444444433444434333443444434444334576434444444344334444536546544444444344344444454444457764444444444444443434444444444434444444443433333434343334434433334444334434
44436953443334334443444444344433467524444444444444444444444444444443434576434444444444434444447635444444444443444443444444458764344444444444444444444444444444434444444444444434444333334333334444444444
44436953333333334343444444333334467423344444444444444444444343444444444676434347534444444433357636444444444444444434444444458754444444444444444444434444444444444444444444444444444444444444444444344443
44443854444444334433444444434444477424444444444444433444344444444443344676434347754433444433357657444444444444444445444444457753444444444444444444344434334434343343444444444444444444434444444444444444
55445854555444444444444444444444467424444444444444444444444444444444444576434657876544444333356787434434344444444444444343457764344344444444444444444444434444444343333333444433433434434444334444344443
55546963455455555555555555555555566524444444454444444444444444444444443376434776753444444444446995434433344434444444344333448764444444443443333444434444444444444444343344444434443444434433333433333333
34446853554454445544445555555544577435445455555555555545555555554444444576434688754555456656557974444444444334444443344343447764334333444444334333434444444444443444333334444444443444444433333333333343
34335853434343444444544444444444477424344444444444444444454444555555544676434468755776566666567752455545544444444444444444457764344343334333334444444434334444444444344444434434444444444444444443444333
43335963322234334444444344444444357434344444444443444443444444444555655676446558977766666665555641444444444444554444444454457765354444444444444444444444443434444443444544444444444444444444444444444444
44435953322333333433333334433334356424343343444344444433444444444444445675435558987666656554443431255444444444444444554444457765355555555544444455544444444444444443444444444444444444444445444444444444
33444653333333333323333334333344476423343444444344444445444444343444444676434447876665556555443322245555455444444444444444456555455555555545555566655544444444444444444444334444344444344444444444444444
33433344554333343333333333333343476423334445444453344445445444444444443576434456667766556665554223235555556665555555445555555655555655556666666666655566555555444444444444444543444443334433434444444444
44444334532333432233333333333343376423334333444444444444444445554444444576434555677666566654443223333444445555555555566676666666666667667776666666655556665555545544445544444554445444444444444434444444
54444444444443444333443333333333466422323333433444344444444444434343444676434677776666566677543222332234444444566576677766666667777667787777777766655555666544444444544544555555555554454444444434444443
22443345444444444443333333333432344322333333333333343444443433443343344576435556776666554676433222223223454446776666666777777777787877776777777776655556666544444444443444444444445555545455554444444444
33444434333444444454444444333432223323333222333343333333343333444443443376434315766665555521112212222333355543566666677777766777778777777777777777655555666654444444444444444444444444444445444555555544
44444443334444434454444444343333222333233322333333333334334544454433444576434347665565445522001112222223333453256667778777667777767667777777777766654555555665444444444444444444443444434444444444444445
44444444434444344443444323333333333343334433343334444334334443343444444686434476654455444444212212222222333333336777667667766776777677777777776665554455555665444444444444444444444444444444443333444444
44444444344444444444443334445444544443334443344444444344344343344445444676423555654443454333212211222222222233324667656677777767776666666666676665544345454455455554444445444444444444444444444444434444
54344335333334433434334444444444454333343344433443444443344443344444344676323455555544443322212111122222222233433566556677776666666666655665666654443334454355466665555444445444444444444454444444444444
54344444343444443433334443433444444443444445434444344443444443333443344565323556764445433223212111122222222223433565456667776666666665555555667655433333444345444444444445566555545444544444444444545444
44444444344444444344455444443445555544555465455444444443444444343444333664336559998433332123212111122222222222332454346666766666666666655555566655433323333334433333333434455544555555554444444444444444
43334443323333433334444334444444445444444445554444444554443334443444433565455589799732221122111211122222222222221233446666666666666666666555566665323322333323334334333333344444444455555555555444444444
44444433223333334434434344433444334444333444444444445555433334444434433443345799988743222111111211122222222222222233455666666666666666655555676655323322233322334445344433344444334344444444444444454444
44444444544444444444443444444444333444444443344445454455445544444433443432345789886642225211122211111222222222222223445666666666666666555555676654312322233322234444444434443444434333344434444444444444
44444444544445444454444444444444445444343333343445444445544454444554544543343456553143224211223211111222222222222223345666666676676666555556765543212211233222234434544445444443443333433333333444344444
44444445434444444544444344444444444344444344444343333334443454444545444543342233310043213212222111111222222222222223345565566776676665555546755433211111122222223444444444444444544444434434433333443333
44444444333334444444344445445444444433444334433334334444444454444555445544543222200243213112111111111122222222222222234555556767665555655446644333211111111222113444345444543444444444444444443443444433
64344445444444455544444554444434444444434443444444444444554455555544545545543332222332222111111111111222222222222222223455556666656545544455543232111111111222102334344444443444434344444344444444444444
44444454545444554444345543344444455444444334444444444444454454445444445554454322222222221110111211111122222222222222222344556665555544445444432221111111111122101233334444544544444443334444444444433433
33344344334454554444444454454445454444443344444444434444554444434444444454445422221122211111111111111122222222222222222334556655554444555443322211111111111122310123433343444443444353444444343443334333
44444434544454445555444445434455454445544444444554444445554454445443434444444532222210111111111111111122222222222222221234445554454444444433221111111111111222320012333333332443443454433454443343334333
45434444455444433444445534433454454445444433333344455445555554445444434444443433321100111111111111111122222222222222211124444444454344333332221111111111111223331011234444433333333434333444443343334333
44344445455445444344445433344444344445444334344334555444455555444444544455444344421010111211111111111112222222222222111123444444444344332222111122111111111223443101223433334344344433344434433344443333
43344444445454455455544444444444445554443344444335544443345555544444433454444321100011111112111111111111222222222212111112333444443333222221112332221111111223544210233433434443444443444333433353333333
44444444445544444544445444444444444444444444444445544443345554432222344443344332100111122334211111111111122222222212111111233333333332222111222233222111111224444431123334433444443333344343433344334444
44434444444444444445444445444444454444444454444445444444444444432233444434444342111111233455411111111111222222222212211111123333333222222222210023322111111224444332112333444443443343334334543334334454
34444443445544444444444444444454443444444454444444444444444545443444444444454434211122444444531111111111222222222212211111112333332222222222100013322111111234344333211344443343434333433344433333344344
33343433334444445445444444444444444444344454444444444554444445554344444444444433433455444444562111111111222222222122211111112333322222222320010002322211112233343433321234443343334334333344443334434343
34433334333344554455444444444444344444445444454444554445445545444444433444444433445555455533465211111111222222222122221111122332222222233100001101332221122233343333332123444443334444433433334334433443
34444334444344444454344445444433444544444334544444554444444445544444445544543333444445544434566521111111222222222222222222222222222233332000000001222222222223433332233222334344334444444433443344433443
33444344444444444344333443444443444334333334444545545455543445665544455454554444555434433334566531111111122222222222222222222223333333321001111223222222222233334332233222333344443444444333444454434433
34444433444333444443344434444444444334444433444445444555344444555644455444454454444444323233466531122211222222221122233233333333333333211111123334222222222244444433323333433344433444344333344444334434
34443333333333343343344434443444434433443333334343334454444345444543333344443333344444434443356531222222222222211112333333333333333332222222234333222222222233444334333334333344443444333344334444434434
44554433333333444443444443444344444443433344443345344444554444334454334444433443444444443444435543532222222222111112333333333332223332222222234444322222222234333433333334333443433443333344434343333444
44444444334333334444444333444444443333443344444444333443443433333344454433444444444443433444434434873233332222111113333222333333233442222222223544432222222234333443343334344434433343333444333333332444
33333333444433444444444444343334323432343344343344443443333433443344444445444444444444444444344436896433333322211123333333333434333443222222223454442222223235444433344444355344433344333334334333333333
33444233334434433333334344443333333444333344333343333333344434344443443444444334444344444444444457776443333322222134444444443443344343222222223344343222223223334433454454333343333334344333334322322233
33444334444443334333334344343434343344444444334433332233344433344343443344555444544444444444444578544433333332222233333433433463444334322222222444345222223223443335443443233344333334334433333333233333
44443344443443444433344343443333434444444444455444443333345344343444444344444444334444434444443589843333333332222233433434444443444456322222222443344422222222443343333323232323333333333332333333333233
33443444433333444333343343333344444544444444445444344444345444334433443334444454444443443444444699963323332332222234433333444334333445432222222234443422223222343442332333233213233333233333323334433333
33443443333333344444443344443334433344342344434444355344443443434444443334444444344444344345434799974323433652222233333443444433333333432332222233333332223222232343233343223221223333333333333334333333
33444343234443444334444434443444434334433344444444346444444334444444433333334343344443344344344899874333435974222333334643344434434443333332222223433332222322223554333342211222333233333433334333333333
33433432343344443333333435444445444445544333344444345443344444434444443444444443444333343433434999854333336974222433334433344444444434333332222234333343223322223553333333323334433443433333333344333334
33333333443333334343323344433444344444543343343433434444334544444444444443344343433333444454444999754343337974223433355433445443444434343332222234343343223221123443334444334443443333344444334444333334
33333334434333333433333333322333334444443443443343433344444434223344344444444343433444344444335999754334337864223434444445445444444334343332222244544443322221123443434443333333333333354443344433334334
23233433333233333333343333333332344444443333445444443343433333333334334444444333334434444344446899753344348753224444544334433333433333354232222444644444322221224444344443333344333433343333333333443333
32232333332333332322222343334434343345444333444444444443443333344335444344444334334433454444447878643344358543224446445444433333322233355222222444555444322222234433334344333344433333333333433333344435
33333443333333333333332434334433343334434434433343444333443433334433333443333344444333454434457856634443467544233445434445443323232233453222222443444443322222244343333343343354433333344333444443333445
23333333233343333333334533323333433444444333333233443233443354343334443333333343333334343334468764534433576544343334334334232334333333452222223544454344422222244434333443343464433333444433445543334444
33332223333343433333433333333333333333433332233343542333443443343343433433333333332223342333476776434533576543344333333344332354443445442222223453354344432222233323323233433344334433433333344544444544
43333323333333333334343333333433332322332333223333453323333333343333234434434322334432333443576666444533676543343333333334332365343444421222233432343323332222222312322133333334644433334334544333355442
33334333333333333343333443333334233333343333333344343333333333332332234433333333333333444333687665333434876543333333222333432265443333421222243342243224322222222212211233333323344333333443444443344333
33434333233333433443333333333443333333344333433333353233332333343343353333332333343354333334677665434435776544233333333332333355343423421222343331233223322222222123211232222323223333223322233333343333
33433433334444333333332333333433344443333333333333333333333333333443344332222444434453333344566664334334666443233333433333333342243233211222333432332212221122211113221222322112223222222222133532233223
44333433345433433344333323434443343243333443333333333434344332334432333333333433335543433443456543343324655443243322323333333432333232111222333332333211221122211112211231221112124211112353121112232113
33333323444333344434333334434334333344433343433334333444344432334433443333343333444434434432366542233334654332333333323233332324332232112223333332232221111122211121111221111122124211312232132110231113
32232212233343333444344333333334433334433343433344334333333333334433433333334333343333333333444432234333554322332331223333223323222221112223323422322121111122211111111122221112122211422325235211331222
32223222223333234343333233343444443433333333433343343333333333334333333334334444333333343233333222223333474322332322223222322333222421111233223221211111111122211111111111221111244212223246654423325433
33333233344333433333233433323433223333333433422233342443444333343433332443333344334334343232233222222321475424333333323322433333433221111132223211110111111122211111111111122221255232232333443323434434
33344433344333332343334433233343333333344333333223443344445334434433333333244344434443444332333332222221576433333333334433233323333211111132222111100101111222101111411111123343433443234434333333555334
33324444344433233333333333333333333433444333444334333344444444334333333333443334334443345333334442122222665323332323233333233233332111111232111111100001211221100012101112113223335432225433332334434444
33333443434333334433333223343333333344343333333343333343433433443443334344333434333422355433333333211222775322333323332234343223212111111221111111110011111111100012100112122233235433542334322333433445
33344434422322223343333432333333223333323223322333334333333333443333333334333443343323333333333334321112776321332223232213333233221111111211111111110111111211000112212112332233333222433234323335433334
32333333221112333333334444233343332333333333222444334433344333443333433333333443443344343343443433344313775311333224333333333222322111111111110010110111111111111212312123232234233322334433323334433334
22334433332223212322334453233333323333444344333454444343434544444444334433344434455445233334434433334425875322333222323323333322211111111111110000011111113201101211111223232233233312344344332335333434
33433332333233221232333343333343344334444344344454333333433544433334434444344434344444344444334433334437765322222232332222222222112111100010011011221111114301111322232233235333333322233453333335332564
23332333443333233333344433333333454333344334444433333333333544443343443333444334443444433333543334433446664222112322221121222232224211000110001111440111111111222233233333335334553533323554324433355654
34333423333233232432333333333444332233343334444433333323233433443454343343345443434444333333432334333346554121111111112222212222112121111111111111221111132222123333444343343343233653333444343323334434
44443333333322235443343333444454433344443333534444333333333333344344344443444443434444333443333234333443344211112321233212211111110121121111111111111101133222232334443344333443233433333454243224433334
33333333433433334544433344444443333444343433344343344344434433344334444444444433334443343333343333344443323233224322222111221122322232211111111111111112223223233233232333233433333323322334232224323334
32333343333333233443334444434443344343454443444334434324444445455544544344445543444333333234443333433565542234222222123222322343333332111111111111112333343322222244323333333344333332322333234323233342
23443333334433333335444444454344334344345444433334434554455454445434543444444444444333432235554334444555542111112323343343433443333331111111111112123333332232222344223333333333323332333332334333232333
32334333334332233234344433343433444444443333333334444344443443454344433333444334344434443444444443344554432211333324554334444444433331111111122233233333332234333343222334432343232322322332322234344323
33433333335444344333543433333433443444343333323333444333444443444333344333333433434544534444444433344444443333433233433334344444434333421222222322333333323333232233232334323333221332222222231334443333
22333333334443343334444333434434334433333334323343443344333344343333444343443333344443433543443333443444333444444344333344333443333333323433333333433332333333323333332333333333232453333222233222222342
33333433333433333544444334433445333333343344333333334343343333443333443443433344444444444443332443343333332345444333444444444433344434333334333333334433333233343433333233433343333344333222133222223232
33433334343343434444433443333344323333333344334443344433343443433444433443444443444433333344343333333333334333343224334333334444333345533444323333334433323324443433333333333333223322232222223333233333
33333333343343333444433433234434433433344333433443344443344443233334443343343233334433333333443333344433333333444434333333334433333443344343332333334333432334444324423434333333334322322332333323323323
33334443233433344434333433343433433334334333323543334444333334444644443443332244344333333333443333344323333333344444443333333334445433333334323332343433543433333334434644333323434333333332322232323312
33344354324443334323322333454322332354333333333443444543444433544543334432332333444333433433443334333333222334344443434333443343446533334433333333332323444443422322345443334433434333322332332233323333
