44433334444455555555566655556667777777776666666666789999986544589999877899853455555566777766666776666655556666555555666667777766665555554444444555554433333333222212456664211111111122222222222333332221
55555445554444444455566666666777777666666666666665679999986554589999877899843455555556777766666665555554556666556555555556666666666665555555555555555544333221111113566665421111111112222223333333222222
66655444444445566666666666667777777666666666666666568999987554589999878999743455555556776666666544445444456666555555555555666666666666665555555555556655432221111112455665321111112222222222333333333333
55555544555566666666666667777766666666666666666666678999987554579999878999633555555556666666654443444333567666554455666676666665555555555555444433344445433222222222344443321111122222322222223334443444
45555555666666566666666666667777766666666666666666678999997554469998778899633555544556665555544334443323577766655555555666666655444555544444443332223333444443445555554454333222223333333333334455555555
55666666777776666666666666666656666666666666666666668999997655469998668899744555444456655555433444432224666666665555666666666666655555554444333333222222344455555666655554445544334455554445555655665666
66666666677776665556666666666666666666666777666666667999998654469998667899744555444455666654344444432234555566666666677666666666666655444555443333333334455555555556666655554444455555666566667766666566
66666666666666655555566666666666666666777777777766667999998654569999877899744555444455666544444555432344456666556677777666666666677766554455554433333445555555555555566655555555666777777777777776666555
66666666666666555555555556666666666666677766666666666999998655558999976799744555444445565444555554333444456666666667766555565666777777766555555544444455555555555445556555556666677777776777776777776666
55566666666666665555555556666666556666666666666777778999998755458999987799744555444445555555555543334444456666666666665544555566777777777776677766665555555554444555555555666677777666666666665566666665
66667776665555666665566666666666666666666666666667778999998754448999998899644554444445555555544443334433455666666666665544444556667777777777666677777777665555555555555555566666666666655556655555566665
66667777665555566666666666666666666666666666666666667999999754457999987899645554444445555554444433443333455566666666666544444455666677666666655555666677766666555566655556666555556555544445555666666665
66766666667777766666655555556666666666666666666666666899999765667999987999645544334445444455553333333234555566666666666544444445556677655566666665566666666655555555555555566655556666555445666666555555
66666666666666666666665555566655566666666555666666666699999887768999999999645543333444444554332222332234555666666666665433443344445677666566666766666666655556665555555555666666666666655555555655555544
55555555555566666655555566666666555566666666666666666789999998888999999999545433333444444433322223322234566777777777765433333344444677666666667776777766655566666666666666556665555566665555555544455555
55555555554555555555556566666666666655555555566666788899999998888999999998545433333334444332222233222245567777777777654323333334444567767777666776677776666666666666667777665555555555555555566555555555
65555666554455566555566666555555666665555555566667889999999999988999999998545433333334443222222232112355666666666676654223333334444567777777777887777776666666666666666677776655555555555555555555555555
55555666665555666666555555555555566677666665667889999999999999999999999998545333333334432122211221113455665666667776653223333333444467777777788887777777777776666666666666777666666666666666655555555555
55566655455566666666555666655566666666777777788999999999999999999999999997455333333334321122211221123455556677776666543223222233343456777777777887777777777776666666666666766676666666666666766666666665
66666665555555566666666666665555666666677889999999999999999999999999999996454333333333321122111211123444456677777665432223222223333456666677777777777777777776655555666777777666655566677766555656666666
66666666666666566666666666666666555566789999999999999999999999999999999985454333333333321112111111233344666776666666432233222223333345666677777777777777777776666677666666666666666655555555555555566666
66555555555555566667776666666666555567999999999999999999999999889999999984444333333322221112112111223345666666655665421233212223333344566666667778877677777776666788777666677766666777665555555555556666
66555555445555566666666666556666556789999999999989999999999998778999999975543333333332221111222112223455666655555665321222111122332334566666666678876677777777777787787666666666667777777677777655555666
55555555554555566666666556656666788999999999999999999999999987678999999975443333333322221112221111234555555555434554321222111122322334566666666677776567767777777788787766556666667777777777766655555555
55555566666666665544455566666667899999999999999999999999999986668999999975433333333322222112221111244555555554323333211221111112222334566666666667776556566666667777777766667777666777777777766666666665
66655566666666666555555666666688789999999999999999999999888887768999999964333333333222222112321112345565556543112322211221111112222334566667765667665445555566666777777666677776666667777776666665566677
65555555556666666666666666667899899999999999999999999998876777768999999963333333333322222112221123345555666532111211111111111112222334566667655667765444444455556666666666777776665556666666666655555555
66566656555555555666666666678999999999999999999999999988887778868999999853334433333322222112221123455544444321111111111111111112222334555556654566665333444455555555555566777776655555566666666666666665
54556666666666666666666788999999999999999999999988999888888877767999999863234433333322221112222234566533332111111111111111111112211234555455534555655333444445555555555666777766566665555555554555555555
44445566666666677777789999999999999999999999999888889877888766656999999964223443333322221122233445665311222111111111111111111112111233554455433455554333433445555555555666777656666665544444544444555556
55555666666666666678999999999999999999999999999888888867898776644799888975323443333322221122234456663111111111111111112211111111111223443345333444554323333334444555555556676666666655444444444444555655
55555555555555556689999999999999999999999999999988788667888876554589877776422343333322211122235566642111111111112222112211111111111222433344223444443223323334445555445555666666666654444444444444555555
55545555555444455789999999999999999999999999999887787667898865554489877666422343333232221122234554322222221111111222122211111111111112332343223343443223332233444554445556677666666544444554444444455545
55544455554444445799999999999999999999999999988887776677898753454479877777521233333322221122222332122222222111111222122211111111111112222332122333443223322233444454445555667666676555567776554455555555
55554554444334457899999999999999999999999999888777765667788642334468866667521233333322221223222221222222222111122222233222211111111112222221112333443223322223444444445445556666666555678876555555555556
44555554333345679999999999999999999999999988888777655677677653234467765556521233333322221233222211222223322222222321233222211211111111111211112223432123322223333443444445555566665567888765555565555555
45555544333445799999999999999999999999999988877776655577677643235567665445421233333322222232222211222233332223333322333222222221111111111111111112332113322223333443443444444566677778888766666665555545
55555555555556899999999999999999999999999999888776666676666543234557755445422333333222222222211111222233333333333323433222222322222111111111111112232112221223334443443344444556677788887666666666565555
44444444555557999999999999999999999999999999998876778777666543224445655444422333332222222222111111222223333333333334433333333332222111112111111111221112211122234443433344445556667777876655666666666666
44444444556668999999999999999999999999999999987666568767665443323433444444322333322222222222111112222223333333344334433333333333322222222222111111111112211122234534433454444556666677776666666666666666
66665554556789999999999999998877778899999998766566555655555433323443334343322233322222222222111222222223333333344444434444444433333322333233211111111112211122234434433444445666665677766667777766666666
77776666567899999999999999987666666688999987765445555555444433322333333333222223223322222221111222222223333333344444444444444433334323333333211121111112211112234433333443345666655677666667777766666666
77667677789999999999999999876555555667799876664444444454433333323333333233222232222222222221111222222223333333344434444444444444444334443443211222211112111112234333323333356665556677666666667666667777
66666779999999889999999988767665554456789876665433444444433333333333333233222222222222222211122222222333333333334333444444444444444444444443222223221112111111233332223323456654456666665666666666666667
66667889999988889999999888777777665455568865665433344434433333332333322222222222222222222211122222222333333333334333334444444444444444444443323333321112111111233222122223566544456666666666666666666667
56788999999988899999998888877777666554455544444433333333433333332233322222222222222222222111122222222333333333333333334444444444444444444443333344321222211112343221122234555444556666666777667766666666
78899999998888889999998888878778876664455333333333333333333333333222222222222222222222222122222222223333333433333333334444444444444444444444333444322222222112333221112235554444555556666666666666655556
89999999988889987899999998778877877775454333333333333333333333333322222222222222222221222122222222233333333333333333334344444444444444444444334444333323322122333222112345543345555555556677666665555566
99999999888899999789999998788888886665554322333333333333333333333322222222122222222211222122222222333333333333333333333334433444444444444444444444333333322123333322222344433345544555556666665666555555
99999999999999998789999998888888877665443332223322333333333333333332222222122222222112222222222223333333333333333333333344433444444444444444445544433333322223333322223444323344434444455666666667776655
99999899899999999989999987888877777655443222222222233333333333333332222222222222111112222222222223333333333333333333333333433344433344444444444444433333322223443212233443323443333444445666666666777766
99988888899999999998888866788787776666543222222222233333333333333332222222222221111245432222222223333333333333333333333333333344433444444444444444444443322334432223334443223332223343345666666666666666
98888888899999999988866655667777776667543222222222333333333333333332222222222211114556553222222223333333333333333333333333333344334444444444444444444443323344433233444433233222223323345666666666555556
88888888899999999876665333344455665565443322222222333333333333333333222222222221146435543332222223333333333333333333333333333343333444444444444444444443334444333334444333332222223222345556666666666677
77887888899999999644542111233333333455443332222223333333333333333333233322222211366433343333333333333333333333333333333333333333333444444444444444444444344444433344443333332211223222344555566666777777
77777778999999998433321111112232223345544332222223333333333333333333333332222212565332334555332223323333333333333333333333333333333344444434444444444444445444443444443333322111222223333445566666777766
77767888999999996222221111111122222234544332222222333333333333333333333332222113653333323565422222333333333333333333333333333333333444444334444444444444444444444444444333222111222233333345566666677776
76667888899999985455552111111111222223444333222222233333333333333333333332221115532333332346642223333333333333333333333333333333333444444334444444444444444444444444444333222112222233333345665556666666
66567888889999987776663111111111112222344332222222233333333333333333333332221125432333332234652223333333333333333333333333333333333444444334443334444444444444444444444333222112222333222345655455555566
66568888888889988778864211111111111122334332222222333333333333333333333332221145322233333234652233333333333333333333333333333333333444443334433334444444444444444444444333332222223332223455444445555666
66678888888888988888765321121111111111233332222222333333333333333333333333221144222233333234432233233333333333333333333333333333333443433334333444444444444444444444444433332222223332223454323344456666
66678888877788999887766432112111111111112222222223333333333333333333333333221244222223333333332233233333333333333333333333333333333333333334434333444444444444445544444444433333333322234442222233456777
66778888777788777788656543321111111111111222223333333333333333333333333333221243222222233333332233333333333333333333333333333333333333333333334333444444344444445544444444443333333222233332222223345677
77778777777776556777665554432222211111122233333333333333333333333333222332222243322222222334422233333333333333333333333334333333333334433333333334444433444444445544444444444333333222333322222222233456
77777666666666567776655554444333222333333333333333333333333333333333222222222233332222222346422233333333333333333333333333333333333333443333333333444434444444445544444444444334433323333332222222222334
88777666666665667666554444444333344444444433333333333333333333333333222222223223332222222345322233333333333333333333333333333333333333343334333333334444444444444444444344444344443333333333222222222223
77766666566665666655444433333333344344443333333333333333333333333333222222233224532322222233222233323333333333333333333333333333333333344333333333333444444444444444444444444344444433344333332222222223
77766765556656655554433333333333333333333333333333333333333333333333222222332222443432222222222233323333333333333333333333333333333333344333333333333344334444445444444444444444444433444444433333333334
77766655556655443454433333333333333333333323333333333333333333333332222123332222234543222222222333323333333333333333333333333333333333334433333333333433334444444444444444444444444444444445544333433344
77766665556544333344433333333333233333333222333333333333333333332222221123322222223443222222222333323333333333333333333333333333333333333433333333333333344444444444444444444444444444444455544334444444
77765555555543333334433333322222223333333222222223333333333333322222211233322222222222122222233333323333333333333333333333333333333333333333334333334333344444444444444444444444444444444555544334444445
77655554455433333333333333332222222333333222222222233333333332222222212333222222222222122222222333223333333333333333333333333333333333333333334333334333343344444444444444444444444544444555544444444555
65444454455433333333333333332222222233322233322223333333332222222222223333222222222222122222222333222333333333333333333333333333333333333333334333334333344444444444444444444444444554444555544444444555
44443333344333334443333333333322222222223333332333333333322222222222233332222222222222122222222233222333333333333333333333333333333333333333333333334333344444433343444444444444444554444455544444444554
33323333334333345444433333332222222222233333333333333333222222222222323322222222222222222222222233222333333333333333333333333333333333333333333333333333344333333343344444444444444444444445444444444444
32223333333333455555543333222222222222333333333333333222222222222223322222222222222222222222222233222233333333333333333333333333333333333333333333433333343333333333344444444444444444444444444444444444
22222223333334555555543323222222222223333333333333332222222222222223322222233222222222222222222232222233333333333333333333333333333333333333333333333333333333333344433444444444444444444444444444444444
22222223334445655444333222222222222222233344333333222222222222222233322222223222222222211111222222222233333333333333333333333333333333333333333333333333333333333344433444444444444444444444444444444444
22222222234346654332222222222222222222232333322332222222222223333343332222222222223221111111122222222232333332333333323333333333333333333333333333333333333333333344444444443334444444444444444444444444
22222222234456543322222222222222222222222232222322222222222343223333333222222222222222111111122222222232333333333333323333333333333333333333333333333333333333333344444344443334444444444444444444444444
22222222234554432222222222222222222222222222222222222222234322212222333222222222222222211111122222222222233332333333222333333333333333333333333333333333333333333344444344443333444444444444444444444444
22222222234543322222222222222222222222222222222222222222353222222112333222222222223222211111122222222222233332233333233333333333333333333333333333333333333333333333334444443333344444444444444444444444
22222222223432222222222222222222222222222222222222222222442222222211233222222222223222221111122222222222233332233333233333333333333333333333333333333333333333333333333433443333344444444444444444444444
22222222222322222222222222222222222222222222222222222223422222222221222222222222223212211111122222222222223322233333223333333333333223333333333344333333333333333333333333333333444444443344444444444444
22222222112222222222222222222222222222222222222222222224322222222222222222222222222222221111122222222222222322233333222333333333333222333333333334333333333333333333333333333333344444443334444444444444
22222222211122222121122222222222222222222222222222222234332222222222222222222222222222221111122222222222222322233333222323333332233233333333333333333333333333333333333344433333344444443334444443444444
22222222221111221111111222222222222222222222222233333334432222222222222222222222222222222111112222222222222322223333223333333332233333333333333333333333333333333333333334443333344444443333444443444444
22222222221111221111111222222222222222222222233333333334432222222222222222222222222222222111111111122222222322223333222333333332233233333333333333333333333333333333333334443333344444443333343344444444
22222222222221122111122222222222222222222222233333333344432222222222223322222222222222222111111111122222222222233332222222333222233233333333333333333333333333333333333334443333334444443333333333344444
22222222222121122111112222222222222222222222333333333334432112222222223322222222222222222211111111122222222222233332222222233222233233333333333333333333333333333333333333443333333344433333333333334444
22222222211111112211122222222222222333333333333333333333432111222222223222222222222222222211111111112222222222233333222222233322333333333333333333333333333333333333333333333333333334433333333333444444
23432221111111111111112222222233333333333443334333333333332111222222232222222222222222222222111111112222222222233322222222333322333333333333333333333333333333333333333334333343333334433333333333334444
23222322322111111111222333333333333333445543333333333322222211332222332322222222222222222222221111111222222222223322222222333322233223333333333333333333333333333333333334333333333333333333333333334434
21112333343112211234323333333333333444445543233333333222222223532233323322222222221122222222222111111222222222222222222222233222233223333333333333333333333333333333333334333333333333333333333333333444
21122222223212323564322223323334444443345433333333322222211125533332223322222222221112222222222211111222222222222222222222233222233223333333333333333333333333333333333333333333333333333333333333333333
22222222223322233443333333334444444333355433333332222221111135422222223322222222221111222222222211111222222222222222222222222222223223333333333333333333333333333333333333333333333333333333333333333333
22222232222222333233333444444444433333345433332222111111111124322222233322222222221111122222222211111222222222222222222222222222222223333333333333333333333333333333333333333333333333333333333333333333
11111122223333333233333444444443333333344433222211111112211123322222233322222222222111111122222222111222222222222222222222222222222222333333333333333333333333333333333333333333333333333333333333333333
11111111113333443222333344444433333222344332222222111122111233322223333322222222222211111112222222221222222222222222222222222222222222333233333333333333333333333333333333333333333333333333333333333333
22111111112333443222333333333332222222244432222122211111111354222223333222222222222221111112222222222222222222222222222222222222222222333333333333333333333333333333333333333333333333333333333333333333
22221111111333332222222233333222112222234432111111111111111343222223333322222122232222111122222222222222222222222222222222222222222222333333333333333333333333333333333333333333333333333333333333333333
22221111112233322222222222222211111122223432111111111111111233322233333322222222222222211112222222222222222222222222222222222222222222333333333333333333333333333333333333333333333333333333333333333333
22221111112222222221221111111111111111222332111111111111111223322233333322222222222222211112222222222222222222222222222222222222222333333333333333333333333333333333333333333333333333333333333333333333
22221111122222221111111111111111111111222232211111111111111223322333333322222222222222222212222222222222222222222222222222222222222233333333333333333333333333333333333333333333333333333333333333333333
22221111122221111111111111111111111111122232211111111111111123222333343322222222222222222212222222222222222222222222222222222222232223333333333333333333333333333333333333333333333333333333333333333333
22222222222211111111111111111111111111112222221111111111111223223333444422222222222222222222222222222222222222222222222222222222223223333333333333333333333333333333333333333333333333333333333333333333
22222222222211111111111111111111111111111222222211111111111233223333444422222222232222211112222222222222222222222222222222222222222223332333333333333333333333333333333333333333333333333333333333333333
32222222211221111111111111111111111111111112222111111111111233333334445422222222233222221112222222222222222222222222222222222222222222333333333333333333333333333333333333333333333333333333333333333333
33222222221221111111111111111111111111111111121111111111112233333334555322222222234322222122222222222222222222222222222222222222222222333333233333333333333333333333333333333333333333333333333333333333
33222222222211111111111111111111111111111111111111111111112233333344555322211112245432222122222222222222222222222222222222222222222222333333223333333333333333333333333333333333333333333333333333333333
33222222222211111111111111111111111111111111111111111111122333333445555322211112345543222222222222222222222222222222222222222222222222333333223333333333333333333333333333333333333333333333333333333333
43322222222211111111111111111111111111111111111111111122322333233455555322221112356666532222222222222222222222222222222222222222222222333333333333333333333333333333333333333333333333333333333333333333
