22223322232278322222223343323323345322332255332223333223332233332685333322222221111111111323238632332233222267442223332333423221223367433223322322222484211222222257888888888888888888887865488753333324
22222222222277322233333343323333375332333365333445443334334444332695433232333222222211223444426743433332112246542224333432313222334368532222432223333565211232222244567888888888888888887875487544334333
43343333333477454555555554544455586455555576455555555555555545544796545444455444444445555565557734544554335444443434343533236433535247532223432223323232211242221243345777888887888888887775464334343333
33444444444476444444444444444444486455554465355444555555555544555895455545555545555555555554468624555555555555555555555545555554555357533334533234344342211242222343333357888887767887677775345434353222
33333333333387433333333333333333377444444466344444444444444444444795444445555444444545555544458634554455555554444555445445555555555656434445545455555555444454545554544467778885445677446775346544352222
33333333333387333333333333333333368433333356333333444444333333443785443444444444444444444444458634444444445554555555544444544554455555434545455445555555555555555555555565566666556556557775355555554444
33333333333487344334343333333334368433333356433333333333333333333795433333334443344344444434458634444444444444444444445444444554554566534555554454555555555555555555555555555555555555544774355555665555
33343333333386333333343333333333368433333357433333333333333333343795444334344444344333333334458633444444444323434444444444334444444466534444444444444444455445555555555555555555555555531665455555555555
33333333333386333333333334333333358533333357433334434444444444444796444444444444444444444444458634444444443225654444444444334444444476533444444444444444444444444444444444444445544455554775445455555555
34444333333386333333333433344444458533433457434433434434444444444785444444444444444444444444458634444444443237675444444444444444444466533444444444444444444444444444444444444444444444446775344444444444
44444443433486434433333343344434447544443456434443433433344444444785444444444444444444444444468634444444444257687444444444444444444456534444444444444444444444444444444444444444334344446776344444444444
44444444444596444344443444444433348633343347334444344443344444433795444434444444434444444444468624444444444266677444444444444444444476534444444444444444444444444444444444444444344444446776444444444444
44444444444485344444444444444444458643333347534444444444344444433785444334444344444444444444456633444444444466578444444444444444443476534444444444444444444444444444444444444444444444446776444444444444
44444444444585444444444444444444435644444447534344444444344444444795434444444443444444444444334434444444445575488544344444444444443476534444444444444433344444444444444444444444444444445776444444444444
44444444444586444444444444444444446544444446534444444444444444444795444444444444444443444445323333444444444585688534444444444444444576534344444444433334443344444444443344444444444444445776444444444444
44444444444585444444444444444444447644444447534444444444444454443595444444444444444444444456323333444444444795678534444444444444444575323444434444333334444444444444433333334443444444335776444444444444
55444444444585444444444444444444447744444447534444444444544444444685444444444444444444444467323433444433444895678624444444344444444576434444444444443444444444444444443444434444444444445776434444444444
44444444444585444444444454444444447744454447434444444444444444444795444444444444544444444468425633444444444884578624444444444444444576434434444444344444434444444444444444443444444444445776434444444444
33333344444584344443334444444444447744444447534444444444444444444795444444444444444444444479426544444444443886568624444444434444444477534344444344334444443444444444444334434444444444445676444444444434
33333343344585343433333433444444447744444447634444444444444444444795444444444444444444444589437544444444442686367634444444444444444576534444444344433444444444444444444444444444345444445776434444444444
44444444444585443444443333434434444454444446534444444444444444444795444444444444445444434599456543444544453475357634444444444443444577534444444444434444444444444444444444444443444444445776434434444444
44444444344585444444444444444444435643444445534444444444444444444795433434444444444444433598456643444444453375456744444444444444444576534344333443444444444444444444444444444443434444445775334444444444
43333333333595444444444444444443435743333346534455545555555555544485444444444444444444444598357654444544454376656734344444444443444576534444444443444434444454444444444444444444444444445775434434444444
33333333232595333333344444454333324443333336633344455444555556555685455555555555545444444598357765444444455367546734444444444444444476534444444433444443443344433433334444444444444333345776434444434333
43434444332464222322365444433233455433333336622233444443444445555795455555665665556556665698566666554455554467645745455554454444444266534444444444444444443444444443344433444444334433344776434343444434
33444344444444333333376322222234666334333336522333344433444444444685455555454654454555555588666666555555553458765755555555555554444576534444544454444444444544444444444434444443444444344776533334334433
43333343443433344334354334444444544545444345544444444544444334444695344434444544554445444479765456644444443458755965454444455556555586535444555555555444444444454545544454444444444444444776534434433443
43344444444443433433344444344444344444444554544445444555444444443696432334434444444444444469764335654444443457768954444444444555565686535655555555555555555555444444444444444444444445445776534444444444
44444444444444444434444444443334344444445443445445445644444444444695333334433443444333543479754222344444444456889854444444444444444586535554444455445555555555565544444444444444444444444776534555554454
44444444344444444444445444444444444444444444444455444544444444344465344443444333334334434479744222124545544445899645554444444444434577534443344444444555555554555555555555544444444444444776534444444554
44444444434444445455455444454445455544444444444444333433444544444444565433343333334334334489843332113555565545898644545445555444444477534444443433334444444444444555555665555555544454445676434444444444
54445554444444455555455445454555555445555545544444444444554544444443553333343334444333333599844555456666676566998444444445555444454576534444444444334444444333333434434444444544445555443376534444444444
45455555544445545544444444444455555545554555554444444444455675454445544444444443443333333699867666666666666578886344444444444344454576534544444444444455544444444433333333333444444445444267544444444444
45555555445554554555444334544455556544455455544444544445446882244444544444454444443444333698756665555555555557775234455554454444344476435545544544444455545444555544455454333444444344444576544555444444
45666545544544554454444455554455645555555555544554555455544553444454434455555455445454445676666555565555554453654233355666677654454366434454454554444444444544455444554554544444444333444676544455555545
45455554444555445554554555554555555455544554455544556655544444444444444444444445445545667777766555666666555442453244445567778987776577434444556545544554444544444444444454444445444443443687543444444444
44555544545555555665555555443465665555555554455455445554555454454445444444444554445455566777665655666655556542332233333345566688888777655556654466544444454445543344444454333434444445544677643433433444
55544445445444554554554443334455565544555555564555445544545445454544545444444544544467777766665666666654444443222233333333335667888877766666544566566445444444544544434443453444445434444677643444444443
44544454445444555455454354444445554444454454554555345554544455544444544444544444444467777776666566566776454332222223333443432345667787776654455665555554444443444444554543444444444444455577643444544444
44444554444444455455444555455444554444454444545554454555445455544554445445454444444534877765665555467776454322211123343334454455455667765455555655554454444444444545444443444344444455554577643544444444
44444555544444455454444444455554444544444444545545444455445444444544445444444434455215877656655555674332223322112113444445555433444467545555555655555545444434333335334434433343354555554567643444444444
44334444454444444444444444454444444444444455555444533334544444444444432333344433444227755556554443662111001222112213443444443334455454455554556666666554433433344335443454443544455555555567653444344443
44344454555455444444454434454454544444544445544444444434454444444544433444344444443466654445554555563211100122222323444434454446786445555555566766666665443444344443343443344434444555445237654543445433
44434444556544454444444434455544454454344445444444445444545544454445554555544445444555555433334555454431100111222323444544444455565566555556677776666556554444444443444444333343444454354347653444444444
44444433344445444343455444554444444444444444444445455455445555455545554555545554554786545443345553333442111112212333444455445644567665555555677766666555554444444334444444433443444433443467653444343344
43453444444443344444344444554444444444554454454455555554445554444445543444445555568888755444444433333332122222111223344454577554578655556667667766666656654443344444444333434434444333443477653344344444
33444344444533444444334334444444445545445555555555555565555665544445544444445566698688853333333333232222122222111222334455897555687655665677787666676656544332233344443444444333344344434467653433334343
43434344334443454443334344444443444554444454446544455555555656444445554545556766999888864333333322222222112122111122233556665668776655665666777655666655543334434334443444434444444434444467653443434444
44444544444444454443444444455454443344455444444444555666566554445445445555455669999888864332222222222332112122111122223333346866655566766667666555556555554224544433444433343443433334444467653343444444
44444444444444443444445544465444444444444555555444456565555654444444444455455688998776773332222211123332112222111122223222346665555567765556655566655455554223433433334444343334343344443367653233444443
55444444444443444455445654455444444444345554434444555444555554554544455555444556766654474333222111123211122222111112223333212334555567655665556665554444454222332323433343333333433343443466654223334433
33444543433433444444444444454454444444456654444445555445444554544545556645544234543221135222222211122111122222111111222333332122334578655556666655554443445322334333344554343334333333444457653222343334
33344433444444334344334433344444444444455434445544446555555554344445555546563233332000005322212521121111112212111111222233333212333356555556655555544433444422345432345644434444334434534456542323333222
33333444344443434443444434444445443344445444445444545455544554444554445555552223331000025333225541111111111122111111222233333321233334456665555554444333434432245444556643354544445445544444433333333332
44333434333344434444444444444444443444445544434445455454455654554444445554443333322111244233212341111111111222111111222223333331233333346665445555444344434542245545655555454544445455543353333333433333
44434433333443333433344344433443344444444444444444454444554444444554445554443332222223332233212431111122222322111111222222333332123333223355445444444444433552235544544445455454555455433333334444333433
44344333443443343344333444444444454444444444444444454445443433444454444555544333322222222222211332111222322332111111222222332233212333222223444444444444333652234445445555455443344443333322345444444543
43344333343433344333443334333443444344444444444444444444444444444334433444555433322221122222211211122223322421121111222222332233312333222222334444444444332442134444444455445433333333344323345544554543
44344343443334433333444433333343543334444334444444343444454444444444444444546533323221222222211211121222222321111111222222332223322333222222233444444333333442234444444454444444343333344444445434554323
44334434433344433344433444444434444444434344444443444444444444445434444444445533333112222223211111121111111321121111112222232222222233222222222344444433333342234545444444334344444444443344454544544312
44444444434444444444443444444444435444443444344444444433434444444444444444445533332112222222311112111111111121211111111222222222222133222222222333444433333332134444433333343344444444444444444433333322
43443333444444334444333443444544444444444444344444445434444444454443444443445654442111222112311111100111111111111111111222222222222122222222222333344443333332134344443333333434443444445455444343333322
33444434444545444344443454544444545444444544444444344444444454454443334444444678752111100001311211101111111111211111112222222222222222222222222223344333332232133344444444443443343434445445434443334322
44444334444443343444343345544334444455434433444444444444444454455544444433444545431100000001311211101111111102111111112222222222222212222222222222233333322222134443444445444533443434444344334444444344
33433333333344444433333443444344333445433334444544433433443444443444444433344445420000000001311111101111111112111111112222222222222222222222222222222322222222134434444444444444343345434343333344444445
34433334333444333333333433444444332443444444444443444334344444444433454444443444331000000102312111111111112122111111111222222222222222222222222222222222222222134444444444333344434444334343333334434444
54344443333344343334333434344444433334444444554344455455445444445434444444343445311000111112212111111111111211111111111222222222222221222222222222222222222222134344434444343444444544344344334434433333
33343433333233333344433433343334343333333342333434344453444444444444544444444434433232111112112111111111121112111111111122222222222222222222222222222222222221134344544434344443333343343346334443444444
33333333333343433334455333333334433333334443433343344444534543444444444344455433344432111112112111111111211111111111111122222222222222222222222222222222222222134445444334434433443343444444344445634444
44334333443333334444344334334334444444334343333444344434544443344444443333445432222211111121122111221121111111111111111122222222222222222222222222222222222222134333344343343433443333344433443345543334
34333333333334333444333333334333433444444333454433444444444443354444334444344443111101111221122122332111111111111111111122222222222222222222222222222222222222134543444343443333333443344433333333343454
33333334333343434443334433344333343344333333354433344444433433354343334444444344321111111221112211111111111111111111111122222222222222222222222222222222222222233433333433443433333563334443443434333454
33333333344433343333333333334343334333333443333343333433333333334343354344333334432111111111111111111111111111111111111122222222222222222211222222222222222222233443334344444433333443334444444444333443
44333333344433333323333333333444334433333333323333333433333333334334544443344444332111122111123432233231111111111111111122222222222222221111111222222222223222244343333344444443345443345543344433333343
34332333333443343334443433433333333333333333323333333334333223333343344433333433444212333322234443343332111111111111111112222222222222221111111121222222223322233334433343444433444444544543434443433443
33333333334433443335434335434443334333343333233333334333433334333343343334433333333343344443444444443344211111111111111111222222222222221111111111222222223322233344434534565434454433443333444332323534
33433433433444433344333334333443333333333333333334434333333333334344343433443333333344433444344434444445411111111111111111222222222222221111111111122222223332233333334533454445644544444333332223335643
43433444543443444333333334433344433343334433344243333333233332334443333443444344334554433433443344444444531111111111111111222222222222211111111111122222222322243343343422443344543444544432323223335444
33433334433434544343333344344434463433334443333234454322233333334223333444343344444443333334443443544334532111111111111111222222222222211111111111122222222222234433344433334333433434432332332333335345
33333244344345443333444334433444443333233344333434445322333335334333444443443334444343333433333333333345655211111111111111122222222222211111111112222222222222233543333443334433333333433334444344445323
23333324333344444434454344433333433333323354434433344322343344333444333333334434344443334444333332343335763211011111111111122222222222211111111122222322222222233543333334433333333323432236534344443334
33343445434444434345444433444434443333344444444432343333333334344533333343443444433444433444333334444335773321111111111111222222222222211111112222223332222222233333334435433333323233333225534443343334
33333444444444544444555433434444443334434433344333344444443334444443333454444443333333333443344444444335765321111111111111222222222222211111112222233332222222233443343344433333333233233335633342355333
44234334343343344434446444344344343433334333333343343334443444443443334544444344443333343454345343343446657422211111111111122222222222211111122223333343222222334433433333333333343333333334433332344343
43434433343433333344434534444443443444333333443443333445545543333433344443444444434333444534443344443345566643311112111111122222222222211112222333343443222222234323433324333332332333333343222323332332
44333343344533344443334543444444443334444434543544444555544443233222333444434444444444433333543344434445666653211111111111122222222222221222223334434443222222233323333233333333332323333332323322323332
34333343334434444444445543445454554444445444444444433445444443323322223334334444334324334455544444444335766554211111111111222222222222222222333333343333222222233322223222232232222434333333233312323332
43334333334433443444455543444545654344444444445333334445554443334333444443344444333433333443333443333435766556422111211111222222222222222333333333344323322122233332223343333242332333332333323232332233
33334443344433444533454444555445664445444334444433333444443443344454344443343234334443333334333343344435766656642222222111122222222222233333333433443333221112233333323333333332323332243333333334232334
33444544444343333444455444445455554455443244344444343333334433343444544444334344344443333333344343444434766655663222222211122222222222233333334544344333221112244333324444333333333442333332333323333324
33344444433433344454445433454554464444333233443444444333233334443444454444334443433333344333333344445434666655566322222222222222222222233332234434344433322212333233333343333233323332323332333323233323
23344334333433444555555433335445555443344434443444344333233344445554442342223444433443333343323333424323566655566322222222222222222221333222233432245443322222333343434433333333333223433323322321333333
55444443333244455555434434344445444433444433333333443343343443234344332222233344333444333344333333333333456665455422233322222222222211563222333323333333222222324443444433333322233212333332322322343333
36444434444344433444433333434345444433433243343334433344333342233443333232322333334455334344333343444344446664434322333333322222222111675222233444334344322222324543454433323233333322343322333322333333
45344444545443434434433323334334345434322343233434443444433344444343244334322233243344333444334333444445345553333345554433332222222112787422233445333344422222223433344433333322332333433322344333333333
44444454344444333334333334444443455333233234223434443433332333433343444334424334334443343344455434434444445543333798678867543222221113777742223344434444322222223433334343444333233334434333323333223224
34343343435444433333334343454434445333343234324244344333334443434443433333333343334433343444443333244334444444335998779999875332222113688874222344443333442222223444334333443333334334333333322333333233
34344344333433443343344333343322345333334344333344334433334344444334444433224654344344444455443344444343544455436888779889976433222113489897322244333333432222223333333343333332333433343333322323333333
34334444224333322343434443343333334333344334433344344443444444334443343443334555443344544454444444444343434457656667677469875333222113489898422244333344334222224333333433333333443433343323322223333333
43333333324443323334433444333443434333343444443343344344333333343345444434333344434444444444344444455444445458887445554345653333222223478998632244334333343222223432443323223443334433333332333223333343
43333343333333233334433343443343344433333443333333334344444333344434434443334334544444445445444444445444443368999643443343443333322223469888862233333333444221123433443224433443333444332233333333333433
34333444334332333444433344443444445433433423333433344444533333334444333433334334444443343443444445444444443368999853333343344333322223458889983233433234554311123443343344543443443344332234333434333333
43332445333233434444344443333323344444334333443433344443333323343334444544444433454443333443444454444343333478999654322343366643322223448999983234543344445311123443334543343423444433343344333333334333
33333344433344444544443433333334344454433333343333443334443332334333344444344444454433444544444444434334333478999765332344489986432223337878763234444444454311113444444443343323443433434344442333333333
33344444344445444445444433344444344444443334434333344444333443344343334444443454444444544446434443344334433378899765333333599999753224434777665334333453453311113444443344343334433333333343333322212333
33333444334455554444444443333322333333333445443333344543343444454333444444344455443454443344433333344444434479999864433343599998654234433887786334344444232321112443332245544434343344434443333332111222
33323445434444443433433342223322233333343444444334454443433343444344334444433444443443334544433343444343434478999864434443499998654233455688886433333334343321112333333333344323343443333433334333221112
33323334333323444323443342112112233434333333334333345444433343333444433343335544433333343433443444434443433478999864443343499998753243443377875333333333444321112333333332344333433333323444433334343323
43343233333444444333443333222223333344434443344444544433433433344436443444434333332333355433343345334334333478999864443333599998642343332277775333333333344421112233333333334444444333233333344434333322
33343344334444344334434333233333433433334333343344443443444543454545556444433333333333345544444554333334333468999864446633599997632343333367786433444433443311112233333333344443444333333234444553332233
32543333344344444344334444333443344533342342344344444333344444444434455333334333434444345443433453333344333467899875436534499997532333233257775334444443443311111223233223334443333333334333334543333332
44444434444444433344434444433554444434334443333344444433354445343344443334444333333433343453433443234443433467899865433433499997422333334357665334443334433311111222232222343334433333333443333323332321
