22222222232239522222222343322323335432233236432222433223332333332387433332223222111111111233326852332223222238643233333242433221122347633222332322223377311122222236788888888888888888887776468864333333
33222221222249533333333344332333358433333357433344444333434444433397443333334322222322223444434853443333212325542223433342313332243448742222342222332466311133222234467788888888888888887776468654434333
44344333334458544455555555555555568455555567445555555555555545554597554544455544444545556565557853554555435544454444443443325543444426742223342223323323211233221233234678788888788888787776455434445333
33344444444458544444444444444444458545555456345444445555555544555697445545555545555555555555457843555555556555555555555554555554555447643334543333434444211133232343333347888888666888677776445544445222
33333333333359533333333333333333348644444457434444444444444444444597444445555544444555555554457743545445555554544545545444555555555565533555545545555565444454555555555456777787544667545776435644344222
33333333333359443433333333333333349633333347533333334444433333443597444444444444444444444444447753444445444555555555554544454555445555543554455545555555555555555555555556555666556556556776445555565444
33334333333369443334444333333333348633333346533333333333333333333597443333334443344334434434447753444444444444444444444444444454455457643555554455555555555555555555555555555555555555554575345555565555
33334333333368433333334333333333348643333347533333333333333343344597444434334444444333444434447743444444444444444444444444333444444457642444444444444444455445555555555555555554555555552376545555555555
33333333333368433333333334333333448743343346634333444444444444444597444444444444444444444444447743444444444443244444444444444444444457643444444444444444444444444444444444444444544455555576445445555555
33444333333369433334333333334444447744433446534443344444344444444596444444444444444444444444447743444444444432255444444444444444444457643444444444444444444444444444444444444444444444444776434444444444
44444444443468444433333343334433446744443446534444443443344444444596444444444444444444444444447843444444444432476744444444444444444456643444444444444444444444444444444444444444434444444776434444444444
44444444444478444444444444444443337843344336634444434444334444343597444443444444444444444444447743444444444432676864444444444444444467643444444444444444444444444444444444444444434444445776534444444444
44444444444477344444444444444444446853343346634444444444344444443497444334443434444444444444447743444444444433766864444444444444444367643444444444444444444344444444444444444444444444445776534444444444
44444444444477444444444444444444443654444445734444444444444444444597444444444444343444444444447743444444444445766874344444444444444367643444444444444433344444444444444444444444444444444677534444444444
44444444444478444444444444444444445554444445744444444444444444444597444444444444444444444444447843444444444455756974444444444444444467533434444444443333444334444444444334444444444444444677534444444444
54444444444477444444444444444444445854444445744444444444444444444387444444444444444444444444447753444444444457757974444444444444444466433444444444433333444444444444443333333444444444434677534444434444
45444444444477444444444444444444445854444445734444444444454444444587444444444444444444444444447753444444344458757884444444344444444467533444444444444344434444444444443344444444444444444786534444444444
44444444444477444444444444444444445864454446634444444444444444444597444444444444544444444444447743444444444469747883444444444444444467543434444444334444444444444444444444444344444444444677534444444444
33333344444477344443333444444444445854444445733444444444444444444597444444444444444444444444435743444444444479647883344444434444444467643434444334434444444444444444444433433444444444444677534444444443
43333334334377443434333433344444444854444445743444444444444444444597444444444444444444444444445743444444444379656873444444444444444467643444444434433444444444444444444444444444434544444687534444444444
44444444444477444444444333334433444444444444644444444444444444444597444443444444444544433444444543444454445268745773444444444444344467643444444444444444444444444444443444444444344444444677534444444444
44444444444477444444444444444444444753344444633344444444444444444487443343444444444444443444343443444444445357636773444444444444444477543444433344344444444444444444444444444443443444444676434444444444
43333333233387444444444444444444333664333345743355555555555555555377444454444444444444444454345443444544445347555774434444444443444477543444444443444433444444443444444444444444444444444676534443444444
33333333333387332333344444454433333443333334742334455444455555655587455555555555545544444475357433444444455347656674444444444444444357543444444433444344443334443443334444444444444433344676534443444433
44444444433355322322257444333233455533333334742223344443344444555587455555555565555556666685476433555555555448754763455555455444444347644444444444444444444344443444334443444444433443343687543344343443
43344444444444433333357432322234566534333334642333434443444434444487455555444554454555555695676543555455555447754754555555555555544467544444544455444444444554444444444444444444344444444676533333434433
44333333343443344433345444444444444445444445544544444554444434444487443443444454554545444785677643444444444457865765544444445556665577634545555555555544444444454544544445444444444444444677643443444444
33344444443444343433344434434444434444444454454544444555445444444488432233443444444434444885787753444444443457865875444444444445555577644665555555555555555555554444444444444444454444544677644444444444
44444444444444444433444545444333444444445444445445544655445444444487433334434343344333453786777764444444443457767965444444444444444477543554444455544555555555556554444444444444444444444677644545555455
44444444434444445444544444444444444444444444444455543454444444344445444443344433334333443687766676444544543457889855655544434444444467643444344444444445555555555555555555554445444444444577544444444454
44444444443444445545545544454444455554444444444444333443354554444444455433344333333433433697644456543444444446999643555654555444444467633444444443334444344444344455555666555555554445444577543444444444
55445554444544545555544545555455555545555554544444444444455554554544454334344333444433333487642334443444455547998544345566565544454467633444444444334444444433333434444444444444445555444257643444444444
44445555554445554544444444444455555555555555555444444444445686445445554444444443444333333487544433456666775657997534545455566665445477633554444444454455554444444443333333333344444445444357654444444444
44555545544555454555444434554455555554445555544444454445544785235444554444455445443444433488666665666666665678986433444434455567655467533544544554444444554544555444455445433344444334444477653555454444
44656645454454454454345455555455554555555555544555455545554454444454444445545445545445444477566655555555555578874343433222234556766567543445455454544444443554445444454455554444444333444577653455454545
44555554454455445554455555554455555445554555456554455655554545444444444444444445445554456766665556655555444546653344433222222344566666544444445544544455444544444344444455344444544444444477653444444444
54455544554555555565565555444355566555555565455445544554455545445445544444444454445456677777665556666655554534542444443222222223456665555554455544544445454444543344443444334344444444554577653443443344
55554445445544455455455444334445565444455555565455545544545545554444544444444454444555667776666566666555665433432454444443332222234555555556544565445444544444444454443444454343444434444577654444444544
44554444445444455455554445444544555445455444455455445555455545544444444444554444444677777766656666666544444432322344344555454443333445555666445666555444445443344444555454454444444444445467653444554544
44444455544445445445544555455544455454444444454554454565444445544554444445444444445787777766666665667754543322222244444445444333323333466654456655555543444544544544444443443334444445554467753444444444
44444455554445455444444444454555434554444444545544544345545544444454444444454434544358777656656554678865543222111134444433444344343334564544556665544544344343433334433434432244344455555457754345444444
44433454444445444444445444455444444444544545556444453333544454444444332334344443441167776566555557644322333221111124443333544344444576545555556555555454232433334334544344344444454555455556654444344443
44444455555545444444454443455455554444444445444444444444445444444444443444444444442376555665444447511100112221122114543444555443444564555555556665655544444454344444334444344433444455445316654444345443
44444444445544444444445444555554444445444444544544445544554554445445555455544445444665444555445556521111012222122213454544444445774444555555667666666655444454444443444444443343444445445436654344444454
44454443334444444344445444455444444544554444444444555545445555545554555455545555555555544343455555544211012222223322444455444566665566555566677766666665544444444334444444433444444433443357754344344444
43354444444544344444334444454444444444554455455455555555455555444444554444444555558754554433455533334311101122123322344455446544566665555556777766665555554443344444454433434443445433443457764344334444
33344434444443344444434333444444445545444555555655555555555566554445554444445555788986554444444333333321222222112332344445675545677555566666677666666556544433233344443444444434344344443457764343334444
44443444334444445453334434444444444445444454444644455555565655544445564555556767977987433333333332322221222222112333345557986545886555566787777666676666544333444433443444443444444434444457764343444444
43454544444444445443444544455455444344445545444544455666556654444445544555467579988897533333333222222211122221111223324446665577776656656677776556666555433344543444344433334343334334444457764233344444
44454444444444443444444554456444443444444555555444456656555564444544454445466799988897533223222222223221121221111222322222246676665566666677776555565555543233443433433434434333434334344346764223344443
45444544444443444455445554455454444444435554433444555444455554554554456555457899987677533322222112233321222221111222233222234555555677756666655566555555543222233332433334333333443343444456765222334433
43344443333443344444434444444454444444456654444444555545444555554554555654555677666447533332221112332111222221211222223332223334555666555555556665554444453223334433334554444434333433444446754222334323
43343443344444333434333433344444444444445533444544545555555555434445545545634455432112632322221112321111222211111122222333322344445787555566666555544444454223455432345653443444433543543445543233332322
33433345434444444444444444444444543344445434444444545455544454444555444555523343310000352322133111211111122121111112222333332234445676555566655555544444444322444544555654344544445545543444443333333332
44433433433344443444444444434444444444444544434445446555445564554444445555323333200000342321365211111111112221111112222233333212445555466666555555444334444322444544554545445454545545543344333333343343
44443433333443333343344344443443344444444444444444454445454343444455444554333332211112432321234311111111112221111112222233333321345544566655555554443344334422354544454444456454455445433333334444333433
44334433344343344344333344443444454444444444544444445444444333444444444454333322222233332321124211111111222221111112222223333332234443456655555554444444334532354444545555446544344443433322234544444543
44334433333443344333343334333444444334443444444444444444444444444433443344433332223232222321124221112222223221111111222223332333113333455565444454444444335642244444444445445443343333344423435544455443
44434433343334443343443433333433454443444434444444343444455444444444444444543332222212222222123211222233234211111112222223332333213332344455444444544444334532244444544444444444444333344444444544464432
44333444433444443334443444444444444444444444444444444444444444445544444444453332322122222222122112222232233112211112222222332233222333233455444444444444333432244444444444334434444444444344455453443422
44444444444444344444444444444444434444444444344444444443434434444443444444453333322222222232111112211122123111111112222222222222222333223454443445444333333542244444443333333334443444444444444443333332
43344343444444434444433344344554444544444454344444445443444444455434344444453333311222222232111121111111113112111111122222222222221233222334444444444433333332244334443433334344443344444545444333333332
33444443444454434344443454454443444544444444444444444444444455455554444444455434311122222232111111011111111112111111112222222222222233222233333444444433333332244334444434444343333443444435444443334322
44444333444344344343433344544334434445534433344444544444444444455554444433456866321111100123111111011111111112111111112222222222222222222223333444454343332332244444344445444543444443444435434444444434
43343333333344444443333443444444333444443334444454432343444344443444444443345554211100000023112111011111111021111111112222222222222222222222322344444333322232244443444444444544344334534444333334444445
43433333333444333333333443434443332343444444554444444334444434344433344443444343100000000022111111011111111131111111112222222222222222222222222343333322222222244444444444433334344444434443333334444444
54334443333344433334434443444443443333444443454434445455544444445433444444434443200000000132121111111111121221111111112222222222222222222222222343333222222221244344443434344444444444344334433433433343
43334333333233333334444433333333343333333343233344344454354444444444545444444532100001111131121111111111121221111111112222222222222222222222222233333222222221245444544434444543333333344336534443444444
34333323343344433333445433333334443333333443343344344444443543444444444343444453221211111121221111111111212121111111112222222222222222222222222222333222222221244444444333544443343343344434444444653434
34333333343334333444343333333334434444434334333443434443444444344444443333443334454421111211221111111112211221111111111222222222222222222222222222223222222222234443344444333433443333344433343334544334
33333333333334333444433333333333433334444333354433344444544444345444433444343223332111111211211111111122111111111111111222222222222222222222222222222222222222234543444433343332333354344443333333343354
33333334333333333434333433344433343334333334344333344344443443344344334444444322211111111211211123322211111111111111111222222222222222222222222222222222222222233433333433444443333464333443443444432354
43333433344433333333333333333344334433333444333344332443333343334334345344434432111111122111222133431111111111111111111222222222222222222222222222222222222222234444333344444433333343334444444444333343
44333333334343333333333333333444333443333333323333333333333333334333544444334443211111121111121100111111111111111111111222222222222222222222222222222222222222244343333344444443335543344544344444333344
43332333333344334334444433443433333333333333323233333334333323333344334433433433221111110111123211112111111111111111111222222222222222221111222222222222223222343334433443444443344444544544344443333443
33333333333443354334533435533444333433343333333433333433433333323334344333433333221113321223345323343311111111111111111122222222222222221111112222222222223322343334434543465444454443343333434332333543
33333443343344443344333333333343323333333332334334434333333333334444333433343333333244443444344333433421111111111111111112222222222222211111111112222222233322333333333543444344664544454333333222424653
44442343543343444333333344443434444343334433344333343333223332333443323444344434434464433333444334444442111111111111111112222222222222211111111111222222233332344334344432344344553444553432232323324545
33343334533333554334343434344433455333333543333333454432223333334322433444344343444444333333443443443444211111111111111112222222222222211111111111222222223332333443343433334333433434332333343333335444
43333334434335444333444434433443444333323334333433445432333334434333344443343333444334334443333333333345311111111111111112222222222222211111111111222222222322233453333344334433333333433334444444444422
23333433433444434444454434443343433333333344434433234322343344433444333333334434434444334444423333334336431111111111111111222222222222211111111121222222222222343453333333433333333332443235643434344333
43343344434444443434544433344444444333344443444533234333343334344443333343344444443344443344433334444447653111111111111111222222222222211111111112222322222222233343333434543333332233333223633344234334
43333344444344444444456443434444444333433433334433344444443334444444343454444443334333333343334444344347752211111111111111222222222222211111111222223322222222333443343334433333333233223233643343245423
54334433343333344434445544434444334343234323333344343333444344443343334543444444443333343444444434333357763321111111111112222222222222211111112222233332222222344433343333333333334333323333433433234334
44443443344442334344333544454453443344443333454444344455545543333333344443334444444433443543433334443357765321111111111112222222222222211111122222333342222222244332343323433333233333333233222332333232
44434344334543344444344453454444444334444444443444444455544444333321223344434444444434443333443334443457676422211111111111222222222222211111222223443442222222234332333223233333333232434233332322322323
34433334334433454334445553444444554444444444444444433444544443322332223334333444334333334345554443443347766543211111111111222222222222221122222333343333222222233332222323233323222343323233233321232323
43334333334443344444455543444544665334444544445433333445545444334433345443344344333343333443333343333457666652111121111111222222222222222222233334334332222222233333223333333333232332232233322333232233
33434443344443344443455444545444665445544434444443233444344444334454434443334234334443333334333333344457666555211111111111222222222222222223333433444333211222233333333433333333332333234333333333333233
33344544443333333354455444444455455355434334444444334333334443343344544444433334334443333333334344444447766556421111211111222222222222223333333544344433211212334333423444333333333443323332234322333323
33444344433343344444544533444455455454433223443444445433323334443444444444333444433333334333343344445446766656632212222111222222222222233333333443334533321112343233333334333233323333232332233323233322
33444333333443344555555543434544555443344444443344344333333334335554443233232444433444333334333333433336766655663222222211222222222222233333322342235443222122333343443443333332333222343322332231233333
55444443333234445554433444344345434443344433333334443334343444234344333222233344333444433344333333333335666655566222222212222222222222233322222333433333222222324443344443333332323321233332332232233333
34544344545334443344433333443335434533443244243434443344433343234443333332321233334445434344333333444345566655566322222222222222222212454222222244434344222222323544454433323223333332343332233322333332
55434445444543343434433333334333345533332234323434444344433244444344334433432233334344334344435433444445556655445322233322222222222112675322222234433344322222333433343433333322332333433333244333333332
44444444344444333334433344444443446333333323323434444343332343343333344334433433434544333344446443434444456654333322233322222222222112567522222224434444322222223443334434444433334333444433323333323323
34334333444544443433334443454433445434333334323334435333333444444444334433333244333433343344443233334434444543333455555433333222222113356642222223443333332222223444434334343333334334333333332333333233
33434435333332334344344333333322345434333334343334434443434445444333444443223555344334444445444334444343454443335997679865433223222124347774222223433333332222223333333344333333343444334333322223433333
33433444324432322333433444333333333434334433443334334444344444334444444444333455444344554455344444445344434553337997779988753333222223447887422223333344332222223333333433333333343433333323323223433334
43333333423443323334443444333344433333344344443343334434333334343335544443333344444444444444444444445444444676458777678788764333222223446888732223334333333222234443343323322443333443333333333223333344
43433334433333333344443344444334345433433443333333333444444333334443433443333433544444445544444444445544443688765556565476654333222224446888863223333333443221233342443223433444333343333233333333333434
43333344434332233344443344433344444543443433333443334444443333334444333443333433444444344353344445444434444789996444444444443333322223445888885222343234554211124444334344443343443344333233333343433333
43333344433223443444444443333322334455334433343343344433333433334333444554444443455443343353444454444343334889998643433343333333322223344888998322444344444211124444334453344332344433344334333333334333
43433334433344444454543333333334334454443333333333344334543333334434344444334444444433444454444444434334434899998853333342333333322223333799998523443444455211124444444444343323453432434434343244433333
33344444434445445445444443334433334444443333434433344444333344345434333444443454444444544445534443344334434899999853323333333433322224443477776533333454344211123334443344443334443333333334333333322333
33333444434455554444454443323422233333343444543334444444343344344333444435344455444445433344432333344444435999998754334344358876432234443467777743344444333211123343333234554433444344433443333333322222
33332444434434344433343343122322233333333443444434445444443344344344333444433444443343334543443343444443446999998654334444499999753234345458888743333334344311112333333433334332434444333333433333333222
33332234333333444433444344112211233444433343333333344543443344333444533344334543443343344443344344534443435999997644443334599999753244344237888643333333344311112443333333334433433332323444433334443332
43244333333344444433444333222223333334433443344444454433343343344435544444433333333333345443344345433333436999997544443433599998642343332236787633333333344311112333333333334444444333333333334434333332
33333334344334434334434333333333433433334333334344454343444443444545556534443333334334335554444564333333336999987554445743499998632343333335778643444443443211112233333333334444343433343323444463333233
43453444344344544344333444433444344543333243244334444333334444444433345433344433433444434443443354333334436899998554434644599998532343323325777643444444444211112233233222333444343333333433333453333333
44343433445344434334343544433544444444334544333344444443344445334344443334444333433333343354343453334443436899997654443433499997422333434435776533444333433211112232232222344334443333333344333333332332
