22222222222222222232222222232222222234543222222223333322332223432222222332233333555434433233333333333598545555555555555568743232222233455787677676443333333322233333333333333332233333222222333322224643
22222222223222222222222222232222222223333222222333333333333233332223223333333333455333433343333333233598545555555555555557655322222122368877665666433333233322233233333333333333222333222222333333223433
22222222223222223322222222233222222222223322222343333333333333333233222333333333443323433333343332233899545555555554555556664211111112588775445555432333333333333333333333233333333222222332222233233333
22222232222222223222222222333223333333333322222333333333433323333222222233333333333333444434543343234899555555555544544446763211111114877764333444333233333333333223333333323333333322233222222222332233
22222222222222222211112222223333332233334333322233333333222333333222222222233343332333344443333334236999555555555555544444654211111268877642333333333233443333333322343222323333323322232222222232333223
22222222222222222212222222222332322233333333322233333332232222332222233222233333342332333444323333338999645555554445444433453211113688887422323333333344554333332333333233322333322333232222222232233333
22222222222222222222342222222322222233332333332233332332232222322222222222223322333222344344332344435999645555544444444433354311136877764333233333333444565433332233322222333333322232223322233223333333
22222222222223322222222222222322222233322222333333332322223323222222222222233332222232344444332345578999645555444444444432244211477775543442233333333444576433222223322222233233322222222332223222233333
22233322222223422222122222222222222233322223332323322322222222222222211222232332223332333333322336899999755544444444444432234456877654334422333333333344576543322322222233333233222222222333322222233333
22322322222223332222222222112222232333322233433333323222222322222222222222222222223332333333334579999999755544444444444332236889865443233322333333333333565553333333322333332233222222222233322232332333
22222322222222343233222222222222232233222223223222322222222332222222222222232222222332333333689999999999765554444444444321127887532332233332233323333333355454333343322333222333222222222223322222232333
22222322222222343322222322222211222233232222222223323322222223322222122431232232222232332468999999999999855555444444443211114664322222222222233322333333344444333344321343223323222222222222332223332233
22222322222223343233332222222222222223232222222224323333224533222222122332123222222333467999999999999999854555444444433211001432222222222222332222333333444444332344432333323211233333322322233323333233
22222222222233333233343222222222222223233222233225333333323543223223333333322222223345899999999999999999964555554444332110101222221222222222322223333333333334432344333332223222234333323332233333332233
11222222222333333233333322222222222222223222223225333332233542256423422335632245334589999999999998999999965555454443322110101442222222222122222233333333323334443344323333222233244433233232332322333343
11222222222222333333333332222232221222233222222225343222233442244322211233322256469999999999999988999999964554444443322111102643222222221122212233333443322333443344433333322232243333333332333333333443
22222222222222333333223222333321111121233323422234333232232342233222222333222378899999999999999989999999964444444443322110101554333222211121112233333343222333343344433333333332233333333433333333332332
22222222222222233332222222233222112122234234422234332333222243334323333233356899999999999999998899988999974455444443332111100454333333111121122223333333222223343333333333333333233333223433334432222322
22222222222222222232222322112321222122333443322224332233232233224432333347899999989999999999987999856899985355554443332111101464333332111112222333333333212223333333333343333343333332223333233322232222
22222222222222222232232332112222122232335422432224322343222233334465357799999988878999999999878999646799986355554433332111111344333332111112222333333332111222333333333333333334443322222332333332223322
22222222322221122222222432222223322222464212432434323343222245554466479999899976768999998899999898534699996345544433331111112333333321111111222223322321111222333323333333333334444332232333333323323322
22222222333222212323222432222232332324631322431224423444333588556688899999799976668889977787999885336898896245444433321111122333333311111112222333212221111122333323333333333333444322222232232323223322
22222212333223212332323433344432322346321332431123333566567679899999999999999976667789755566877664346897795345444333211111223333434311112222333333111211111122233223333333333334444332222222222222123321
32222222222222221232333532233454322564221222342124436899976799999999999999999984754567644555655554346786874344444333221111233334534211232222333332111111111112233222333332233334443343233223222322223323
33222222222222232223333431233355212552233332442113589999879999999999999999999985643444444455554544345567853444443332222122333334532122332222222231111111111112223222333322233334443343332222323332224444
22222222221222233222333342344245223532233333552236999998699999889998999989999996443344443445544444335566654444433333222223333333322222332221112221111111111111222222332222233333343333443212344322335422
22222333334554322211223454444355223532222224454489999996699999778989999867999996343343343444444443444555543444333333322223333333222222332332111212211111211111222122322222233333333334444322366434554222
22332233455898532213313455542455424533222225678999998984699998779999999855788996333333334444444443434444543333333333333333333332222222333332111113311112211111122112322222222233333334444333676446444222
22232113444565443345333245542544425643322256799999987973799999999999999984656875333333334444444443433434433333333333333333333322222222333333211223222122211111121112322222222222233333443345777665343122
22333234445445565454322246544533335532222467999999978973899999999999999785445865433333344444444443343333333333333333333333332222222223333333322333232233212111111112222222222222223333333346777674443222
33333345433345434343322256554432336533222699999999967873799999999999999984434654433333344444444443343333332333333333333333323322222223333333333333332243222111111112222222212222223333333357766664554222
33344334333235422233235356565444556643224899999999965884699999999999999975533455433334444444444443444333322333322332222333222222222233333333333443432442222111111112122222112222222233333366665654653222
33454334432245432343256446546555556755326999999999975784699999999999999875532245433333444444444433444333322333332222223322222222222233333333334444434432232221111111122221112222222222233466555654643432
23543223333335332233488546446776545534469999999989975684599999888999988776432224433333344444444444444333322333322222222222222222222333333333344444445432332332121111111111122211122222233445456645544323
33332222245434323333367645666775456534699999997789975575598877777887766656542222333333444444444444444333333333222222222222222222223333333333444444455444443332221111111111122211122222333344456655444224
53442232233434222244344656656786556535667999966799975565597666666754665545545543333334444444444444444433333322222222222222222222233333333333444444455445444433321111111101112211122222333333455565444346
44543321333444224555465566656776444434333898666799975555576554555655565544445555554444444444444444444444333322222234322222222222333333333333433344445555555433432222211111111111122122233233443564444455
54334322224653368955665577688765444444123965555789975565476544555555556644444445554444444444444444444444433332235558863222222233333333333333333334445555555444443333321111111111112112222223333455334544
54444332456754799999864466786664545543115845556778775555366434445566546544433445444444444444444444444444333222676445675322322233334434333333333334444555555555544443432111111111122112222223334445344334
43454222466669987899864355554565445654327545567767775455355434456677656544443444334444454444444444444444333226864334554433333344344334333333333334444445555555554544432122111111111111222222233344333344
23554224558887653377764346544445455578867444556666775445344434456777766544433444324444444444444444444444333267544333445653333343444343333333333344444445555555555555431232221111111111222222233344433454
33432323546766432125565356666433455589994344455566676456434333467766554433333333333444444444444444443333332564344433357773443443444433334333333443444444545555555555432333321111111111222222233334443454
33333564225656544555456565776433456689954334444556666479533333367643333333333333444333444444444444333333333633344433335773333433444433334433333333444444544555555555433444321111111111212222223344444566
55567765456655666555546666664443345579633444445556666798433333355433333333333333444323344444444433333333334433344443333663333333444443343333333443444444444445555555444455332212211111122222223344554356
66676322245655555565677666655443345585323344455566667996432223244333333333333334444334444444444333333333334433334433334643334344444444444333333334444444444445555555445554433223211111222222233455543356
77654444555454444555566666557634445763234444445555667986532222333322333333333333444444444443333333333333434433333333344433343344444444444333443344334444444445555554555544443333211211221122233465444455
54422666777654434554455665454554335763254444555555567876532223333222323333333333334444433333333333333334433533333333444333343444444444444433443343334443344445555545555554444442112222221122333444444455
44212446754555444544566546543343346763354444555555558876532333333322223333333333333443333333333332233344433544333344653333443444444444444444444443434433444555554445555554444442212233321223333444434455
34245678755555555653676544434444447963454444455555568875533432222222223333333333333333333333333333334443333355433345533333433444444444444444444434443333444444444455555555554432223443222333333333334455
15899999644455444445544665544443346873345444455555567966643243322232233333333333333333333333333333444443333235433333333333333344444444444444444444433333444444444455555555554432345543223333343322334455
24899998633333344346655665554455556784355444555555557856743334532223333333333333333333333333333334433433332332233223333333333344444444444444444444433334444444444445455555554324555433233433443222234555
33599986444454333466655655542345555795356444455555556855543333462222233333333333333333333355444444333443332322222223333333333344444444444444444444433334444333444444445444554445555333344334432222234555
22369985334445654565655432322224555787465334444555555655432234454686433333333333333333333643224554333443333322222223333333343444433334444444444433333334433334444444455445554555554334543344322222234444
11235555654456534566566322232123454578553333444444455555432323445997765444433333334333334323333344333433333332222223333333344444443444443444444433333334433334444444444445545555544444544444322223332334
22346755665656546666566543223223355556544445444334455554533332355665554444444443345544334223333334333433332332222223333343334444443444444444444443333334433334444444444444445555555455444443322232222233
55555445446765578865444444323223454355444446643334445554543333345546665455555554444444555323333333434333332222222222333333344444444444444444444443333344443334444444444444455555555555554443223321111233
96566676655755787566544445433323455554333445864334455554455333245535666666677765454444554222333333333333332222222222233333344444444444444444433433333444443444444444444444555555555555554442233211112332
98755555545777765555555556333333345543454444555533444454345322244434557655688654444444554222233333334333332222222222223333344444444444443443333333333444443444444444444444555555555444554433333211123322
44455576557677665765443444323433345542344355554556544445445433334334545644797444444444454222233333343333333222222222223333333344444444443443333333334444344444444444444555555555554445554444433211233222
55667544455676678645445544343344345554324334445677545445544433333223345444896444444444443222223333343343333322222222223333333444344444443344333333334444344444444444444555555555544555544444433212333223
75687666863688875333455577775587556544455433367765454565555543332122233234995333334333333412332333433333333332222222223333334444444444444333334333333344334444444444444455555555545555444455443223332223
77766788877897655433455444566777666544445545776853468954566543333112222235984322233223322446532234433333333333322222223333333444344434443333444333344443334444443444444445555555444555445445543333332222
77667644699985543444555444445565564554545655663575778524556653332212222224873222223222222375323344333333333333322222223333333343344444443333333333333433334444333444444545555554445554455445443443332222
67885455578756634555544445555665565566665544755677533234556654433222222223953222223222222452344434333333333333322222222223333343334444343333333344444443334444334444444444444444455554455545444444432222
67754578875457554456544454545655456556655555676443223334556664443222222223842222222222224442224333333333344333332232222223333333333344433333334444444443444443334434444444444444555544555444444554333222
88743367664377555665433454545555455555545555663222222223566665443212222223633222222222246332244333333333344333322233222223333333333334333333333443344434444443344434444444444444555445555544445554333333
78976885444566544555434544545775544665545555762222222222455555444321222222532322222222234332343333323333444333322233222223333333333344333333333333344444444443344444444443444444544445544444455554443345
35897995445666654555423444568765555666654545642122221122334555444321222222422322222222233444433333333333444333322233322222333333333333433333334333334444444433444444444433344444544455444444555555544455
47643686566776666555443345677544556665565657751112112223345555544432222222222322222222222445433333333334444333321223332222233333333333333333333333334444444333443444444333444444444554444445555555554554
24311257877776666655445445644555655654454556774222222333334545544432222222222222222222223444333332233334444333332222223222233333333333333333333333344444444433434444444333444444444444444455556555555554
44212565677777776655433465436655555554455555666532333333334436644443222222222222322222224444223333334434444333333222222222223333333333333333333333344344444433444444444333444444444444444455565555555556
56456775677678545554422578656665556655355454666434333334344556654443212222222222322222224443233333334444444344333322222332223333333333333333333333344444444444444444444444444444444444444455555555556666
56666777665666556555424555566655455444444445654545533334345554565444322222222222332222234443333333334445544444443332222333223333333333333333333333444444444444444444444444444444444444444455555555556666
56666778766666667654335532355554433343345445544545554333445554455444321222222333333366344433343333334445543323343332222233223333333333333333333333444444444444444444443344444444444444444555555555556665
55666777667766566654357622255434555444344455533344456553334554455444332233333333333444544333433332334455532211355333222233323333333333333333333333444444444344444334444444443444444444444555555555556555
66676666565665445555346522134344443344543575543455466675433345665544433233333333333323453333433322234565421125557533333223322333333333333333333333344444444444444344444444444444334444445554555555555555
97565567555655466544345322134345544354334555543466444556654456666544433333344444433323343355343222225554311269778864333333332333333333333333333333344444444444444344444444444444334444444445554455555555
88654455565543355544334311345445445444334445543356544454454466554654443333344444433443333344444222235553222469989987433333333333333333333333333333344444444444444444444444444444444444444445544455555544
67654454565556655443464222334223335434553355443555554345555556554444555433344333222443333334443322235532224555677787533333333333333333333333333333334444444444444444443444444444444434444444444455544444
55665453454456656454565443322233346554432244443554434533455445555555676544544444433444433323333333345432355555566556643333333333333333333333333333334344444444343444343444344444444344444444444455544444
55655553355544455335556533322136535455645534433454433454346546643344455434666544777754333323233333344323555534455555663333333333333333333333333333343334444444444444334444444444443444445544444444444444
65654553355533444555444553222265224545545665445444344446655655644455445565888644456655344332333333333357655544556556654333333333333333333333333333443334444444444444444444444444443444445544444444444444
55554553334665444458544554332563323432356775336653244467665655666654334665445544335555465433333333333577665467545556655433333333333333333333333333333333444444444434444444444444444433445544444444444444
55554452233454333457543343434643443543356664434655344568976666565433324543444345434475567764333333345666545665444555565433333333333333333333333333333333344444444444444444444444444333445434444444444444
66665553223434443454443355346654465544345545544654434555886555554344445433343343334465666655333333347655555444478544455543333333333333333333333333333333343344444444444444444444444333444444444444444444
98664453223423333444334456646423556445434543433554333666765665654345654443444555455555788876433333357646654444478544456643333333333333333333333333333334443444444344444444444444344333444444444444444445
99853454222322333336644334344553585655554353442465446567855667764446644432234455677666888876433333345655434443457545456435333333333333333333333333343334444444444444444434444444443334444444444444444444
69984234322332344455654345335563396465553454453467776554556767887445434433333434677566778897433322334455443334445434554345443333333333333333333333333334444444444444444434444444433344444444444444444444
35898423322333324444554445535654356455465565344566744655887766778434434554333245653434677886333222333444433333444456754454433333333333333333333333333444444444444444444444444443333444444444444444444444
22489953322232123444455445542654335555555456664576555655687555556544565453343344344434786544333222333444433333455444434554434333333333333333333333333344444444444444444444444333444444444444444444444444
22348996322223233444443356643676434455564355564465555656666556655334454333445533455344446654332222223444443334456655554533334333333333333333333333333444444444444444444444444333444444444444444444444444
32235799633223223454444356556666666555444445653456556445676577554234334434465323343344335654332222222443333333457754555553334433333333333333333333333344444444444344444444444334444444444444444444444445
22223369962222323456544455545665457545545555336645656545665567576555433435654333343344455565332222222454322455654465544553344433333333333333333343333344434444444444444444444334444444444444444444444445
22222235998322333445544444643466566534555565433744655754566545457765544433444554563355344444332222222355333456321367434554344433333333333333333333333344434444444444434444444444444444444444444444444444
22233232599842334555545444544565555545544565334653543665754455445666664332334577632245344354332222222344334433222575543455443344333333333333333333333333444444444444434444444444444444444444444444444444
22331232248995335654444555444565544454434556555556543578865555334555653336643554343234345444332222222322443235655853453355332355333333333333333333333333344444444444444444444444444444444444444444444444
24212442234899533445544455444665445556634544776356455567665435534545654334434443344333465333332222223432343334558723444346432365443333333333333333333333344444444444444444444444444444444444434444444444
33223664344379974556664444334654454457654433553573455565565434643444555642454454444444454433322222223532344444478654455545422354553333333333333333333333334444444444444444444444444444444444444444444444
33333564333347998647764544544644565556554456644555665466445544553336755544553443443233233574322222234553433444463222454455532255444333333333333333333333333444444444444444444444444444444443444444444444
22232453432226999867874554554654455546554258756656765466444543464335786444343344443234232244322222234474564446654653345346632245445433333333333333333333333444444444444444444444444444444444444444444444
22455554453356579998664565555654355445565446555555555455334554345333674354444343334444454334222223333368544346766675444435653134555533333333333333333433333444444444444444444444444444444444444444444444
46655343334564555999543455445665445565565345433565445444555665434445654444453444335653355334222223334335445764334556434533455334445643333333333333333433333444444334444444444444444444444444444444444444
77655544455543443599963345444664334456455456422455654457644454334654545544455433465455554333322223334444334544334446543442356534445653333333334333333333333444444444444444444444444444444444444444444444
46532355444554655558996443455665664345555445455544555565424323323655554444444433454455445533322222334445433434555446765552358955344655433333334333333333333333333444444444444444444444444444444444444444
44443344455555655546899743354665575355344455556656545565432223323434544545444444446544433554222222334443444433455455765545447843235676533333334433333433333334333444444444444444444444444444444444444444
44533333356774565556689964345665445345544564234554345566653222434434434544556655446533454554222222334443334322223334564444445643335466553333334433333433443334444334444444444444444444444444444444444444
56633344336764444566657997434575355444566444333534334444666642344555443444446655345333434643222222334444333332222344654454444665445455454333334433333333444334444444444444444444444444444444444444444443
33245323567745555565674699843365335444355445552442564343444664444333334444455556554334333443322223333323332333334434657786445545656455355433333434444333443334444444444444444444444444444444444444444443
44223444456544545665444469985356678545345446574443464422434433344643224544455456654433344454222223342322332334554555666777545754666455345543333444444333443333344444444444444444444444444444444444444442
43345653445443454543345335998667798565334333356444233333433444433443323333444555466543454554222223444324433344454454565456665775645455445653333443444333443333334444444444444444444444444444444444444432
53455444555544555554354332489966546666433333345445443443333454442344433443444555445555653343222223444666433344434433445544545576755555555554333344444443334333434444444444444444444444444444444444555432
52455444655554443554343332248997545566533334543576664455444554343344434457544455544445652233333223432467533554444544444455653478864545545554433333344443344333434444444444444444444444454444444444555432
