98888877777765688776544369876566312333222221125566531111111111111111111111111122234335542334343233455665455566666666666666666666677776666677766666666677777776566676665566777766666677766666667777655667
88888877666665678875444358866667411333222221125554321112211111111112111111111111234234421334344223344554444556555566667777666666666666666677777776666666666666776666655556777666666777766656666777766677
88888777666665678874334348866667511333322221123331122222221111122222221111111111233223311233344222343433344555445556677766666777766666666777777777666555666666777777776677776666666777776655666677766666
88887776666555667664223347765556411233222221122211122222221112222222221111111111132122211223233222333333344565456566666777677777666666666677777765555555555667766666677777776656666777776666777777788877
88877666665555666664223446665445411233322222222111222222222222322232221111111111121122101122232112332222333553466555566777777777666666666677777655444445666666665555566666666666777777766666777787777887
88777666655545666664223556755444422333322222221111222223222223322332222222211111111121101111121112322122334543554444566666777777766676666677777666555456777677665555666667665667777766666666677678876677
88888776666656666654322445655444322333222222221111222223333333322332222222222111111111111101111111321111234533544444566777888888776666666667777777766666667666776666677777777777777766666555555567776666
98888887665676666544322343344444322232222222221111222223333333333333333323222222111221111100110112211111334423434345677777788888877666666778776667777777766666666666676666666666556676666666655566676666
99987766555566655543322333333333222222222222211111222223333333333333333333333222222222221111110112211111234224333356787777788877666655667777766677766677776666666666666555666666566666665666666666566677
99987665444455554443322233333333222222222222211111222223333333333333443333333333223323321111111011100112233223333457776766787777776666777666667667765567776666666665666556667667666666666666666666666666
88976654444444444333322233322223222222222222111112222222333333333333443444333333333333321111111111100112332122223567666656777766666776666666666676665444677666555566656555666677666666666666666776777776
78976555433334443333322233222222222222222222111112222222333333333333443444444433334333321222221111101112222122223566665456677777666667777766677887665544567765555566656655566666677777777676666666666787
66876555433333333333322222222222222222222221111111222222333333333333343444444443444433322222321111111112211111124555544456677777887777777777778876666665555665444456766676666676777777777787665666666677
45554344433333333333222222222222222222222111111112222223333333333333333444444444444444333323322111111112211111135555434555666667888777666677778876676666665566776665566677766666666666777788776666666566
34543333333333333333322222222222222222221111111112222233333333333333333333344344444444433334322222221112222111244554335555555677776666666677777766666666666666777776666666666656666666665567776666666677
44432333333333333333322222211222112222211111111112222333333333333333333333344443444444433344333222211122222112344433344444444678776666666666666666666666677776666666666666665555566666666667776666666778
44432222222333333333322222111221112222211111112212223333333333333333333333334433444444433444333323211123321123444322443344335677778766666666666666655566677777776666666666556666665555566566666555556677
44332222222233333333322222222221122222111111112222233333333333333333333333333433334444434444333333222234321233443223432343345666777766666677766676666666666666777776666666555677766555566666655565555666
44322222222233333333322222222222222211123222222222233333333333333333333333333433334444444444443333222343222334433234322322245666677776676666776666666666666666666776666666666666666666666776655667777777
54322222222223333333322322222222222111345432222222233333333333333333333333333333333444444444444443223443233343333333212212355566666777766666566666666676666665556666666665555566666677776655666666677777
54322222222222333333222332222222222112434433222222233333333333333333333333333333333444444444444443334443333443333322112212355555566666666666776666666667766665555556555665555555567777777655556666667666
54322222222222333333322222222222222124533333322223233333333333333333333333333333333444444444444443444444334444333321112223444445666666666666667666666666766666666666556677666667777777666666666666667777
54332222222232333333332332222222221135432233333222222333333333333333333333333333333444333444444444444444444444432221122223433335655566666666666666666667776666666666766666666666677777777777788777876788
44432222222222233333333332222222211145322323443222222222223333333333333333333333334444333444444444444444444444332221122234322355444555666666666667666677766666776666777666677777788888888888777778886677
44333222222222233333333322222222110253222333344322222222233333333333333333333333334344333433444444444444444444433322222333222454333446666666667777777777777777777777676677788888888888777666666788997778
33333222222222223333333322222222111343222333334422222222233333333333333333333333333443333333344433444444444444433333222332123432222345677777777777676666677777777877777888888887666678865566678899997799
23333222222222223333333322222222111442222233334422222222233333333333333333333333333343333333344434444444444444444333233332234322222233467777666655555555556655556666677777778974446899987888899999998889
22332212122222223333333322222222111432222223223322222222233333333333333333333333333333333333334433344444444444444443234322233322222222345554455445555555444433455434578878999965678999998999999999999988
12222211222222222222333332222222111432222222223322222222223333333333333333333333333333333333334443344444444444434443344333333333222222234433554455545556565434675557899999999877899999988888999999988998
11112222222222222222233332222222111322222222233322222222222333333333333333333333333334333333334444444444444444433444344443334344433333234434555555556666676678997789999999998889888999877888888888877888
11112222222232222222223332222222111332222222234322222222222333333333333333333333333334333333333343444444444444433444444444344445544333344445565444566655666899998999999999999888888888788888888877777788
22222222223332233222223332222222222333222222234322222222223333333333333333333333333333333333333333444444444444443444444444444445543344445555565334555555556899888888888888888777777777777788888877777777
33333222333333222233333332222222222233222222233222222223333333333333333333333333333333333333333333334444444444444444444444444455543444455555555433344444456777888788888877777777777777777777887787778899
33333333333333232333332332222222222224332222222222222223323333333333333333333333333333343333333333334444444444444444444444444555544444455555555443233334456667777777777777777777777777777777777777789999
33333333333333222333332322221122222222343222222222222222323333333333333333333333333333343333333333334444444444444444444444444555544444455555544444322333345566667777777777777788787777667777777778899999
33333333333333222333322222221123222222234222222222222223333333333333333333333333333333333333333333333334444444444444444444444445544444444444555444432222334555556777776777777887778777666777777788888999
33222333333333222333222222211222222222222222222222222222333333333333333333333333333333333333333333333334444444444444444444444444544444444444444444432222234444566666666667777777777777777778887889988899
22212222222222222332222222211232222222222223222222222222333333333333333333333333333333333333333333334444443334444444444444444444454444444444444444432222223345666556766677777777777777777888889999998789
22222222222222222222222222222332222112222222222222222222332333333333333333333333333333333333333333334433333333444444444444444444444444444444444444432222222345555556667777666777777777777899999999998779
22222221222222222222222222222322222211222222222222222222333333333333333333333333333333333333333333333333333344434444433444444444444444444444444444443211122345555666677766667778888888777899999999999779
22222222222222222222222212222222222221122222222222222222333333333333323333333333333333333333333333333333333444444444444444444444444444444444444444443211122344555567777666667788877888877889999999999778
22222222222222222222222212322222222221122222222222222222223333333333333333333333333333333333333333333333333344444444444444444444444444444444444444443211122334445566677766677888777888876778899988888877
22222222222222222222222212322222222221122222111112222222223333333333333333333333333333333333333333333333333344444444444444444444444444444444444444442111112233344555667777788998888888877778889877778887
22232222222222222222222223322222222222222222111112222222222332233323223333333333333333333333333333333333333333444444444444444444444444444444444444443211112233444455566667789998888888887667889887677888
22222222222222222222222233322212222222222221111122222222222232223323223333333333333333333333333333333333333333333333444444444443444444444444444444443221112234444455555666789998778877787766788887778999
22222222222222222223322233222211222222222221111112222222222332223322222233333333233333333333333333333333333333333333333444444443344444444444444444443322112234555556666666678998777777777766788888889999
22222222222222222333221222222221222222222221111112222222222322223322222233333333223333333333333333333333333333333344333444444443344444444444444444443322222334556677777766678887777777677666788889999999
22222222222222223332221111222222222222222221111112222222222222222222222222333333222333333333333333333333333333333344433444444433334444444444444444443322222334455566777765567777667776667777778899999999
22222222222222224322222111122222222222222221111111121122222232223222222222333233222333333333333333333333333333333344433333444333334444444444444444443322222334455555667655567777666666666778778889999999
22222222222222234222222221122222222222222211111111111122222232223322222222233223222333333333333333333333333333333344433333344333333334444444444444443322222233445555555555667777655555666788878889999999
22222222222222233222222222122222222222222221111111111122222222223322222222322223223333333333333333333333333333333343344433343333334333444444444444443321111233444444555555666776655555667788878899999999
22222222222222243222222222222222222222222221111111111122222222223222222222222223223333333333333333333333333333333333344333333333344433444444444444443321112233344444455555666666654556667788877888888899
22222222222222333322222222222222222222222221111111111112222222222222222222222222223333333333333333333333333333333333333333333333343333344444444444443321112333444444445555556666555556677888877788888889
22222222233222333222222222222222222222222221111111111122222222222222222222222223223333333333333333333333333333333333333333333333333333344444444444443221123334444444444444555555555667778888887788888888
22222223332222344222222222222322222222222221111111111112222222222222222222222223223333333333333333333333333333333333333333333333333333334444444444443221123344444444444444455555555677788888887678888888
22222222222222343211122222222222222222222221111111111112222222222222222222222223222333333333333333333333333333333333333333333333333333333444444444443222123444444444444444444444456677777888887677888777
22222233322222333311112222222233222222222221111111111112222222222222222222222222222233333333333333333333333333333333333333333333333333333344444444433222223444444444444444444444455666667777777677788877
23333333322322233321122222222233222222222222111111111111222222222222222222222222222223323333333333333333333333333333333333333333333333333333444444433221223444444444444444444444445566666666777677778777
33443333322322222221133222222233222222222222211111111111122222222222222222222222222333333333333333333333333333333333333333333333333333333333444444433211223444444444444444444444444555555566666667778877
44443233322222222221243222223233222222222222221111111111122222222222222222222222222333333333333333333333333333333333333333333333333333333333344433333211223444444444444444444444444555555555566666677877
34443333322222221111353322223333222222222222222111111111122222222222222222222222222223333333333333333333333333333333333333333333333333333333333333332111233444444444444444444344444455555555555666667777
34433333222222111111343222233333222222222222222111111111112222222222222222222222222233333333333333333333333333333333333333333333333333333333333333332112233344444444444444444444444445555555556666666777
34433322222111111111232222233333222222222222222211111111111122222222222222222222223233333333333333333333333333333333333333333333333333333333333333332112333334444444433444444334434444444455555555556666
34433322211111111111222222233333222222222221122211111111111122222222222222222222232233333333333333333333333333333333333333333333333333333333333333332112333333334444433444433333333444444444445555556666
34433222211111111112332222333333222222222221112211111111111112222222222222222222222223333333333333333333333333333333333333333333333333333333333333332123333333333333333443333333333344444444444555556666
23432221111111111113432223333333222221122222111211112221111112222222222222222222222223333333333333333333333333333333333333333333333333333333333333332123333333333333333333333333333334444454455454455666
12443211111111111112332233333333222222222221111211112112111112222222222222222222222223333333333333333333333333333333333333333333333333333433333333332123333333333333333333333333333333334444455555455566
12333211111111111112222233333333222222222221111222112222221122222222222222222222223333333333333333333333333333333333333333333333333333333433333333332123333333333333333333333333333333333344445555555556
11223211111111111112222333333333222222222222122222112222221122222222222222222222222222333333333333333333333333333333333333333333333333333433333333332123333333333333333333333333333333333333344445555555
11112321111111111111222333334433322222222222122222112222212222222222222222222222222222233333333333333333333333333333333333333333333333333333333333332123333333333333333333333333333333333333334444445555
11111222111111111111223333444433322222222222122222222222222222222222222222222222222222333333333333333333333333333333333333333333333333333333333333332123333333333333333333333333333333333333333344444445
11111122111111111112223334444543332222222222222222222222222222222222222222222222222332223333333333333333333333333333333333333333333333333333333333332123333333333333333333333333333333333333333333333444
11111112111111111122233334444544332221122222222222222222222222222222222222222222222332223333333333333333333333333333333333333333333333333333333333332233333333333333333333333333333333333333333333333334
11111111111111111122233344555555542222112222222122222222222222222222222222222222222332222233333333333333333333333333333333333333333333433333333333332233333333333333333333333333333333333333333333333334
11111111111111111222233344555666653222212222222122222222222222222222222222222222222332222323333333333333333333333333333333333333333333333333333333332233333333333333333333333333333333333333333333333334
11111111111111112222333445555566653222222232211111222222222211222222222222222222222232222233333333333333333333333333333333333333333333333333333333322233333333333333333333333333333333333333333333333333
11111111111111112223333455555556653222222232211122222222222211222222222222222222222223222222233333333333333333333333333333333333333333333333333333321233333333333333333333333333333333333333333333333333
11111111111111234333323345554556654222222222211122222222222211222222222222222222222223322222233333333333333333333333333333333333333333333333333333321233333333333333333333333333333333333333333333333333
11111111111111344333333334544455665322222222111112222222222111122222222222222222222223332222233333333333333333333333333333333333333333333333333333322233333333333333333333333333333333333333333333333333
11111111111112333333334324555445555322222222111112222222221111112222222222222222222222332222233333333333333333333333333333333333333333333333333333322233333333333333333333333333333333333333333333333333
11111111111112333334444324555555665322222232211222222222221111112222222222222222222222332232233333333333333333333333333333333333333333333333333333322333333333333333333333333333333333333333333333333333
11111111111122233334444334555554455322222234221222222222211211112222222222222222222223332222233333333333333333333333333333333333333333333333333333322333333333333333333333333333333333333333333333333333
11111112222233222333332234445555544322222234332222222222211112222222222222222222222233332222233333333333333333333333333333333333333333333333333333322333333333333333333333333333333333333333333333333333
21222222222343222222222234443356666422222234544322222222211122222222222222222222222332333233333333333333333333333333333333333333333333333333333333222333333333333333333333333333333333333333333333333333
22222222222343232222222345555455676422222234554433222222211122222222222222222222333333333333333333333333333333333333333333333333333333333333333333223333333333333333333333333333333333333333333333333333
33222222112232222222222455555555676432222223455554332222221122222222222222222233333333333333333333333333333333333333333333333333333333333333333333223333333333333333333333333333333333333333333333333333
32122211112222222222233444444554555422222222455555543222222122222222222222222233333333333333333333333333333333333333333333333333333333333333333333223333333333333333333333333333333333333333333333333333
21111111112222222222344444444555555522222222455555553222222122222222222222222222333333333333333333333333333333333333333333333333333333333333333332233333333333333333333333333333333333333333333333333333
11111111122222222234555655444455556532222222355556665322222222221222222222222222233332233333333333333333333333333333333333333333333333333333333332233333333333333333333333333333333333333333333333333333
11222222222222222245655666545555555642222222245556665543222222222222222222222222223332233333333333333333333333333333333333333333333333333333333332233333333333333333333333333333333333333333333333333333
12344333432222233455555655555665555642222221234555665544322222222222222222222222222222223333333333333333333333333333333333333333333333333333333322333333333333333333333333333333333333333333333333333333
22444444443333245556665555655665556653222111123455555545443222222222212222222222222222222333333333333333333333333333333333333333333333333333333322333333333333333333333333333333333333333333333333333333
23444444444444335555555555566665555664222111212455555545554322222222211122222222222222222222233333333333333333333333333333333333333333333333333322333333333333333333333333332333333233333333333333333333
33444444555544345555555555555555555554222111212355555655665433222222222222222222222222222222233333333333333333333333333333333333333333333333333222333333333333333333333333332233322233333333333333333333
33444445555554345545555555555555555554222111222355555566666554322222222222222222222222222222233333333333333333333333333333333333333333333333333223333333333333333333333322322222322222333333333333333333
43455555555566555444445555555555555564222111222356665555556655432222222222222222222222222222233333333333333333333333333333333333333333333333332223333333333333333333322222222222222222333333333333333333
44345555555566655555555555555655555554222111222356655555555666542222222222222222222222222222233333333333333333333333333333333333333333333333332223333333333333333332222222222222222222233333333333333333
44445444455566655555566554455555555554222111222356655555555555554322222222222222222222222222233333333333333333333333333333333333333333333333332233333333333333333332222222222222222222333333333333333333
44444544444555665445555555555555544454221111222356655556655555555433222222222222222222222222222333333333333333333333333333333333333333333333332233333333333333332222222222222222222222333333333333333333
44444433445554455555555555555555444443222111222355555556665555555554432222222222222222222222233333333333333333333333333333333333333333333333332333333333333333332222222222222222222223333333333333333333
44443222344555556666665555555555544434322111222445555555555655555554543322222222222222222222233333333333333333333333333333333333333333333333322233333333333333322222222222222222222223333333333333333333
34444322233455566656655455554455555555322111222445555555555555555555555322222222222222222222233333333333333333333333333333333333333333333333222333333333333333322222222222222222222222223333333333333333
44443332334555555555554444444455555565322122222345556655555555665555556532222222222222222222333333333333333333333333333333333333333333333333222332333333333333222222222222222222222222222333332233333333
44444322334555555555555555555556655555422132222245555666555555555555556643222222222222222222333333333333333333333333333333333333333333333332222233333333333333222222222222222222222222222222222222233333
44444445555544444545554444555555555556422123122245555566665554455555555654332222222222222223333333333333333333333333333333333333333333333322222232333333333332222222222222222222222222222222222222222222
44444455665544444443444444444544555655422122222234555666666555544545555554543222222222222233333333333333333333333333333333333333333333333322222223323333333332222222222222222222222222222222222222222222
44444555555544444433344445545555555555422222222235555666666655555444333444565322222222222233333333333333333333333333333333333333333333333222222223333333333332222222222222222222222222222222222222222222
55555555555434555444455555556666665555422232321245555556666666555554433335666533222222222233333333333333333333333333333333333333333333332211222223333333333322222222222222222222222222222222222222222222
34455555555433345544333455555555555544432232321245554455666666655554444444566654322222222233333333333333333333333333333333333333333333332112223333333333333322222222222222222222222222222222222222222222
44444444444444334444433445566555554444532232221245555555566665544555555544566665532222222223333333333333333333333333333333333333333333322112222223333333333222222222222222222222222222222222222222222222
55544444444455444445566655556665555433432222221245444555555444334555566666566666653222222222333333333333333333333333333333333333333333322112222223333333333222222222222222222222222222222222222222222222
55554455554455544445566665556666665544442223221344444445555445554445555666666677666433222222333333333333333333333333333333333333333333322122222333333333333222222222222222222222222222222222222222222222
