22222222222222222222222222223332222222232333332333233332222223333333333355333433343333332223344333333333489974555555555555579864444444445664322233323333333332333333333322333222322333333233333222223455
22222222322222222232222222222222222222343233333333333332233223333333332344233433433333332232344333333333479864555555555555568755443343344664333334444443333333333333333332222232322222332333333322233344
22222223222222222333222223322233222222333333333433322333223222233333333333333434434443333232344344333334469854555555555555557865323233334564333356665543323333333323333333222232222222223232333333333333
22222222211222322232333333233334233222233333333322333333222222222233333332333344433333343233453333333333489854555555555555557764332222223454334567766433323343223323333223322222222222222333343223333333
22222222212112222223333322233333333322233333322222223322222222222223333332333333443233333233444433333443489955555555555555556766422222122355457877654432333333333223333323332232222222232233333222353233
22222222222332222222322322233332333321233322332232222322222222222223322332222343343323334324334333333333799855555545544445555775211111111256898876543433333322223332333322322233322342233333333223463233
22223322222232222222222222233332222332233333322233223222222222222233322222232344443332345444445533333344799855555545545544445665321111011478988765444555544322222232233222222223322232222333432333654333
22223322222122222222222222233322223333223323322323222222222211222232332222322333333322234334423544444445899855555555545554444455321110136899887654455566544333333332233222222222333222222233332223533333
22223322222222222222222222333322223433323322222222222222222222221222222223322333323322233333333434444436999855555554445544443444321113688988886444455566544433333322332222222222333222323323332226522222
22222332222222222122222332233323233233222322222222332222222222222232222222322433333333334323443445433335899854555554444544443345311136888887654343443444454444333333333222222222233322222233333347422222
22222443322222222222212222233222222222222322322222232222222123421232232222232332333333323334443334433467999855554444444444443234323577777666433333333344444433432233222222222222223322223223322366322332
23333442232223222222222222223222222222234223332245242322222112331133221222333322333333332225544434667999999965554444444444443235668887764443334433333333333333333232112233333223222233233323322244432343
22333333333432222222222222223232222232234223333335332222222333233223221122333333333433222234533457899999999865555444444444433237899875444332344333333333332333322222222344333233322323333323322333333464
22333332233333222222222222222233221233234333222235432355324422246323253122332332234443223333345799999999999965555444444444332125886532333222343333233332333333333222232344332332223323222334433433433463
22333333333333322222222222212233222222234332222234431354322211234222464223332232233332334434689999999999999965555444444443321113553222222333332222233333333333333222232333333333323333333334333433432563
22223333332333222223221111222333323322234332222233431232122222333222374223321452222222344579999999999999999965555554444433211001332222222333222223333333333333333333332233333344333333433233222333333443
22222333332222222232221122221343235322243332332222443343323332343222354322333463222232368999999999999999999965555554444433211101332222222222222223333333333333333333332233332233333343322232222333322455
22222222332222322123221221222442343222233332232222332353322333223213554322223333222346899999999999999999999965555554443332110102543222222222222223333333333333333333333333222233333333322332122322235765
22222222322322322112221122223324323322233223432222332343543543322223433332222232234689999999999999999999999964554444443322111102544323222222122233222233333333334433333432222223334323322232222223566533
11221222322223422222233222323453113323333223432222332233743533332222233234222233458999999999999999899999999964444444443332110101454333322322122222222233233334444443333443222223333233233232223345543322
32222123332223321222333322314522213412234323332222332233654343332222233334321347899999999999999999999989999974454544443332110001454333333211112211222233333333444333333443222222322222222332223553344322
32233213333233432433213322345212223411124333343332333333333374233222343433345789999999999999999979999767999984455544443332111101454333333111111112222333344444434434454444322222222222221332234311333222
22222211333334533444433123552212323421124333453322333333333264224422454446899999988899999999999789998557999985455554433332111111344333342111111122222333334334444444566544532222232223322333432213223222
22222321223234411333552124632332323421124323324322223332332245334433346789999998887799999999999999997445899986355544433332111112333333321111111222222222334333344556677666543321123222322543223222222211
12222233223333412443352224422333323531214542234443333232432237433333358999989998667799999888889999975347999986345544433321111122333333321111111122222222333333445667777777766532112322235522223222123222
33333223212233433443452224432222334541135522264465432323432347544556799999989998666899997667779888754357997884245444333221111223333334311112112222222111233444567777777777887643322423444422223221112321
46985322123224454433554224422222236542355422135463333434346788788999999999999998666767886555667666544456986873345444333221111233333333212232222222221111233444455565556667788765323544324322223211122222
45774432244333555533535235433222356543634422246343443577776799999999999999999999566445565445556555543455777853344443332222112334333322222332222222221111223333333333333445667766544653234312233222342222
44545554453222444434324246332222543555234522236323568999978999999999999999999999765334444444555544443345666653444433332222222333333322222333221222221111111111112222222333345565555332234322233223232332
44455444433221454445323356332224652452234654335434799999899999989998999999999999754334444444455444443344555544444333333222223333333222222333332122122211111111111111222233334445544332234322132223222332
32345322332243466554444456432225664542324567644478999996799999878988999988899999844433333444444444443344444443344333333333333333332222222333332111223211111111111111222222223445544443233322132233321232
22354422332365466565554566543236567644543556656899999985799998768999999954688899743333333344444444444434444433333333333333333333322222223333333322232211111112111111122222223454444453233322232222331232
32253333333675355356765546444344546533434655689999989964899999889999999997577788643333333444444444434434334333333333333333333332222222223333333333332222112211111111111112234444454443332232332211332233
44243223332587455567754455333334657743345557999999988955999999999999999988566587543333333444444444433443333323333333333333333323322222233333333333333332233211111111111112234334444444333332332211332232
34342222333345546657865565344467754644465589999999778955999999999999999998555566543333333444444444433443333322333332332233333332222222233333333334333332333211111111111112233333444434332333432222422333
33443124443555666467764444345554764434576799999999868954999999999999999997564445544333344444444444334443333323333323322223322222222222233333333344444333432222211111111122222223334433422332422223422333
25543368545665665777754444356554587533568999999999857864899999999999999987654224544333344444444444434444333323333335432223222222222222333333333344444444432222211111111112222222233445532333432233322222
46634899898544667876645455344555464545679999999999856874799999999999998877653222444333333444444444444444333323333355422222222222222223333333333444444454433333221111111112111222223455632223423233332322
66569978988643555644664456534455565434799999999999955774699988888788787665654322233333334444444444444444333333332232222222222222222233333333333443444454444443322211111111111233223345542223312333333322
77687743777633465444464455754534445545899999997899855574698777666776566554455543233333444444444444444444333333322221222222222222222333333333334333444454444444433211111111111133222234444433323333422322
67765421266663465654334554774533335568999999866899865574687665556665556555444555444444444444444444444444443333322223567632222222233333333344333333344455555554433322111111011122222233455424522233633323
45655334444565556864323565785444234555558998657999865565576554455555555554444444555444444444444444444444444333323466568874222222233343333333333333344455555554444332222111111112211223455335632225533333
55565655554456655644423544584355324532339965556899755565466544555555544444444344544444444444444444444444443333236775445654323323343344333333333333334444455555554444333211111111111223445556533335334443
56555555555676666553442442554347644421259545557788764554356433445556664544444344443444444444444444444444443332367644333554543333343443333333333333444444455555555444444311111111111123444456544333344455
45543445566665565466333453433336755531178455567767764455345433456677776554444344432344444444444444444444343332575444333456763433443444433333333333444444445555555555444311111111111123323345665455653444
66544345555556654555444335344545544532395445666666764445334433456677676654433333433344444444444444444343333334643344433357763333443444433444333333434444444445555555444312222111111122222345555676644433
45554335445565565433433355453454555674874444555666664445333333347765444443333333334433334444444444444333333335433344433335863333333444433444333333334444444445555555544323333211111121112334445666666543
55555556535764444344344479863333334899844444455566664477433333346654333333333333344432334444444444333333333344333344433334753333334444444443333344333334444444455555554334443211111111112222334445555655
44554445456445544334433464445333445899533444445566666798433333345433333333333333444433344444444443333333333344333333433345533343344444444443334333343344444444445555554444543211111111111222323223445666
33333334465556555544554453333554566896333444555666667996322223234333333333333333344444444444433333333333333344433333333444333443444444444444444333343444444344444455544445543322112111111122222222233445
34533334666556555423345545656533556863233444555666668986432222333332232333333333334444444333333333333332344335433333334553333433444444444444444333433344333444444544445555444332222111111122221222222333
44445445656554323222235556775444556522344444445566668876432222333222222233333333333344443333333333332223444334544333345643334433444444444444444444433343333444444444445555444433332111111122111222222223
44565445555563222311234543664444556423544455555556668876432333333222222333333333333343333333333333333334443332465333344433333333444444444444444443344333334444444444445445444444431111222221111222222245
56554455656565432232133445554444557423644445555555568865533432233222222333333333333333333333333333333444433333245433333333333333444444444444444443443333344444444444444455444444321122332211111222222344
56655678654444442232234544544443477423544444555555568865542233222222233333333333333333333333333333344444333332322233223333333333444444444444444444443333344444444444444455444444322334433211122222223333
57556885664444463333234545543334478433444445555555668866643333442222333333333333333333333333344433443333333322322222223333333334444444444334434444443333344433334444444444444444334554432222222233332222
47777655555455563333233455434444468533454445555555558855543433363222233333333333333333333335543345543334433333322222233333344334444434444444444444433333343333334444444444444444445554332233333333322211
66676656654434443224323455323343559633654444555555557855432234454466433333333333333333333355322234444334433333332222233333333334444434444444444443333333343333334444444444444444555554333343333333221111
55666776454455433333443455443252347843554334444555555665432323444898765443443333333343333342233333344333333322332222223333343344444444444444444443333333333333344444444444444445555544334443333332211111
35788753334556777754765565444554335854533334446644555565432332344566544444444444334444444432333333344333333322222222222333333344444444444444444333333333343333344444444444444444545544444444443322122211
67975554324554545667776655444455457974333454445444455685533333245545665444544555544444445542233333234333333322222222222233333444444444444444444333333333343333344444444444444444445544454444443322222111
99955535345554444456655645445445556644655444555444445564554333245544666656666777545544455532223333333333333322222222222233333344444444444444443333333334443333444444444444444444445555554444444322322111
87456345555443455456655655666555447555655446545556654554455323244444566665558865444544445532223333333333333322222222222233333344444444444444433333333334344433444444444444444554445555544444444333322111
64575544564443445455554565456545556776566556544577676453454332334333554664369754444444445542222333333333343332222222222233333333444444444433443333333333443444444444444444455554455554444444444443322112
42574455653333444455544555555455545677754556555665568644345433333333444544479744444444444432222233333333333333222222222223333333444444444433433333333334433344444444444444455554455554444554444444432123
45664345553345445457655446655455555665554445456655556545445433332112233333369743334443333233223223333333333333222222222223333334443444444333333333333444433334444434444444444455555554445544444454432233
46645545553234445677555556666555555555545567565667644545555433323112222222368732223322232234564322333333333333323222222223233333443344444333333333333434433334444433444444444555544444445544444454433333
67666555544433456765445566655655575555556788766677668535565543333212222222357522222222222224852334433333333333323222222223233333343344444443333334434444433344444333444444444555544444455444454444433443
67766666553354456345555656544544466566676677766765786345556543332212222222247422222322222225633343233333333333333222322222223333333333344443333334444443333444443334444444444444444444554444444444444444
67776666553334554366555555444554456665445676566767532345556654433222222222247422222222222224421232233333333333333223332222223333333333344433333334434444333444443334433444444444444445554445544444445544
76775465543225776566654566543554446654345555666454223335556654443212222222237422222222222354322332233333333433333222332222223333333333344333333443333444444444443344433444444444444445444455544444445543
56665565553245555566454554434444456445545556653222222225566654443212222222225532222222222364322332333332344433332222332222222333333333333333333333333344444444433344434444444334444444444454444444555544
66665576543365323555544333333454455344455655532222222223445555444321222222224532222222222233333223333332344433332122333322222333333333333333333333333344444444433344444434443334444444445544444445555555
76655675543575222554345444444444555333444677522222211123345555444321222222222432222222222233432333333333344443233212223332222333333333333333333333333444444444333343344334433334444444444444444445555555
66544455543464121343444332445434745334544566321222212233455555444432222222222222222222222223432233333323344443333222222333222233333333333333333333333444444444433433344334433334434444444444444445555555
56554664543452121343355443543344554334553456411122222233334435544432222222222222222222222223432223433223444443333322222232222233333333333333333333333344444444433434444444433444434444444444444455555555
55434555544342113454453454433444455433554566642122333333334346544443222222222222232222222223432234443233344433333332222232222233333333333333333333333344444444433444444444434444444444444444444455555455
44555544425532223332332353345533554335544554665433333333334556654443212222222222232222222224432234333233344444443332212223322223333333333333333333333444444444434444443444334444444444444444444555544555
34566554436654432222333475544322444335533346445544333344345544554444321222222222333222222234433344433333344333335433322223322223333333333333333333334444444444434444434444334444344444444444445545555555
45444553354564333222364354565454353344543334554565433334455554455444322222222333333333334334433344433322333222246543332222332223333333333333333333333444444444334444434444334444334443444444445545555555
55333455553436522222642245445457654454432444466555454333345555454444432233333333333333346644432343343222222222355643332222333223333333333333333333333344444444344444434444444444444433444444444445555555
46554444674445533225533244323567634366523434687655556543333444544444433233333333333333343344433333443222222224564444333333333333333333333333333333333344444443344444434443444444444433444344444444444455
34533434565323334345335345333566544355543346688765554644333344334543333333344444443333333344445544554322223344653444433333333333333333333333333333333344444443444434444444444444444444443344444454444555
33444435543423544465544655443445454346443335557756555433445554433444333333334444333332233333344455554322233465543333333333333233333333333333333333344444344444434444444444444434444444444444444444344444
33233234443344565463236454554345334335533346677656656443466433424444565422366433222221244332333345554333334564443333333333333333333333333333333333334434334444444443344333444444444444334444444444444444
22223333465333342445426746545543435325654565566566678644565344322344446865787778744533244333333345554333334543453332233333333333333333333333333333333433334444444443444433444444444444344444455444444444
23223444556443453456424945655534534535676655555677687863453344333333357654556789863455544333433345554333333444443243333333333333333333333333333333333333333444444444444444444444444444443334454444444444
23233344445443454366433564554655654445665456558867565764444455643422545434347766543336544443433334443333333355543233222223333333333333333333333333333333333444444444444444443444444444443334454344444444
22322234445554465336443455455544666535755556556764464554445643334444333543446665444455545553433223333333333454343233222222333333333333333333333333333333334443344444444444444444444444443334444344444444
22322334444333565446764344555533546534654555566655665542444443334554234533443466445675556544433322233333333455334334232232333333333333333333333333333333334443344434444444444444444443433334444444444444
22222234543433555566556655554444555434565654366645765542443344355632223423434455534443443344433333344333333356433345322232233333333333333333333333333333334444444444444444443444444444333344444444444444
22122233554444555456654664454455543465455565456555665666544344355444234534434545554432343234543343663333323335534436433343333333333333333333333333333333334444444444444444434444444443333444444444444444
22223234455444455335655664355545644337345466446554443476665444223445666423543444454323443224543334533332222334544435522444333333333333333333333333333334444444444444444444444444433333334443444444444444
43333344554544444446655545455455643446445336567544543446676533344346654322443444555233243223334334344433222233543323633542223333333333333333333333333334444444444444444444444444433344344444444444444444
84223466454445554346654444554355565544664446786654543355555422563345433432334543344332143333234433455433222222453325635543423433333333333333333333333334444444444444444444444434433444444444444444444444
98423344454344554356544455675355447744644646665654454345455543222445434433345543334623333354224444445643222222353225536543423433333333333333333333333334444444444444444444444444433444444444444444444444
89964445566544443355445544566434345426434556645544344334465455335434443433434445445554333346333344445533222222253224544554543443333333333333333333333333444444444444444444444444334444443444444444444444
36997464577545445455445556564534675455567645654454346423367754343424435421323325545444445547435544455433222222255223543553464434333333333333333333333333344444444444444444444444444444444444444444444444
32699965678545445556434554455532575565566544643345434643358634443434334333443421334564444324755543577643222222245312454564465433333333333333333333333333333444444444444433444443444444444444444444444444
33669985666545554556444554555644564545555554554465543443356534544534432355534543443345533433554456543443222222236533445565554443333333333333333333333333333444444444444433444444444444444444444444444444
45546998544434554456543445645643553335654454555546444454455454444433334455544443333333443334433465433443222222235552443565554452234333333333333333333333334444444444444444444444444444444444444444444444
55335589854433444456543444655544553234556545673334432346555454444554326644444543334444542334543233444443222222234794543465553443324533333333333333333333333344444444443344444444444444444444444444444444
45546468985444434556657633554454554665455555543232232234455444443444344454554355433434333334444343345543222222234685333566664444456743333333333333333333333344444444444444444444444444444444444344444444
55556555899544333546544633543444544455555556654222233243343354455554544464335434433324543333334432233343222222334564333546644444544674333333333333333343333334444444444444444444444444444444444344444444
67645555699943343456544444455545531355432455556542224354454344444576544563335456433344543344533333222223222222334456444535645555424444333333333333333343333334444444444444444444444444444444444444444444
67544445568996443345634554445654443334344354446567433444444434444565653432434245433344443332333322322433322222334455565635534555335544433333333333333333333334444444444444444444444444444444444444444444
75455556546899743423643453434554566425226533334444344444322345434545665443433344443334544233233233244445322222334565466645534554344353533333333433333343333333443334444444444444444444444444444444444444
64445466544469974334678864533443544654334533234344333355332334344455656544334555677535565432233223445545322222334567464545544565453135553333333433333333333333343434444444444444444444444444444444444444
44335444434545998434667865643333333563423333334324554334333334334445544656445434344323475355553323444444322222334557664455555555543566764333333443333343333333444434444444444444444444444444444444444444
54455555525433489843453456643332343454554445543346544323443444444445554444565323444322344136753335444454422222334446876454554555444554655533333343333333333433444443444444444444444444444444444444444444
55444345434333248995465555664333434435766533454345444544554344564444555443445432222343356334566555444324432222335668886455553445434445655443333343444443344333344444444444444444444444444444444444444444
34444334434331223899675434565445643544664333333333444545543443234432445546655766633444458666446666434533432222234587876466553546434336645565333344444443444333333445444444444444444444444444444444444444
