55565555555556655666666556666666666777777767666666666667666667999998655799986789973355554445566777664333443323466666555555555666667776676655555566666566665544455555444555433334454432233212232233455542
55555545555566566666666666777666677777776666656666666677666667899998655799976789974355544444566776543334444323556555556555566666666676666655555556666666665544555545444443322233333223344444455554555432
55555555566655566555556667776667777666666666555666667766666666899998655799987789974455554444556665433344454334556666666666555555566666666666666667776666766655555554444443323332222224555555565555565544
45555666665555555444445566666666667666666665556665566666666666899998655799998689974455544444456665434455543245556666666666556666666655666667677777776677665666666655444444444332223356655555555555665555
45555555555555554444445566656666667776666666666665566666776666899998655699999779974455544444455654445555433344556666666666666666666555655567777777776666666677777665555555544443334555555555555555555555
55555665555555555455555666666777777766555666666666666667666667899998654589999879974455544444455545555543334444556666666667766666655555555666777777766666677888777766666666666554455655555555444445565555
66665555554455555565567777777666677666666666666666666666666666899998755689999879974455444444445555555444444444456556666666666665555545556666676777666667777888777777776667776655566665554544444455666555
65555555555566666666677766666666666666776667776666655566666666799999766789999889974455444344444455544454444444466666656665555555566544456666666677777777777777667776666666665566667766555555544566655456
54455555556666666666666666666565566666666666666666555667666666799999888889999999974454433344444444555543233334466666666655555566665444355555666677777777766766677765555555555566666666666655555666555566
45555555666555555555666666666655555665555666556555566666666667899999998889999999974554333344444445544322233233565677766776666666655343355555666666777766666666777765555565565665666666555555555555555566
55566655554445544555666666666655556665555566666666666666666788999999998889999999964553333333444445433222333223555777666666666666554343455545666666776676666666677665556666666666666655555666555665555566
56666555555555555556666666665555567654456666666666666666678999999999999999999999964553333333344434322222332224556676666666776665553333455445665555666666666666777666666666666666666655556666666666666666
66666666666656666666666666665555676455566666666666667778899999999999999999999999964543333333344322222222221235555666666667666666542333455445555445566666666667777777777766666776666665666666666666666666
66667776666666666666666666666677665555666666666667789999999999999999999999999999954543333333333211222112211234445666677666677776532333454344554445566666666777776777777777777766666666766666666666666777
66666666666666556666666666776666666666666666666689999999999999999999999999999999844543333333333211122112111233346666666666777765422323444344544445566666666777766677677667887766666677766666666666667766
55555566666566565566666666666665555556666666677899999999999999999999999999999999744443333332332211121111112333456666666667777765322222443344443345566666666777677776666677777766667777766665555556666666
55555555555555555555655666666655665555565667889999999999999999999999999899999999644444333333222211111121112233566667776677887654222212443334443344566666666666677676666666677777766777766555566666666666
55455555555555555555555555555556655555556789999999999999999999999999987789999999544434333333322211111221112235566777767777776553113212332334433445566655655555666666666666677777677777766666666666556666
44445555555555555555555555555565566666567889999999999999999999999999976689999998654333333333222221122221112345567777777666665542122112322234433444555555555555556666666666677777777888776666666676665666
45555555555555556655556655666665566666789889999999999999999999999999876689999999654333333333222221122221112455666667765544554531122112222234322344555555544555566667777767777777778888876666667776666666
55555555445555555555566656666555666678999999999999999999999999998878877689999999643333333333222221122221123455665666654324544311122112221233322344555565545555666777778877777777778877666666666666666655
55566544555565555556666666666566778899999999999999999999999999998876778789999998533333333333222221122211123455555555543223333211121112211233222344555565545566666667778877777777777776666666566667666665
66655555556666656666666666655689999999999999999999999999999999988887788689999998433344333333222221122221233444444454332112232111121122112232222334655566555666665656678888777787776666555555566666666666
66555555555555555566666566556899999999999999999999999999988999878898777679999998532344333333222221122222333444333343221111111111111122112332222334555565456666655556667877767777766655544455555555555556
55555445555544555666555555568999999999999999999999999999988899778998666569999998542234333333222211122233444443222232111111111111111121112332122334545554456666654456556776666677766655555555444555555566
55555555555555555555555555689999999999999999999999999999998888668987766447998898653234433333222211122344444431111211111111111111111121112321123334445543456656544455545666666666666666555555555556555666
56666555567755555554555556799999999999999999999999999999987787668988765544898888654224433333222211122344455421112111111112211112111111112321123345445533456656543344445566655666667665555555555655555566
67765555676555555545555567999999999999999999999999999998887876678998644544898777764223433333222211222344554222222221111112221112111111112211123344345422455555432344334555556666666665555455565544555566
66665556555555555555555689999999999999999999999999998998877766678887534444798777774223433333222211222223321222222221111112221122111111112211123343344323455555422344333455666655566665555555564455555666
66666655555555555555555799999999999999999999999999998887777655777776532334688666664123333333222212232222211222222221111122221222111211112111122232244223444444322333333455555555555666544555654555566666
66766555555555555555556899999999999999999999999999998877766655776676532344677655564223333333222212332222212222233222222222222232212211111111122222343123444444322343223444555556656665555555655555555566
66666555556666655555568999999999999999999999999999999888776666776676432355676654554223333332222222332212212222333222233333322332222111111111111221232123333343222333223344565555556666666556665555444445
66566555566665555555689999999999999999999999999999999987776777776665432345566554553223333322222222222111112222333333333333223332222212211111111211221112323333212332222334565455556666665566666554344444
55555555665555666666899999999999999998888899999999998876666677776654432234455444443223333322222223221111122222233333333333233332222222211111111111111112223333111332222333454445556666655567776654444444
55666555555566666778999999999999999987777778899999987765555566666554433234433444443223333222222232221111122222333333333333344333333233222111111111111112222332111332112333444444455655555677877755544455
55565555555666678999999999999999998876656666778999877654455555555444333233433333433222333333222332221122222222233333334443444333333333222221111111111111112332112331112333444344455555566777888765555555
55554554555567889999999899999999987776665555567899766654444445554444333233333333332222332332222222211122222222233333333443444334333343322222111122111111112331112321111223443334456655567778888766666555
44444445566789999999888999999998887777776554566799766654334444444333333333333333332222322222222222111122222222233333334443444444444443333332222232111111111221112221111223442345566655667788887666665555
33344445788999999998888999999988888777656665555676555554333444444333333333333332322222222222222222111222222223233333333444444444444443333333223322222111111111112211111234432344455566666778886665555555
44444557999999999988889999999888888787777666644554334444333344444333333333332222322222232222222222112222222223233333334333344444444444444433334323332111111111112211111233432344455666666777776555666666
44445789999999999988999998899999987788788777644543333333333333344333333332332222222222232222222222122222222233333333333333334444444444444443444334332111111111111111111233422333456666666677766666666666
44568899999999999999999997899999987888888767654543333333333333333333333333222222222222222222222222222222222333333343333333333444444444444444444344332122222111111111111233322333455666666677777666667777
55689999999999999999999998999999988888888766655433223333333333333333333333222222222222222222222212222222223333333333333333333444444444444444444444332232233211111111111223322323455666666677777666677777
56799999999888998899999999999998778888888776554433322333233333333333333333222222222222222222222222222222223333333333333333334444444444444444444444332332333211111111112323212223445566556677777777777776
78999999988888988999999999998876667888777766654332222232223333333333333333322222222222222111222222222222233333333333333333334334434444444444444444433333443211111111112322211223445655456777777777666666
88888888788888888999999998776654455666777666765432222222223333333333333333332222222222211134543222222222233333333333333333333334433444444444444444433334443222212111113322111223455654456776666666666666
88888877788888888999999996555532233444556556654432222222233333333333333333332222222222111455655322222222233333333333333333333333433344444444444444443444433322222211122222111223456544456666666666666666
88887777777777889999999974344211122233333445554333222222333333333333333333332222222222114644554332222222233333333333333333333333433344443334444444444444433332332211122222212224555443456555555566656655
87776777776678899999999852332111111222222333555433322232333333333333333333333332322222147643344433332333333333333333333333333333333334433334444444444544433333332211122332222234554433465444444555566554
88766677765678899999999744554311111111222223455433322332233333333333333333333333332221366533333345543333333333333333333333333333333344433444444444444444443333332222223332223334443323554334444445566665
77656666655688989999999877766411111111112222344433322232233333333334433333333333322211564333333356543222233333333333333333333333333443333444444444444444444334332222334421233344443234543333344345667766
76545666666788988899999887777521111111111122234443322222223333333334333333333333322113653233332345664222333333333333333333333333333333333444444444444444444444432223444322333344432234332233333345666666
65444556666888988888899988887532112111111112233443322222233333333333333333333333222115532333333233565222333333333333333333333333333333333444444444444444444444322334443333333344332343222223332345666666
54444567667888888777899988877643212211111111123333322222333333333333333333333333222125422233333323475223333333333333333333333333333333333444444444444444444444333444433333443343333332222222222345566666
55555667777888877778888778876654322211111111112222222222333333333333333333333333222135322233333333453233333333333333333333333333333333333444444333444444444444444444443334433433333322211122222344555666
56666777777877777777766688776554432211111111111122222233333333333333333333333333222134322223333333432233333333333333333333333333333333333444443334444444443344444444444344444433332222111222223334455665
66667788877777766667655777765555444322221112212223333333333333333333333333333333222243222222233333442233333333333333333333333333333333334434443334444444443344444444444444444333322221111222223333445665
77767888877777666666566777665555444433322334333333333333333333333333333333332233222233332222222334542233333333333333333333333333333333334444433334433334443344444444444444444333222221112222233333356666
77767877776776566665566666555444444444334444444443333333333333333333333333332222223223332222222235532233333333333333333333333333333333334333333344333334443344444444444444443443322221122222332223456555
77777777776766555665655555544343333333334444444433333333333333333333333333332222223223432222222235422223333333333333333333333333333333333333333343334334443344444444444444444443333221222223332223555444
77777777776666656665443445443333333333333333443333333333333333333333333333322222233223543332222233322233333333333333333333333333333333333333333333443334433344444444444444444443333322222233321234543334
77777777776665555654433344443333333333333333333333333333333333333333333333322212332222344443222222222233333333333333333333333333333333333333333333333334433344444444444554444443444323323333211245432233
77776677765555555543333334443333333333223333333322233333333333333333333333322123332222223543222222222333333333333333333333333333333333333333333333333334433333444444444544444444444333233332112443222223
77766666655545445543333333333333333333223333333322233223333333333333333333221233322222222333222222222333333333333333333333333333333333333333433333333334344334444444444544444444444432333332223432222222
77655655444344345433333333333333333322222333333322332222233333333333333222222333222222222222122222233333333333333333333333333333333333333333443333333333344334444444444444444434444433344332333333222222
66555543333333334333334444333333333332222233333333332222333333333332223222223433222222222222122222233333333333333333333333333333333333333333344333333333334444444444444444444434444433444333333333322221
54444333322333333333345554443333333322222223223333332233333333333222222222233333222222222222122222222333223333333333333333333333333333333333334333333333333343344444444444444433444434444433333433332222
33343332222333333333455555554333333222222223333333333333333333322222222222333332222222222222222222222333223333333333333333333333333333333334334333333333334333334444444444444433444344444443334434443322
33333332222233333334555555544333322222222233333333333333333333322222222223322222333222222222222222222333223333333333333333333333333333333333333333333333334333444444444444444443444444444444444444454433
33333322222233333445655444333332222222222233333333333333333322222222222223322222333322222222222222222333223333333333333333333333333333333333333333343333343333444444444444444444444444444444444444554433
33233322222222333345654433232222222222222233233333333333333222222222222333322222333222222222222222222332222333333333333333333333333333333333333333343333343333443344444444444444444444444444444445554333
32223222222222233456543322222222222222222232223333333333322222222333333343332222232222232222111122222322222333333333333333333333333333333333333333333333343333433344444444444444444444444444444455554344
22222222222222223554432222222222222222222222222233333333222222223432223333333222222222222221111112222222222333333333333333333333333333333333333333333333333333443444433333444444444444444454444455554444
22222222222222223443322222222222222222222222222223322222222222344322222223333222222222232221111111222222223333333333333333333333332333333333333333333333333333443343333333444444444444444454444445544444
32222222222222222332222222222222222222222222222222222222222222442222222222333222222222232221211111122222223223333333333332333333333333333333333333333333333333433333333334444434444444444444444444544444
33222222222222222222222222222222222222222222222222222222222223422222222212233222222222233211211111122222222223333233333332333333333333333333333333333333333333333333333333444444444444444444444444444444
53222222222222222222222222222222222222222222222222222222222224222222222221222222222222232211211111122222222223333323333332233333333333333333333333333333333333333333333443344444444444444444444444444444
74222222222222222112222222222222222222222222222222222222222234222222222222222222222222232111211111122222222223333223333323333333333333333333333333333333333333333333333444334444444443344444444444444444
74222222222222222212222211122222222222222222222222222333322343332222222222222222332222232221211111222222222223333223333323333333333333333333333333333333333333333333333444444444443333344444444444444444
74322222222222222222222111222222222222222222222222233333333344422222222222222223322222222222221111222222222222333223333322333333333333333333333333333333333333333433333444443444433333444444444444444444
64322222222222222222122111222222222222222222222222333333333344422222222222223323322222222222222111222222222222333222333322333333333333322233333333334333333333333333333444443334433333344444444444444344
64322222322222222222222212222222222222222222222333333333333344422222222222223223322222222222222111122222222222232222333322233333333233332233333333333443333333333333333333344444433333344444444444444444
64322223322222222111122211122222222223333333333333333333333344432222222222223223222222222222222211111111222222222222333322233333333323333333333333333343333333333333333333333333333333344444444444444443
54322222222322332111111112222333233333333333344443343333333334331111222222232233322222222222222211111111222222222222333322233333333323333333333333333333333333333333333333333333333333444444443344444444
44332221122323332112222343233333333333333344455543333333333333322112322222322233322222222222222211111111222222222223333322222233333223323333333333333333333333333333333333333333333333444444433334444444
43333222222222233222224553233333333344444444455432333333332222223124422233323333222222222122222221111111222222222223333322222233332222323333333333333333333333333333333333333344333333444444433334444443
33333222222222223222334432233333334444444433455433333333322222222245332333223322222222221222222222221111122222222223333222222223322223333333333333333333333333333333333333333344433333444444443333444443
33333222122222223222333333334444444444433333554333333332222221111255333222233322222222211122222222222111122222222222332222222233332233333333333333333333333333333333333333333344433333444444443333344444
33332221111222223333332333444444444443333333554333222222111122111243222222233322222222211122222222222111122222222222322222222233332223333333333333333333333333333333333333333344433333333444443333344433
33322222111111123334432233443444444433333333454332222211111122211233222222333222222222211112222222222211222222222222322222222233332223322333333333333333333333333333333333333333333333333344433333344433
33322222221111113334432223333333343333332223454322222222111222112333222222333222222222221111222222222212222222222222222222222223322223322333333333333333333333333333333333334333333333333344333333333333
33333222222111112333332222333333333222222222354322112222221121113432222223332222222222222111111222222222222222222222222223222222322222322333333333333333333333333333333333334433334433333344333333333333
33333222222111112333222222222222222211222222344321111112221111113432222223332222222222322211111122222222112222222222222222222222222222222333333333333333333333333333333333333343333333333333333333333333
33333222222111122222222222222111221111111122234321111111111111112333222233333222222223322221111122222222222222222222222222222222222222222333333333333333333333333333333333334443333333333333333333333333
43333222222111222222221211111111111111111112223321111111111111112333222233333222222222222222111122222222222222222222222222222222222222222333333333333333333333333333333333333333333333333333333333333333
44333222222222222211111111111111111111111112222332111111111111112232222333333222222222222222112222222222222222222222222222222222222222222333333333333333333333333333333333333333333333333333333333333333
44433322222222222111111111111111111111111111222232222211111111111232223333433222222222222222212222222222222222222222222222222222222222222333333333333333333333333333333333333333333333333333333333333333
44443332222222222111111111111111111111111111122222222111111111112232223333433222222223322222212122222222222222222222222222222222222222222233333333333333333333333333333333333333333333333333333333333333
44444332222222222211111111111111111111111111112222221111111111112332233334443222222223322222222222222222222222222222222222222222222222222233333333333333333333333333333333333333333333333333333333333333
44444332222222222211111111111111111111111111111112221111111111112332233334443222222222432222222222222222222222222222222222222222222222233333333333333333333333333333333333333333333333333333333333333333
44444433222222222111111111111111111111111111111111111111111111122332333334442222222222432222221122222222222222222222222222222222222222323333333333333333333333333333333333333333333333333333333333333333
44444443222222222111111111111111111111111111111111111111111111122332333344542222222222443222221122222222222222222222222222222222222222322332332333333333333333333333333333333333333333333333333333333333
44444443322222222111111111111111111111111111111111111111111112223333334445542222111223443222222222222222222222222222222222222222222222322332232333333333333333333333333333333333333333333333333333333333
44444544322222222211111111111111111111111111111111111111111233333333334455653222211123433332222222222222222222222222222222222222222222232332233333333333333333333333333333333333333333333333333333333333
44445544322222222211111111111111111111111111111111111111112454433322234455553232221223433565432222222222222222222222222222222222222222222233333333333333333333333333333333333333333333333333333333333333
44455544322222222211111111111111111111111122111111111122113433333333333455553232222223333577763222222222222222222222222222222222222222222223333333333333333333333333333333333333333333333333333333333333
44455544322222222211111111111111111111112222222111122222223322333334433455553222222223444578775322222222222222222222222222222222222222222233333323333333333333333333333333333333333333333333333333333333
33444444322233222221111111111111111122122222222222222222223322344445532455653222222234444567666422222222222222222222222222222222222222222333333322333333333333333333333333333333333333333333333333333333
33444444332233322221111111111111112222222222222333222222223222334444433555543222222235545556666532222222222222222222222222222222222222233233333323333333333333333333333333333333333333333333333333333333
33444444432233322222111111111111122222222222222333222221123222333222223555543222222235555556654433222222222222222222222222222222222222332222333333333333333333333333333333333333333333333333333333333333
34443344432233222222111111111111222222222222221111222211122333222222223555543222222335554445543344322222222222222222222222222222222222222222333333323333333333333333333333333333333333333333333333333333
23333444433233322222111111112222222222222222211111222111123332222222234544443222222335543444433344433222222222222222222222222222222222222222333333233333333333333333333333333333333333333333333333333333
