33444334444447954444443444444444444444444444444444444444455554447999974125555555554556975544445679746998444467444455465444555555554544454448964444444444444444444434444587534444444455444544444444444444
44444444444446964444444444444444444444444444444444444444444445457999985125544555444445975555546799657998445468533344576345555555555555555546965555455445444554555544444587434445444444444444444444444444
44433443444446954444444444444444444444444444444544444454444444457999996124544444333335974444546899568888444356443334476334555555555666666557965666555555555555554444455577434444555544444444444444444444
44333333344335854344444343444444444444343343444444444444444444447999996124544444444435863223447998467788345555444434476323345554445545566657965566566666666666666666655677535555555555555555555455555454
33332233344335864333333333333333334443443454445554455444445555556999996224555544454445544334448998467798347764343443476323344454444444445557965665665556545555566556555687435555555555555555555556665555
44444444333344664443333344444444444444454554555544444455555555546999996224454444455545444445448998667797246555555444465545554555555544444447964544444545545555554445555577434444444555444444555554554455
54444444444455455544555544555555554555555444555444544444444454545899996224444444444444444445348998657796245555555555556555555556655554444447964433345445444555454555445367445444444444444444444444444444
44544444455455555445555555544444444455555544554455555555555544545899997224445555555544545555338887446896244555544555445555555566555554545547963333444444444444345544444477434444444544445554444444444444
55544434454454445554545785554454455444455544445555444444445554555899997224444555555555555555337775556785354555444555455455565456554554544545754444434444344444445444454587434444445554454444445555544444
55454445554555555554556842455454544455554445445445444444444444556899997224344555555455555565337765466784356566555555455445444335445555554544455664444444344444444444444577434445545455554444445545544555
55555555555555445544555544444444555554555555544554445544455454566899998334333456655555555565338765666785466665555556555444444555445556555545445643444444344444344444443477534434344445555445444445455565
55454444444454443455555555445545555555555555555555555555455545677799998544333466666655555556437766556786566665565656566555555555555567765555555545554544444444444434433576432333334444454444444544444444
54455455555544544444445555555555555556555555545555655555455445677789999543333356666556665666547877446785566666555555665555555544555579833554455555555555554444444434433444433333333444344443444444443444
55445555544555654555666555655665555555555555545555665565555555787778999643333346565555655655547986436863566666555655565555655555565556644555545444555555565455555444443333334333333343454433444444444444
55555555554565555554565555455545555555554554445555566555556555688787999754333335655555665554557875446864666565555555555666555567666555555555554444555455555555544454443333344344333444444444444444555455
55555545555556555555555545555555445565655554555555566665555556677788999754322224656666666654557877547865666766666566655665555566555665555555555445555555554555433334444444444344444444444554444444444444
55555555555555555555554555545554444565555555555555555655555555577789999854322222456566655644557987758865656765555556666655665566555565555555556455555555545554445555545555454344444454454455444444444445
55555554444444445555544555545555555566555555555555545655555655678899999864322211355565555644557876559866555655555655556655654565555555565445445544455544444444555555544554444444445544544445444444444344
55555444444455455544455555554454555556544555555655555555555555689999999964322221245555555544567876689856555655555555555556555556655555566555555555555555544455644544555555444444456544554444444444544434
54455445545544555454544444555555555455665555555555555555545544579999999964332211146555565444657888899766555456544455555565555555555555555455555555554554445555545544555565555555565455545555554444444444
55454455555544554454444554444555555555555455555555555555444444568999999864432221035555555444657899999665555455555555566664555434455555555445544434444544444555445544555545555454445655455555565554334544
55445554565545544445445554444555455555444445655565544455444554446999999854432332214665554555547999997555655554555555555554555454445555555555444444544445545544445544455444554444445445455455555543444555
54455544544455554454455554444455555665454555555555544445545555556999999965556655423676545656558999985565555555554555555555455555455556555555555655556555555554555555555444444455444445555555455554555555
44455544444445455554444444444445544544455555555555554445545555556799999987888877656677677767558999965555555555555555555555555565554555555555555555555555555455444555545555555454444444455544545544455544
45455545554444454444444544554444544334555545544555444444445555556689999987666666677666787657668999854555555555556655555655556665555555655544455544445556555455555555555454455545444444444433334444455444
44554455444444545444444444445444444344554444444444334445544454445569998776666667777666666656878998743555544456555555666666556665665666766554445444334555555455565555544554544455444444444444444444455445
44444444434444444444454455445444554444554444444433443344344344444457987766666666666666655565788787633554333355655455655566555655666667665455555444333466555555655555544555554444544554445544444555556555
45544444333444444444445554444444444445533443343333443333344344445568865666666666666555555555477667423543222234555666654555555567766676555555565444543345555456554455555566555554445555444554555555555555
44444444454443444444445444454443444443333344323334443334444444445677766666666666655555544445325645422321112223455566665555555576765666655455544444454333455555555555455555555554445544544444545565555454
55444444443444444444444443454443444443344434345444444344444444467777777665666666655555544445324654322111111224554565554445555665555656556655555543333432245555555555565555555654555445555444445655555454
55444444444434444434344443455443354334444434434344444444434667887767777665666666665555555444313443221111111124555543555455556655565555655555555565432232234556545544555555555545444434444456555565555544
44444444444444444444444544454444444434444443333333344445446667777788776666556666666666666544422333221111111234444313455556555566566565654455555566554222223456555556545555555554334455444555544455566555
44444445444454444444444443444544444444444444444344444444566566677787766666666666766555556543332222221111111233322113455555555565555555654555555456555422322466556555456776655654454444445655544445555554
45444455444433444444444444444444445544544444444444444455566777788777666666666666665445544444322222222111111221111124545455555565555556745555555556555532433356665445566666555565555544456555444445555543
44444444444444444455454454445554455444555455444444445554468878887777666666666666766555544433222222222211111111111123455555555554555555545555655555555555444555555566666655554455655555555445555554555543
45554554444554554554544445445544455445555455444444454444469888887776666666666667777755554332222211222211111100111123455555545555455554444555554445656556555555556666666666544334455544444545544545655544
44554555444445554554455445443444444445455555555544444444555788778766666666664567888864444322232122232222211111001122455444555554544554445544444444455555555665555566656666555433344455544444555545555555
44443444444454444444444444444444444445544445444554444444423798887766666666665467887754444332232122223333222211001113445554554444445655445555445555555565665555555666655556655544334455555555555445555544
34444444445555444444344444444444444455445444444554444544114888876667666655556776543322222232222112223333223221111123444445544445444455444465544456555665565555666666666666655554434445555555455445555555
44445444455545544444444444444444544465456544445544444554215887776676655544566873211000111123222221222333333322111123554445445445444444444555665566556655666666667777776666666655444444555655555654455576
44444445544445434444444544445545545564444444445444444444358776665666554445535762110000001122222211222233333332212235554455555465445545555556766677665555666677778877777666666666544444445544555544444565
44444445434444444444444444543344444444334554443444444443587665555665554456655653222100000122122211222232333333222235544554555555555555556677877666556666666666788887666666666666654444344444455555544555
33344444445443433444545334443454544544344444544444564444666544444555544455555565343110000111122211222232233333233234444555555545566555568778866665556666666666787777776666666666665444345544455455544444
43444544444334333444443334444444444444444445554444445545666655443344334455654454443211000112222201222222223333333224555555555446666765678878766666666667887777888766666666556666555543334444444444444344
44444444433334334334444344433444444544445545434444444555666666543333224556543332343321111222222201122222222333333223555555555556675798778877765666666667788888877766777766666666555443333444444334443444
44444444433444344444444445433444445444444434455444555566655555544333344554433333333222122222222211112222222333333322454444344468876777666666666666666666777888776666777776666665444433333443344444544445
44455444445544444444444444443434444444444444444445565699865544444444444443333332222221122222222211212222222333333322334444456877766666666666787778766777777777765666677766655555444432333343334444444444
44444444555544334455544444444333444444344444444555566999987546544344443433332322122221112122222111111223222323333333333443444666666566665666778778666666777677655666666666556655443333233344334445544444
33344444455444444554444444445454444444444444444677679988988755333333333333322222222221112212222111121222222323333333333443333455555556565667877666666666666566666666665555556555543232233345444445555434
34454333344434455444444444455433444443444444457876799868988743223333233322222222222222122212222111122222222223333333333334433234555555566678898666666666666666676666655555555555543222223336544444444344
55555455444434454444454444445434445444445444468756999878988544333323323321111221222222122222222112111222222222323333333333333322455565566666777666666566766766666655565555444556643222223336545444433444
44445554444445444434454554444444543445453344456669999988789664333222322211111111222211122222221121111222222222323333333333333331124566666665666556666666776666655555554444544455543322222334554444544444
44445543334434444443343445444443444355434433455799999987799764333222222111111111222111122222221121111122222222223233333333333332112356677655556556676666665566555555544444544455543322222223444444554554
44444443444445433443334533344444455544435444445899999887778763333222222111111111221111222222212221111122222222222223333333333333321234567755545667776666555556655555444443444445544322222223445444444433
44444444444444554434333443333332334333544444447899998877666763333222212111111111111111112222212121111122222222222222333333333333321123445655444566677665555555555555544443344444554332222222344444433434
45444334444445444444322234322332233344433344466789887776545773333322221211111111111111111122122121111122222222222333333333333333332112344454334566667765555555555545544444444434554432222222344444444444
33333334444445544433322133332342222222243445655567666654322475223322221232111111111111111111122111111122222222222233323333233333332112333444334555666665555555455554455444554444455432122222234444443334
33344454445554445423222233343322123321133336634455554432111036322331111254111111111111111112222111111122222222222233323333322333333212333344333445555655555545555555445544444334455432222222233355345544
33334444334434444322223333442213323322223346424344444210000005523332112465211111111111111122222111111122222222222223323333222233333211333333323344555555555444554555545554444333567532222222233355444444
44433343444444444322223233433422331113333356323333333100000004623332112244221111111111122222222111111111122222222222323332222233323321233333333334455554544454454454445554444333466433212222233333433344
54434434444454454223323454323323431232235455323233332000000014533333111234321111111222222232222111111111122222222222223322222222222321133333222333445555554455455555444444443333344333212222233333333443
43434444444554454322122455323224544543334444333233332100000134433333111234112112122222332233211221111111122222222222223322222222222221122333322223344444455454455554444444433333344333212222234333344334
33333333432444434332232334323233346544533444343332322211112344423332111223221111122233322232211221111111122222222222223222222222222222122223322222333443344555445544444444444433344433211222234334443334
44433344433323334444433455444442234433434343443332222332233443333332211122121122122233222232111211112111111122222222222222222222222222123222333222233344444455554444445443334433344333211222244444443334
53443343334433344444444454555544434432333344433332322222333322223332211122101132122222221132111121111111111122222222222222222222222222212222233222223333344445454455544543334433333332211222244444453344
33455443334433444544444444445544444333334445433333322223322222222222211122111122111111111122101221111111111122222222222222222222222222212222222222222233333445444455544343343332233322211222244433443433
44444443444434445554444444344544445444444455453333322222111222222222321111111121111111111112101211111111111112222222222222222222222222212332222222222233333444444455444333343222233322212222243344443333
33334434555444444554455544454554434434434444464343322322211222222233321111122111111111111112201111111111111112222222222222222222222222221233222222222223333344444344433333333222223322112222244445443444
44444444444443444444455444554554444333334433465343333322112222222233321111112110001111111112101111111111111112222222222222222222222222221233222222222222233344434344333322222222223322122222244445544444
44444444454443444444454444545544344344453333465433333321112222222223321111111110011111111112102211111111111112222222222222222222222222221233322222222222223333333333333222222222222321122222344444444444
44444444433333444444444444455444444444443445455333333311112222222222331112111110011111111122102211111111111112222222222222222222222222222133322222222222222333333333333322222222222222122222344443344454
55443343332343444434544444455444444444445454456444334311111122211112331112111110011111111122113111211111111112222222222222222222222222222223322222222222222222333333322222222222222221112222333344344444
44554433333344444544444443444444334443334443457665555321111111000001331111111111111111111222122111111111111112222222222222222222222222222223322222222222222222332223322222222222222211112222344444544444
34455444444444455544333344434444333543333444446789776321110000000000331111111111111111111221222211111111111111122222222222222222222222222223322222222222222222222222222222222222222222222222344444554445
43445544433443344333344433335443433344444545544557875321110000000001331111111111111111112221211211111111111111122222222222222222222222222223322222222222222222222222222222222222222222222222344444465544
43444455444444553333444444444334434443444344444444444221110000000001331121111111111111122221212211111111111111122222222222222222222222222222322222222222222222222222222222222222222222222222343333454444
44444555544344553444334445554444334433444444445444553331000000000011321221111111111112222221222211111111111111122222222222222222222222222222322222222222222222222222222222222222222222222222433334443345
44445544443334444555545444455444334444454444554345544541000000001102311221111111111233222211122111111111111111122222222222222222222222222222222222222222222222222222222222222222222222222222444443344345
44544545544433334546655544444443344454555545444445433110100001111102311221111122223444321111111111111111111111222222222222222222222222222222222222222222222222222222222222222222222222222223444544444445
34444345454433444344444454444444444554544445554555442111110011111112211221111234445544211111111111111111111111222222222222222222222222222222222222111222222222222222222222222222332222222223434555445555
34444344444344444443444455444444444554544445444446631233211111111012111221122111135421111111111111111111111111222222222222222222222222222222222221111222222222222222222222222222333222222223565455555545
34434433333344334434444454443344555544434444345444653333543211011112112221221110011111123211111111111111111111222222222222222222222222222222221121112222222222222222222222222222333332222224444454444445
34434433333344435544334443334443445444444543344434344555554311111122112222211111111123466421111111111111111111122222222222222222222222222222221111111222222222222222222222222222333333222223444444444444
34434444443444435444444433333333334444554444444433333444332211111122112222123312324335565542111111111111111111112222222222222222222222222222221111111112222222222222222222222222233333222223455444434444
43444433444454333334434444443333334444443344444443222333221111112221111123344423345435434563111111111111111111112122222222222222222222222222221111111111111222222222222222222322233332222223444444444444
33443233443444344433333444444444445445533343444444311211110111112111111344344343343344445565311111111111111111111122222222222222222222222222221111111111111222222222222222223322223333222223444444444443
33444444455433454443443333334444444444444444444444442111111111123211233433444343444444455557311111111111111111111112222222222222222222222222221111111111111122222222222222234422223333222223444444444333
34444443464344444443333334344443444554444334444434444311111111234444565544554464444455455556311111111111111111111112222222222222222222222212221111111111111122222222222222355422223333222223454444334444
44345654543343343343332335434334444455444344545444344332111112343345555544555454444455455545212111111111111111111112222222222222222222222212222111111111111122222222222223564422223333222223354555653464
33344434434333453344444444444456344444444444445544344344321244444444455554445465543555545455212211111111111111111112222222222222222222222212222111111111111222222222222233554332222233222222345435754454
44555444444444444444344544443454344443455444554444545444454444344555544544445565454564444555212211111111111111111112222222222222222222222212222111111111111222222222223333553332222222222222345444544444
55554444445454444444445444433454445434555555445434555444455444344555555545445554443454344545212422211111211111111112222222222222222222222212222111111111112222222222233333544453222222222222343443334444
54444444555555444443455443434554344444445455445455455444445545444555555555445544444455444544313633211111111111111112222222222222222222222112222111111111222222222223333323344433222222222222333334433333
44443334445444443344544444444554533444443344344454444445554455545555565543344433444445555544323655331111111111111112222222222222222222222112222111111112222222222333332223343333322222222223333234333343
55433454445434333344444444445554444444433445444543444544444554455444454544444544443334456754422577542111111211111112222222222222222222222112222111112222222222223333332223334334422222222223333223344444
45444543344334454344445454445554455554433445445545545544554444455444333344444444444444455554531577752211111221111111222222222222222222222112222211222222222233333333222222323344442222222223333322333334
44433454333445554334544344344444455445434444455445465555444445555433344444444445435554455554562246664211111111111111222222222222222222222112222222222222223333333332222222222444455322222222333322333343
44344454444545444444434334444443444556545445545554455444455454554554444345444454444555544544575225667422111111111111222222222222222222222112222222222222333333333322222222222354244332222222333322344332
34444445555434443355433344444544445555545445434444444345455444444555454444444445555455544555577655666842211112211111222222222222222222222222222222323333333333442222222222222235334333222222333322344334
44445444444434433456433434434344434564444443445444444444444444344544554454444344445565555444477775666774321122221111222222222222222222222222233333333333333344443222222222222223444333222223333322344444
45454344444444344444324444344444444465443333454434444334455433454335555554544443445555554333367776665575322222222222222222222222222222222222233333333333333444344222222222222222344333222222333322333433
44443434433454445444443444444434444455444454565444444445555444443345554544444544334444333333357776665567522222222222222222222222222222222222233333333333334544334422222222222222233443222223333323544444
54444444444543344444544444444454444554444355665444554445544444434444533544344544334443332443346676665556752222222222222222222222222222222222333333333334433444443432222222222222223333222222333333433344
54434444456443344444544444444444444444433454454455544444443434434344434454344444454544344544445667665555674222222222222222222222222222211222333333333444444444432243222222222222223433322222233333343343
44434444445433344444444344444334445454444543355555545443444544433444444344344445544444434434355567776554565222233322222222222222222222111123333333333444443335422245322222222222222334422222233223334433
44444543345443344454455443444444435434434445555655556554444544444445355444455555444444444455555556776554555322233332332222222222222211111123333334434443443333433344532222222222222335422222233223333322
44455544444443444664554443444443444444434445545543455554454444554455333455556665554444444445444345676555665543233333333332222222222211111123444333544544433432345444453222222222222345532222222223333333
33345454443334444654434444445544455554444454344454554544555444443355434554445555443433444443344445676667777886433453333333332222222111111124433334443343344443445443356332222222222454542222222224553334
43345444334335445555444444335433445544454454345654444454454434445554554543445566433444444434444443367788899998766785433333332222222111111223334533443344444333445543348533322222222455542222222224542334
44445443345454444445543443345444446764554444444544554554554444445544444454455454344333344645444434458899999998766788653343333332222111111133434433344333333234333553448743332222223445442222222233432344
45544433334554334444444444444444555565544444444455444345544545445543344444454433344442335554434434469899999888656678754443333333222211112134433543333323323223443444447863332222222344442222222233433343
45444554445543344444435544544444544454454444444555444345444446555654444443554333444333443343424443489789998877644577644454333332222211122235434433333232432234455443334885333222222444552222222334433334
