44684445555674455555555455555455444885444443454434344334455555557634543443224334442324422432235333434267522232243223323453211232222243467887888888888888877764764443343333344442333333222222222222222222
44674555444563444444444455555444555985445445555445555555555555468625555555555555554546511344445444434257522321353223333232112232112332335578888877888887877763643343533322233455434322222222222222222223
33585444444463344444444444444444444885444444444444544555555544467634444445555544444547711245555555555566433322665345444443222333334443333468888876558886677764454443532222224466533333342122222222223322
33495333333474233333333333333333334884433444444444434444444444457534444444445554444458831244455554455545435313756555555555555555555555555566677765446675457764355543522222234344422242232113322222322233
33485333333465333333333333333333334884433333334433333344444444458634434444444444444458951244444554454566434336657455555555555555555555555565555565565555567763555555545555555544444454544334433333533333
33485333333465333333333333333333334884333333333333343333333333458633333444444444444448973254334444444566434457457454555554455445555555555555555555555555425753555555655555565555555555555555555555655555
33386333333365333333333333333333434885443334344444444334444433358524444443444444444437995254334444444476423466377344444444444445444444455445555555545555525764555555555555555555444555445555555555655555
44386333333465343333334333344444444874444444444444444444444444467634444444444444444447996255444444444476433696577344444444443444444444444444444444444544557754444555555555554555555555554455555444554445
34366444333465343333333333333344334864444444344444444444444444468624444444444444444446997245444444444466433795566344444444444444444444444444444444444444457764444444444444455445555555454555544444444444
33377433333365344333333333344443334874444433333434334444444444468524444444444444444435997244444444444466443886566244444444444444444444444444444443344444457764444444444444444444444444444444444444444444
44477433333366334333333333334443333874433333433334444444443434467623433333344344444445898245544444444476443785476244444444443444444444444443444444444444457764444444444444444444444444434444444444444444
44347444433456333333344443334434434874433334433343433444444444467634443444444434334445898335544444443476442764575344444443443444444444444444444444444444457764344444444444444444444444444443444444444444
44445544444446343444344444344444444884444444444443344333444443458633444444444434444446899534544444444576542655564344444334444444444444444344444444444444457764344444444444444444444444444443444444444444
43457444444457444444444444444444443684444444444444444443444444358633444443444444444446799644444444444575543765565444333334443344444444433334444444444444457765344444444444444344444444444444444444444444
44358544443457334444444444444444443674444444444444444443344444368633444333344444444447789843334444444565444863474444333334444444444444433333334434444444347765344444444444444444444444444344434444434444
44458544443456233344434444444444444884444443444444444444444444368633443344344444443346789853222444444444345763564443443444344444444444444444444444444444447765344444444444444444444444444444444444434444
44458544444456334334444444444334444884444444444444444444444444447534444444444444444436899953321244444333345865664443334444444444444444443434434444444444446765344444444444444444444444434434334434334434
44458544444457334344444434444444444884444444444444444444444444437534444444443444444436999973321134443233346765864344434444444444444444444344334444444444446765344444444444433333444444444443433433343343
43445544444447334344444443433444444884444434444443444444444444467633444444444444445446899974333224443333446889854344434444444444444444444443444443444444447765344444444444444434444434444433433434444444
44345433334435333444444444343444443884333333334444444444433334467633444444445444445444799985555524554455546899644444444444444444444444444444444433444444447765344344444444444443433444444343444444444444
34337532333456333444444544444455443684444444434433444444444444467633444444444444443444589986776656666675557997544443444434444444444444444444444444444444447753344344444444444444334443433433333333343344
33235433223347433444455544555555544685455545444444444444444444457633444444444444444444358987765566666665577886444434434333444444433433434444444444444343447765344444444444444444344444443444443333333333
33444333333347422234444433444445554784455545565555555555555555567634444444454444444444446877566655665555567664444434444344443444434433344434444444434333436865344434333334333344443444444444444444334334
35664233333346412223344433334434444784455555444654555555666555567634555555555555555555567766666555555444434544444454444444344444444444444334444443334434336865343433344344334433433443444444443344433333
45444444333345433444444444443333443784344444444544554444444444467524444444555455444445677667765555555544433434554554445444444544544545444444454444444444446765333344343333334444444443333444444444434444
44344444444444544444344544444334433785332334434444444444444444447534444444444444444455556777665555565555532224555555555455554444544544444454554444444455446776444443444444444444444444444343443444334444
43344444444433444444445544444344443784332334333443343333544434447534444444444444444457767776655556565444442223555555555565565555555444444444444544554444446776445554444444444444444444444444443444334344
33344433444434444445445544344343444574333333333323333333433344467523443434444344444556777777655555666544332212444444445555555555565555444444444444444444446776444454455555555554454444444444444444444444
44445444444434334444323433444443344344455433344333333333334444467523344544544454334412687776555554578755322212344444444444455544445555556655555555444444446775344444444444454445555555555555544344444444
45455445445444434334334433544544444443553333343334333333334333367633434433444444444312777765555555665322222211244433334443344444544555445555555555555555445775444444444444444444444444444455554444444544
55555454544545444444444444454555544444543444444433443333333333357532323333444454444436766655654445731100122321244444444344445555545566543444444445555455441576444444444444444444444444444444444444444454
55555444444455444444444444447873354345544444444443333333333333345431333333434233343366665445554334632100122221244544444455555555455555544343333444444444454676544554444444444444444444444444444444444344
55555444454445434444444445445653344444434444454455444444433342323332323333343343333465655444444454544210121122244544445445555554555555544454444444443344445876435555544444444444444444444444444444444344
55444454444444455544455555544444444444334445444445445454444343222333333322343344333555555554333554334311221122255445446655655555566655554344544444444333435776434445555455555544444444444444444444444444
55554445545544454444445544545444444444443444444444445433333334333344334443344333444555875444444433322212221112345555445776555555677766666544444445444544444776534434444444455565655544444444444444444444
45655455445555554455445544545444444445444444444444444333444444444444334444344444566458888654333332222212122112235775557765555666677766666654443434444445545776534434333443444444455555554444455544444444
45544444544454554555345444444455444434544434443444434444545444454333344344444444665599689843323322222222221112234445677765566677777666665665543434444344454776534445445443445344433444445555566666555444
44544444454444444444444554444445434444444445444444344443444444444343444445544444566999888853222211112222221111233246665556666667776566666665544444444454454776534445444444444445533333444444444454455444
44444433444444545444444554444444444554445444444334445544443445555544555455455444468999877863322211122112221111123335655556776666666556666554443343443455644676534444444445655445444444434433433333333444
44344544444445444444433345444444334444433443443334444434444444545544454445555444567798875563322111111111212111123323455556765566555555555555433543445554564676534454444434454445443334344444543333333333
44444344444455554444433334443444444443322333333443444434443445434444333344544444524465553254222131111111121111123332245556765556666555544555422444445554554366545443454345454545444344444444544444534443
44443444434444434344444434445444444444544444444444443444444445433444444444334445313343321015321242111111122111123333223555555556655555544445422234444554453266544444454434445433444434444444443444433443
34444443444444444444444444444444444444554445544455444444444444544444444443334445323233200015321233111112222111123333321355445665545554443445432234444443444476533443434444444344345434453453433333454444
44444444544444444444554444344554445445454444444554444444444444444445444444443444333232100134321133111222321111122333332125445665445544433344432234444334433677543443344444444444344444454443333443454444
44434444444554554555554555554554444444433444444544444445545544444434444434444434333322222333221121122232221211112332233123335555554454444443442123344433434577543333344444443333434444455444444444444544
33445444344444556544454555555565444444544445445544444555545443454444434444454434433222222222221211122221211211112222222223323445444444444433453123443344444577643433343443333443435444445544444444434434
44433444444443335444555545555554444445554555455454445554344444455544444444454444453332222222222111111111101111112222222212322345444444444433463123444344444577642334444443333443434344333444444444334444
44433444454454445444456665465544344444434454455445445454455444555544444344444444463332322222232111111111111111122222222222322234443444443333343222333344444477642333444434433433333443343333444434343334
33434433344555444444456554555544444444454454444555455445544455555445554444444544454323211222231111111111111111122222222221222223334444444333343222333444433567642234445433433342332343433432334323343233
44333444355544334444554444444444544544456544443455445544433454545444444444334344455433211111131111111111111111122222222222223222333444444333333222333334444567542223344333333333232233332323333333333344
43444444455434444444545345444554444445555545544444444534444444444445544333344433555664211000021111111111121111122222222222222222223344443333332222334334444466532323432233333322122234343354444333343443
44443444444334445444445455444444334445445555455545554544444555445554544334444434554332100000121111111121211111122222222222222222222343433332232222245445434555433333323222234422343343334444344434444343
44433444454333344444444444444544444444444554454454554544544444444444444444443445544420000111111211111221111111112222222222222222222333332222222222245455434444333333433332334333343433334444444443344443
44444434434544344444454454454544543444445544444444444545444444455545544455444445443343111111111111122111111111112222222222222222222233222222222123334465433433343343333332333344343333333444444334333333
33444444333344344444444344443333444454444554544545544455554454444444444445544444443223211111112211111111111111112222222222222222222222222222222222333344333323355443334333333444343444443444444333333343
44543444444444444434444444343433444344434454544545544444444444444444344445444444444222111111111111111111111111121222222222222222222222222222222222333334343223345444555433333444333344333433334443333344
33433334434343333444443443444344443333433334455455544444444444444444445444455444455321111111122222111111111111122222222222222222222222222222222222332333444344445444544333333344333333333333333333233334
34533333334334443443333444454444444433444444444454444445544443444554444434545444455432111111245533311111111111112222222222222222222222222222222222343444443443444435544223434333333333333333333333323333
44444443333343343443434434444444345434444444444544444344444443444434433334454554545443112334566634531111111111112222222222222221122222222222222223444444433444444444333222333333333333333333333333223333
43334334433443334334444433334334444443444444444444334444444444444434434433444445544555434344557654541111111111112222222222222221122222222222222223434444444454443433333322332333433334333333433433222332
34444344444443344344344334434444454333334333344344334444454444444434444433334444334454544334447765443211111111112222222222222211111222222222333223333444444454444433343224334333333333343334444443432333
34444444334433443444444444444454455543334344444444444544444444444443343444444344434454454444358875553211111111112222222222222211121112222222333223434433444354344444453333434443333343333333433333333333
43334455333333444444434443444444444444434433344444444433344444444443444344444545434444444443367775643211111111112222222222222211111112112222333233333434344343333344444454433444443443334444422343334333
43333434433333444444323333433443433433454433344444454444443334433332333334444444343443333433367775543211111111122222222222222111111111112222333253444444334443333345444444444455444444444444433444333334
33323433434444544344444334344343444433344443443333434445443333333444443344433344443343344443477776553221111111122222222222222111111112222222333244434544343434333334333443444334334344444344533443334434
34433334333333543344444454444444345434444444334433333345444344344444444444433443332234344443577776554332111111122222222222222111111122222222332243333333433345344434444434444444435444433344333334445445
33332333333332333333344443444434444434444344344443334444444443443444444444445544443334345334577776564221111111111222222222212111111122221222222332333333444355344434544445444444434445444444344334444333
44333333334433333333344344534433344444443333444433334344333344443554454444445544333344445444477776565211111111111222222222212111112222321222222333433333444333443445643343444454444344443443344444333332
33344433333343333333334434444443344444333333344445444344444334434345343334543544346434444444467666556522111111111222222222212111122223432222222323333333344333333343433443444443333343444333333234333223
33333333343333454333344434433333354434333443344444445444444344434434433344444444446534444333466666545542111111111222222222222111222333422222223433233653334433443333334643333343333334343333322343432334
33333343333333343333333443433433343343344444444333334444544444544445554333334444336544344434456665533432211122111222222222222222233343322222223333333543334443434444434433433333333433333335333563333324
43334333333343333343323433332333333333354334334434433344433444334444544344343443444443344544456776532345211222211222222222222222333443322222224433344443345443444443433433444344434334333333344333333333
33334333333333223232233333233233333334444443343444333344433343333444454444443443443344444444425777532234212222222222222222222233333333322222234433344444445543434433434434444553444434434434554345433344
33333333333332222333323333333223333343333433333433344333333332334444454333444444444344444333325777665555322222222222222222211333222344322222244444544434444333444433334344444763454444444334454444333434
43334333333332233333334333333333333343343333333332232244334443444444544333444544444443344343444777678777742222222222222222212432222344322222244444544543443333333324246534445443454444444444454444433444
33233222223323333233333233333333334444333433333333333344433443343334444443444344444434444433334678788877765333322222222222114542222234322222343355644444643432333223245543343333455544334443344443333334
44333332334332343232333332223322333333223434333333334553333333443344444343433323444333344345434478888765675333332222222221126542222233322222344344434444423333332333354453441343445544335433455444333344
33453333334433333334443322232333334223333444343343343343333333433333443333233343453333354344343378766544454333333322222221135553222233222222334333334334433333433334454333433454555433455555454443442344
34443333232343333334444322233234334333333333333333434333333443333232333333222333363332333333344379865433334333333322222211244554322232222223334333333324432346444344543333333343445334433345444332233433
34333323223343334332243222333343333443333333333434334444333334423333343333333444433333333333342389997543323333333332222211233565333223322223433343333233432237434433343343333333334322333234454242233432
44443333334434344322333333333333343433333343343444333334433443433333344333333333344233332334333389998764322223322232222221244487566433322233433333322233242336433442453234336534334323633233442322333432
44433333334333334333334344433334443443333444434343333333333443334444343333333433344334333333333489999874322223322232222222223477676533322233332333343333333335334332444342445333432233633223222443333332
33343432233233333342333334443334443443334533444344433332343444344333333444344433333434334333334589999976533322222222332222234468765633322223333332333333333332233323333332344333333322432223322233233333
33433343333223443443333444444443333332344443334444434333433433433334433343433333433344444443343489999887433333333322332222244358667733222223333333332324342333323323323322343333332321322233322232232233
44433333444433433444443445434443233221223344433444434433433333443333433344443344433443333443333579999886444333344332332222244248888633222222232333232324342333323223323222333453333222333233232342233334
44543333444343443444333445443443322322223333334444333323333344443443433333444344334333333333333478999875444344333333222222233335654333222233233232222333222323222222322332333443333223333553232333124345
35553344434444344333333444454443334333344433343333333443333443323343333433443223333344344333344478899875533344333333322222233433543333222332333332223332342333323343332333333333333224434544353333233235
45553345444344444332233444343443344444334443333234334443323334333333344433343323343344445433444468889865444334433433322222233333465432222333333333323333333322343233333344533333323222233324343333322322
54553455333234343443233333233433333444444444333344333333333333333343344343344433433344444444334456777775444434434544332222333444465532122443333333324332323432433232333233333322222322445332232223442333
54453444232223433444344323233334333444343433333443333323334333333344435333333343333344443343444467765575433344433443332222334433455531123433333333333223423223322322333333332322322222364333232223522322
45554433333333433443344333233333334444442232223444333443333333323333423323332233334333333343444367766456333443334323332211333333355521123433333323333222333322322312433333343332333322332232133324632324
44343323443333333333333333343443233343332222233343333444433334333233333333332344434433334433443357766634343443344334322111343433455621123433332223333322333323323222333323343242333222332343223324543323
55334323433242343334433333333342233443333232321332234445334334333333444344433354444434433434444458765654344444455444322112344433355731123433333233423334433322343333333323343133322232333233232333332233
33355433322333233334343344332343443343233333332133233334333334335433444445344445433334443454433358666654444433445545422112234443346841124343334322233334434333333333233234333222223222322322213222332223
33354333223233223334343333232333433233344333424333334443333334445433334334444443433333333454433367766654444434443444321112233433357852124333433333334334334333323333332233222232233222343222111112111122
34444333333234223244344333223443434443333333322343233333343344433233334334444443333332323443443377766654344444443444321111233323458753233343333332333333343333322323333332222323332122232222111111111111
23344333333343333334334433333344444333344333223654344334444455444334444343443434433333333333344367767664345453344444221111223234458655333433333333443433342333222224333333333322332122111111111111111111
23334333333333433333334443344333333343343343333454443344544454333444444343334444334444443443344466667765444433344444211111223333477655434323223333334333333223332223333433332222111111000100001111111111
33333333343334432333234333333333343335434433333344434444444444344444345444344434444423544445555466667765444543333434221111113333376655423224323443333443332333333333323332222111111111000000001111111111
33343333333433332333333333433333344333333433333324544444445444434434445544443334443534445445444676666665444444444434221111124433576655323244533443333343332234333334223212111111100111111000000001111111
44444433333423323433333344433333334443333433233424444443343353343444444433334333444543444444445467666664444333444434211111125443587653234443343433433333343333333333222111111101100111111110000001111011
33333443333333433433344333333323343334344544444433454343333353444454434333323333344343444444344567656653333433433444411111134443587653234443343323443433442332122111111111111111111111111000111111110111
23243443333233333333443334443332334333343444334443444433443444444443334334333434444344433334334466656653333343344443431111144333675554344344343333433322322111111111111111111011110011011111111111101101
43334444433323333332344334333333344333333443333454444444544445434333334334432334344444333333344366666543433344334444343111243344655554332234433322322222111111111111111111111111111011011111101111111111
32333333332335433333334443332344343333434334343444443344333344432333333344434444344433344344443456666532444434444433357311233344656554232211222111111333322221111111111111111111011111111111111111111112
22232333333434433334454333333343333344334334333444443343334543443343444343443444344443344444323356666533345333333343347421234234655542232111111111222333322211111111111111101011111111111111111111111133
12233333333333333333344443433343333444432343234533433333344443343334433433432453334443433334344556655423333234334333347521134335554322112111123333333323222111111111111101111111111111111011111111121233
22333334333332333333444433333333334435443444333332332333344443343345333333333454344453443433454557765433332333334333347642234345643221112222234443333322211111111211111011111111111110011111111111342244
34333333334333343334443333443443344445555433433223333333334544443554333333333444334444435733453346776533333333343333447643223355532121012221234433232211111111111211111111111110111111111111111011111243
33334433332342343234444333333444444433345433333333433444334443433353333334333434334444435544443336766534323333333444457643223356542231122212333222111111111111111111111111111111111111110111111111011121
43334333333432233344444433344344343343443333334333333333343353343443334443433433444334443333333336666534434433334344436654222246442221222222331111111111111111111111100111111111111111110111111111111112
44443433345443333444334433444434344443333244345443343323343443343443444432333444343333333334334445666634443443344333335653212334421121112111221221121221111111111111111111111111111111111001111111111122
