77421222222222467744323332223333322322256532233333322324643333333488888888888888888888888887766888876545666566787654344332232222233345323578888888888888888888888888888888888888888888888777777777777754
77422222222211257863322233322322212322266422233533222335653332222477888888888888888888888887744888854556656677788644333334442322333345433478888888888888888888888888888888888888888888888777887777778644
77421122222321367885422223321222213322167322233433223323452222222346788888888888888888888878753788865444356878878743432245333321332444344578888888888888888888888888888888888888888888888777888877777776
76321112222212587764322233222221122222267422333332222223321112232124688888888888888888888878754888864333346777656643333344322331222332235788888888888888886677788888888888888888888888888777887777777776
76422222222222267433333232223323221123267422222332223222363111222123678888888888888888888878754888653333247874333343333333322222222222223788888888888888864454578888888888888888888888888777777877777776
76422322232222276332333332333322221223267423223332222232585211222222246788888888888888888878764887533333345554332233333232332222223222224778668888888888754333347888888888777757888888888777778888787776
57433333332113135432223333321214221334368532222432223323454211233222243456887888888888888877764764443443332334553334332223222222222222234566467888888887543334345787888888777647888888888877888888888776
67435444543345434444334343533235433435247532223422223333232211232111243234567888887778887877763554343532332234466544333432222222222233222343557888888888544344444685788888777646888888888766777888888776
77425544555555444544544555544555554545457533334533334444443211243333443433367888885547886567764355443532222234565433342331123222222232333333357888888888643333445674788888787647888888787554656778767865
77434444444444444444444444444455555555555434555555545555555455555555555555566666775556565457764456544533333354444433343432225322225322223432467888888887643333457563688888777647888888786334333457536743
77434444444444444444444444444444444444455534444455444555554555555555555555555555565555555557763565556655555665555555656555555555546555555554566666666667544333455554476667777537776777664434433344334433
77434333444444444444444444444344444444466534445444454555555445444455555555555555555555555523754455555555555555555555555455556555556655555555565555555566555555556555555555777645555555555555555555555555
77433333333333334333333444444333444444466533444444444444444444444444445444444454555545555544764455555555555555555555555555555555555655555555555555554455555555556555545555677645555545445544444555555555
76323343443344444444444444444334444334466533444444444444444444344444444444444444444444444457764454444455555555555555555555555554444555555554444444555444555555555555545555677544554444444444444444445544
77424444444444444444444444444444444444466533444444444434344444444444444444444444444344444447764444444444444444444445555544555544454455555555555455554455554555555555555555577644555555544444444444444444
77424444444444444444444444444444444444456533444444444344444443444444444444444444444344444457765344444444444444444444444444444444554444444445455555554444444445554554555555677644555444444445444444444444
77424333333333344344343344444444444344466533444444444444444444344444444444444444444444444457765344444444444444444444444444444444444444444444444444445544444444444444444454577644444444444444444444444444
77423433333334334333333344334443343343366533444444444444443333344444444444444444444444444446775344444444444444444444444444444444444444444444444444444444444444444444444543157644444444444444444444444444
67424433443443334333333334334433443433367533444444444444433344444444444444344444444444444446775344444444444444444444444444444444444444444444444444444444444444444444444444256544444444444444444444444444
67423434433444333444433344334443333444466533344443343433333443334444444433333444444444444446875344444444444444444444444444444444444444444444444444444444444444444444444444577644444444444444444444444444
77523334433344444444433444444344333334466323444433444333334444444444444433333434444444444446875344444445444444444444444444444444444444444444444444444444444444444444444444566555444444443444444444444444
77524333333343334343333334443334444434466533444444444443344434444444444443444444444444444446775344444444444444444444444434444344444344444444444444444444444444444444444444577654444444444433444443444444
77523433344333333444333343444434444444467533434444444333444444444444444443333434444444444445776344444444444444343444444444444444444444443333334443433334333344444434444444677654444444444433444444444444
57424443444433344434433333344433444434467533434434334433444443444444444444444434444445444446876444444444444444444444444444444433444444444444444444444444444444444444444443665654344444444434344444444444
46434444444333443444433443344434443333467633444444334433444444444444444444444444444344444446876444444444444444444444444444444444444444444444444444444444444444444444444443576553434333334443344334434334
67523444444444444444444444444434443343467533444433343444444444444444444444444444443434444446874344444444444444444434444434444444444444444444444444444444444444444444444444677653434433344333343333334333
67523344444444444444444444443333344444477533434433333343433444444444444444444444444544444446765344444444444444444444444443444444443333333444443443444444444333444333444343687654434433443333333333333333
67523434434444344433444334344443343343477533444444433333333344444443433333444434444444333345866434434444344444344444444444444444444444344444444444444444433333433333444333687654433333433334334333333333
67524444444444344444444444443344444444357533444444433444344443344443433334443444444434433435875433433334334434443433444444444444444444334444444444444444444445444445554444677533333333333333334444333333
66523444444444444444444444444444444444346644444444444444444434444444444444433444444344444345776433334334334433334444443434444444444444444444444444445555566566666666666555566554444333333333344444444444
67524445455555555555544555555555554443467533444444444444444444454454554544444444444444445445776434434434444444444444444444344444444344444444555566677766666666666666666666666665544344444333444334344444
77523334444444444444444444444445555555467634544455555455545554444444444444444444544444445445776545444444444444444444444444444443444344444555676787776666666666666665565666666666644544444444444334334444
46524334444443443344433334444444444555577534655555555555555555555555544444444444444444444445776545455555555555554454444444444444444444567777777776666666766666666666665666666666665545444444434444334333
46433333334343434444433443344444444444467543544344444444555555555555555545554544444444444445776434444444544454445555555555555544444567877776666776666666766666666665556666666666656655444444443444333343
66523343434444344444444444444433444433467643444343333444444444444444555555666555555554444455776434444444444444444445554445555544445777667777776666666666666666666665556666666666665556544444443333333443
66523333444444444333444544544444444444367643444333343333444334433333444444455444555555555443377534444444444444555555554444444446545667777777766666666655556666666655556666666666665555654433333333434443
66523333333344444444444334444454443444467533444444444434334543333433433333334343444445545544377544444444444455555555445554445789535777877776666666655555566665666545655666666666666556665443333333333333
56432222333433344334444444443443333345467543554444444444455554444455444444344333344444444444686544555544444555544545344444458888537888877777766666666666666666666456666776666666666666777644344334444333
44431323222334233333343333333344334334357633544444454444444454544456444455554544444444333444687534555555555555444544334356888777547878877777766666666666666666665556666777666666666667777744444454443433
23332323322233243333333334333344434344347543444445544444444443454445444454455444444544444443687644444445555444444454446689877787458777777777777666666666666666655566667887766666666677777764545454444444
22233333322233333333333333444445434444467643343444544444444445444443344443444334444544455554677644444555444333345566778888777787477777777777777666666666666667666666678888766666667777777775544555555555
22333333343333333344433333333334344444467643344334444444444444444544443443444453343445434433677644555555422223466678877876666776477777777777777666666666666666666766677788777666667777776675455445544554
44444334443334344444433334433334444444457642343334544434444444433444444444443454444444444233477655555544323455677777777776666776577777777777777667766666666666667776776777777776667777766776444444444444
54333333334443343334343333433333443334356532333333445445444444543444444454443444435444444245447654555543356677778777666666666775577777777777777777766666676776677666766677777777777777765876544444444444
43333333344443444434344343444333334333456442222333434444443344444434434433433433334335655334645654433444678777777666666656666776677777777778877777777766767766776666666677777777777777752686554444445444
45444444455444444444444334433334344333356532121223344334333333333434324534345443454336776544563553322456877776666656666656666776687777777777877776777767767667766667666677776667777777641497554444444544
44544445444545444444455443333444334443355543232233333333333322344334444344343344433335678755464354324578766656666666666666666777688777777777777766667777766667665667666766666667777766542486454444444444
33444333334444444444455543333444343333333333333333333233344444444444433334444343333444678865446343225776655555655666666666667777688877777777777766767677666666555567766666666667777665431586445444334444
33344434444334444444444544444444444344343333323333434443333444444444333444444442443444577765325333246665555555655555666666767777787777777777767666776777666555555567766676666667776544311786455444544444
44433334333333344544444544444434454454455433432233424443333444344344434444433334444445566654443422125555555555555556666666767777777766667776666666666666665455544567766677666667766543213876455554444544
44444434434443333333333443344433454543454344344443333433333333444223434443433444444344456533453431114555555555555555556666767677677766667776666666666666655555544567666677776667665532116975544443334444
34333344433443333433334344445444455554554454444443343433434444333333333443444444444444445532365631113666665555555455556667666677776666557777766666666666555555444677666677777666666432148765444443334433
44443333443344333444444455445554554344554445443433454444444443234454443344443343344433334554558521112556656544443455566667666677766666566667766666665555555555445688666777777666665321587555433333333333
44444433343444444444444445444444444444444445544445544333444444333343443433443434333334344455768421116865656433434454555566666677666676666666666666655555555654455689766777776666765325885445433334333333
45544444334444334433444455444343444444444444444444434443444444333233233333334333333343344446646432236766554334434444555566666667656777676666666656555555556555566778766777766677764358874555443445434333
44444444344444444444443555444444544343444444334433334433433432323233433333454334434333443446644543255433322223344455555556666566656777777666666655555555666666776766766677655677754468755654443334333433
44444443444333334345544555555544544343444544334444435444444434443344532234564443444433544556653442144432121124454555555556665566667777777777655566666666677887777766866666556887653577555554433333333334
34344534432334433444444445555544445454445544444444444444444444444444544455664345554445545556555443444442233445554444444556665566667777777778755666777778888887777765766666678787643675555445433343333334
44454444333434433454444334555544344333345444444434444444444444444444555565555545454545545566555666655543244455544443444556665556667777777779866777777778887777666543576667787776534675555444334444544344
44444443444443344554444334545443222234443334444444444444444544444555454454444555555455545455455666544553234334444433344555556545566777667667977777777887667887665432486677888886534565455433333345435334
45544544444444444544444444444443223344443444444544444444555555554455444544555445544334443455455665454454235532333333343444343532456666555555876778766775567776543322387777788876324564334343333344344444
44344444444444343444444444454544334434444444444344444445444444544545444544445544443343333345445454454334324542344434344434343333235555544454565668853343466654322222387777788875223454234543333454444444
44444434444444443444455444444554434443344444443343455545554434444444334444445444444444334345443443454334423554433333333333333333324554444454233346643322245643322333477678888764112353334433444444443333
34444444444445444444444544454544344443344444433344444554444344444444344545444334434444445445434442444455312444333333333332333343443655555565333334444433334443344444457778988874111344334444444444443334
34454444433444434455444444444555444544545455433344544453434444444444444443333334334443444444445212444454321244333443333433334444443566666677544444444434334434444443436789988875211243334433433444433443
43443433333444444454545554344456554444545445445555443333223333333334434444333334344444344444443124444454221124443333333334333444433466667788534443344433334443434343344788988885322233534444344443333343
44433433433344443544455543443445555444533434434434444433343333334344334444444444343343443344432364444364221112443334344334434432343476667788654443344333344433334332244689998886322235633343234344433333
33433444333333433333445444443444444332333443333333444444444433334444334344444544543344343444533443443364122123445444454444555433343498666788754544434433344433433433333589988886232338642343333344433332
33433344334444334443444445444433344433444343334444444444334444234334443444444444444334434433543443432264122135445544444544444554344389766778864333333434433333433333233489888888332249853233433344333333
33434344334444444533344344433333333445444344444444444433344443344344444444444433344344454434445543332353132134433434544443444433334489877678874433333434443333333323333389888888433269974233323443333433
33333233333334334434334333333334334444434454433433433444444434444334434443444434444444443344345533322443132134444444544544445335333569656667874433333433333333333333333379988889633269985223333343333433
32343333333333334333333334444334444334334444544344444344444444443435434454443434444333334344455532334444123244444434444443344334433489756766664333333323333332333333333459988888733269996322333333333433
33333433434433333333223334433334434444333445444443344444344444343444444544433443443344334344467653345443124144444334334445443343333489988766676223333333334333333333333348999888853259998434433332233333
33333444443444544434333333433433334443443444334443344334444434343344434434434333343343333334359987664311225243333333323434343332222489998887787433333333333334433333333336998887873249987533333333343333
43454344443444544433334443544433344344333344444434444443433454343443454344333344333333355333445555554423324343333333333333342233233589999778899843334343233333334344333444998777764238886533333333343333
34344434333443343434643443334333344434433344443433434433443443333343343333343344443333355333455554443333113443333323333233333234234688898778899974343334444433444433333433897676654227898633333333444443
43433433233444443433643444433343344443333333344434443333333333344344344333334444444333344434456776665531233343234423332233333354435478799877777774332334444434443334433444797566764226988533333333333333
43433444333333444433543334443333334434334443434344443334444434434444434333334444444334554444546765586411233332336534352223433444435477788566675454343335443433433334333445797567764223887433333343333233
44444454323333333333434333344444434443433334443444334433444443333333333443343345444345344354444532366211233332335433332223343344434467677436654554333433333443333334333433497677654222697433333333332233
33334444334344333333333434433342223443444444443334334344443443434444333433453456544555443344333421145101443332323213431212333235323347678435555654333334433344443333333334477888643222388433334343333333
23343444333334444444333334333333332443344344333343344344444444334443333443453344334564544454433321012123444222123222422212422345323436788423356544443234433334443232322322367888642322268434433333343333
34433454333334444333444334433333443443334434333343343335544444334344433434443334434553344442333333112224334222123234522233555354333445786423256555432233333334333333322122248788654422248422333322333333
34333443334344334334443344434333343333333433333433333334433344434443344334442333533443343443323443434344322122235343422453346443333334675423147667522222312334322234322122138887643322236422322222333344
33233443434343332334432334434543333444433333333433322233422233433343345333334343443333332454333644434344312223333223322233324444445333655432126666522222312222211223212231228877631222235311111112233333
43333343333222333344223334434433333434344333332323333233323333432354355234333443333433322343333653443234223333633433332254323344333333645332235666632111321332122233211120238877632122234211111111122221
32333233333322233336333233333333333322344343333223333224433433333332234333443553234332223233333653344234423443543343323463223322354234756642224766863111331332154134211221248877522122235211122111112222
32322223333332233433323333323333323322433333333333333433332343443433244324334443333433333323233543433333433234433333332343223233233235766754122666775211345622332134223232468777534222255231022131111112
32233333333333333334422333223333333434433333223333434533333442244444343334333333333334333333334323332333232234433333232232234333233234676542242566666212344522432234333243368777545222365342122112111111
33333334333333333333433333333333334333443322234443355434334443344333433233322433333233233333333332332333323233354333222333333333233244455555432465455233254543354354334243377777542222364223221122111112
33434333344333343333333343333323344323333333333333444344334423544433333233322323332333333433333333321233323234354333332333344432233334356546643565554223545574455553333544567876433322464312211111111112
33323433334343333333333443444323344334333333333333433344333334433333333222332323323323243332233332323233233333343333333443464543365333233324544545733323544354433344443554567886433323565211214133310112
33333443334333333343343333333333344334333333343343333323433333233333333322334333323222232324333333333333333454332333333333333434334432243333345434433443453334333345444543577876432224666211125363111122
44333343333344434433433333333333343333333443343433333333432332334233333333333234333333234333333234332333333343332343323333322223232353232334443343354333553333333444445543567775443224765212012242112232
43334333333343323333334434433333333333333432333443344334433322333333443342344433333332344332343234333323333333333233222233233113333653222334433333453455332542233444434544556764243323654222035342311232
22233333343333222334323444443344344333333333443344344433343333334443433333343433323233332343332232232133333323324333232333223223333653223334433333342234332432243553333335556655242355543232133422222544
23333334433334433343434444444443343333333334333343334333454333333334333334354333333233322232333232232233333233434223323333335433223454332333332432333233444332343443333455665542231345535232253553234633
33334334433333333333333434334334333433343343334333333233343333333333444333344333332233332233333233332333333334422323334333333335343333233333322332332233434443232543345545565441334244445433333565334332
33323332422232223333433333333334433333323233334433433343333433434333455434434432343334333343333234333333433434422232434333354223343333223332453333343223345433333443347635654432443465334444333445334322
32332232232333223333343333433334433344333233333334544443333344434333344333344433443223333343443333333333323432223334533344354323343332333432363345535233346442343334565434342334443344433333332333223442
33223333333333224444443433344444443443245333444344454443334443344333344333443444433333443443333433233333333322233346534334334333333333333434433433447433344434433333343433332353343333333343333333333542
22333344433443344543333334335444333344344433343343444444344434434334334443433433333333333434433332233433333333334334433322333333333344444533334433345343444533422444233432222454654333334533333544323333
34543343433434444443333333335444333434443334444344434443333234333234333333334433333334344334333332232333334334433333343222332223323343423333344333333333233432322343333422222324644444345623334743333356
44432333433343444333333222344334433543433433454434344443334433332344333333343333344334344333332333322333344334433343354232332233332433333333334443333233233332442322323333431224434544333433233423343366
43322333433334343343333333333333443433444434444333444443343332433333444334332242244433344433323343333333343334343342344334433212223542233343333333333333333323332333332343422334333333231332333234335556
43333434434333343443343444334333443334443444444433334333333334433334434334332354334434434434323433344433333333233443343333322333233432233343323433323223223323222444433343453333553342233354333323545545
33334433434333443433443244444454555445433444445434443333332345544344444543444444434334443334434434334434434333443343333333322343332332323353333332223223223223223343325333344422433335543234332234554444
33443434544444333344345344454544444345433434443344343334333344454444345543345434433235543344444445334444434444333323333333333333232333433333333332234533332222332322223222213234333237633243223334334545
33333443443443333344444434444433443344333333444333334344434444444333344444443444333334333333333433333333334343333334333333333333334333333333334433334443332222322322333323223335433235633333332333334343
34344433433333333234443334444334443333443333333333444434334544543334444443333454444344434444344433344333333333333333344333333234434333333334333332343322322233233332333322233323232334422322342344333223
34334333333333233434433443333333333334443433333433344443334443323443434333323444443234444434334343343445434443323333344334333234433334344343333333343223233223332232232222333443322233222322243333332322
33343333432343233334433433333333433333334434333444444343343343433333333332343333443243333333344443333544444443333333343334433334443354346443333333343333333323222233332233333334323443333223333443332331
43333333433443333433343333433434334344333434443333333333333334442333444433333334444444433333333334444433333234233333443324443444323323455433333334353333233223323443243333333333354443323132223433332222
