44444444444444443333333543368444444434444444444444566799998313433445444444444445337887534689634434479533344455545555534444554444335853345555454455556666588556666666665665655554455555774344445555555445
44344444444444433222333443368543444444443333444444466799998323434454444444444555327875544788534544466433332258544444333466644444435742234445544444555666588556665666666666666666666656874455555555555555
44344457774444444433343433357634433333444444434444577799998424344345555555555566326765545678534554554544444458533333334676544444445743344445554454444455588556556555565455555555555556874455555555555555
34444468883345444444444444545555445545555555555545577799999534333345545555555455426865555678435454554445444455545555555555556555545655555545565555444444488544444455554565555545555555874454444444454444
45555554455445545554444555555555555555455555555545677789999643333335555555554445426866655677555555545454444445545544455545555555555555555555665555544544488543334554555445544555554553764454444444444444
55555555555545555544344544555555555557655544545554687778999753333334555555554335536877645678755555555555544555555544444445554455554455556555755555445455588433334444444444444454444445764344444445444455
44555455555445555544445545555555555579535545545455688787899754333334544455554445555887533678445545556555555555555455555555554455544554555544555545555455456545444345443444444444444446864344454455545544
45455455555555555555555555555555555566334554445545677789999754332323444545445555556886533587355554555555656656655565555555655555554544544433444455655544445566544444433444444444444446874344454455555544
55555555544544554555554445555445555555554444455555677789999854322222345555555554566876543586466555655566666555555565566666656666665554544555554555555555554465434444444444444444444435874344443444455555
55544544544555544554555554444445455565555555555555688889999854322222235555555554566887644686567665566665665555555555556666655565556655555554555556777555555555555555444445444444344346764233333344444544
55555445455555544455555455456554555665566566655555689999999864322212134555555543566888764796566655666566566555545665566666655556556655555555555655896245445555555555555444444444344334444233333334433344
45555545555555545556655445655555556656555555556555689999999964322222124555565544556887655886665565565566555455566666566665665566556655565555556654565455555544455655555655555554434333333343433334434544
55555555555555555555555555555555555555545555554555589999999964432221114555565444566887657996566555566666665566566665566666555555555556655556766655555555555544455545555555555544444433333433443334444444
55455555555555555554555555555555555555554555554556668999999864432221103555665444566888789975565666666666676666666555466677666666665566555555665566655555555554455555555555553333344444444443444444444445
55555555555555545555555555445555555455554555455556658999999864432222111455554454666888899975456656665566566566555444555676555555566676566655655556645555555655555555455555544455655455555544445444544544
55454455555655555554444444444555544455555555555665668999999854444443321366543555655799999854466655555566666665546555555565555566555565566546555555556654544554444555454444445555555455544444444455445444
55454455544554544554445444545555445445555545555555666899999966677755422355545655645799999643567665556556666655666556655566565555555555655555666555556654565555555555555445555444445555544444444555455544
45555544445544544554555554455545444445545555555555566799999988888877655677667766756899997532566666556567665555555565655545565555555556655555555555555544555555555455544555555555445566655555555654555455
54454545555554554444555555455445554555544455555555555689999987666666777777788666756899986432455566666556555556555566555545555555556666555553344555555554555453444455444455554555455555555555545555655455
44445555555554554565555654555444544565445445555556654568998766666666777666677655877999985322455556666666555555554566566555555555555555455454544555555555554443444444455454444554445644455544444554454544
44445544444444544455444454555445555555444445555456545568887766666677777766666655788898874322344445766666555556555666565555556455555655555555555555655555555566555555555555445555555554444544554444455555
54544444455444444555444444555555544445455444455454445578777666666666667666655566588878753211233334556666555556555666555555555565555555555556556555555555555566555655555545555455555455554444544444445555
44444444554555555555555444455544444454445554444433455787566667666666666665555555467766642211233333455555555555555565555555555565555565555666655555565555555655455555565544555555555555544554544444444444
44444454544544445445544454444554444544554554445444467876667666666666665555444455424654532111122222344445654545544555555555655555666666665666566666676665555554554555554545555655555555544445544444444444
44444444444454454445443444444454454555554444455456787776666666666666665555544445322554322111111112344444565445544555555555566545555555755566566666666655555565555656665555556555554455555444455445544454
44444444445565454444444444434454444555445444457788876787776666666666555555544444422444322211111111234433565555555556555555455556555445555556676666665555556655556566655555665445555555655555544455544545
44444444444554545444445444444445444544445545677777777777766666666666655555554434422333222221111111123322465555665557555554555555566565555556777666665545555555556655545776655556654555555555544555544444
45444433344455554444444344444444444444345556666667788877666665666667666666666544322222222222211111112222466556775566555555555446666544555567555566665665655566666544556666655665556655555565545554555554
45434545544555554454444444444444444444444566667777888776666666666677777666766533332222222322222221112212345555555555565555555557765544555665555555555666666665544555666655555566555555555555455444444544
44444443455545444444444455444444454455444557778888877766666666666677655445555543322222222333333322211111344444555555555555555556644555655556656656565556655555555666666655654345655554555555543344554445
55555444454445444445554444444444444454344458888888877666666666766666555555543343222222222333333333222112334445555555555555455556544555555656556655565555555665555556656666655434455655565555544455544355
55544544455554454445544443344544544444444468888888777666666666666676665555444332332212222233333333322122233345455544555554555555655444555556554566665555655655555566655556655443344555555554555554445565
44554444444544454444444444544455545445444555788888776666666666666777876555543322232111222233333333322222222245445554554445555554455555555456544566555655555555666666655566655554333455656555555555545554
44444443454544555555544456555545555444544323698888766666666666567788987545543222232111122223333333332323321245455554554565455554555555555557655565556655665555667776666666666655443444545545545555444455
44455444444444455445544444555445455544544213888887766666666666447888886444443322222112122223333333333333321244544444454455445554555554555567666677665556666776678877777666776666544344555544555555444444
44554445445555444344444445544445444444444325988877666666666556677766543222233322222222222222233233333333321234544444444564444445555545656777776665556566666667888877677677667777665444455555555555554545
44455444445544444444444555554444444444454447888776677666655556787432210011111232222222222222232233333333311223455555555555555566665555776897666665566666666667888877666676666666666444346555554455554555
44544444445644444554445555555444444444554478776766676655444456786211000000011232222211222222222223333333321222244555655555556775565556887886666555566677777777888776676766666676655553334443443455555555
43434434333434444444555444553444444555444687765555766554445544774111111000011221222211212222322222333333322221224566555555555564588777887776556667766678888888877766666777766677655544333444444445555465
43334333222334434444544444444444444544455777654456655554455655675333210000001221222211212222332222223333333222223544333333346786678767776666556666666677788888776666777777776666554443333334554344444444
43343233432223334444454554434344444543446675455555555544455555565444311100001112222211212222222222223333333322222323233344567876766666666667667776677777778778766676677777766665544443333333455544444454
44443334433334434445454433443344444434455665444443554444455655455444321111011222222211211222222222323333333333333333323445776666556565665678888876667777777777666666666666656665544343233332334555544564
55455554444444444444443333443443444434567766655433443234556643343244332211222222222211121222222222222333333333333334423333566665566665555677777766666666776666666666666665556666554333233332233455544544
45455544454544445444443334543444554445666666655443332234555433333333322222222222222111121122222222222333333333443334432223345555556556667788766665666666666666666666665555565555664322223332233334444444
44444444444444444544454554444544555556666555555443333444554333333332222112222222222111122222222222222323323333344333433322233555555566667888766666666777666776666655565555454555664322222333233333444444
44444444444344444445455555443445666679976554444444544444443333232222222111221222222111111222222222222222323333333333333332122345555566655777666666666677766766655555555444544455654322222333233333454444
44444444433323334444445544445567777899997654444443444433333333232122222111222112222121111122222222222222223333333333333333211234555566666566555666667677665665555666555444544445554332222233322333455554
43333434333333345444434444445788779999999875664333334433333322222222222211222222222121111112222222222222323333333333333333311123444456666556556777667666655666555566555444444445554432222223322222344444
33433333323235555545544443446877899988988875433333333333322222222222222211222222221121111112222222222222323333333333333333322123334445555545667887766655555566555555555444444444555433222222332222234544
34454444543444444555444444545678999867998854432233233233221111121122222212222222221221111111222222222222233333333333333333332212334434444344567777766655555665556555555444444444455543222222343111123544
44445444543444444555333444445799999878999866543333223222211111111222221112222222222221111111222222222222223333333333333333333211123333443334566666776655555555565555555555555444555543212222234211113344
55545444444444444444343444556999999998999876433332222321111111111222211112222222131121111111222222222222222333333333333333333221123333443334555556665555555544555554455555554444455653222222234321012344
54455544444444444444454544579999999999999876433322222221111111111121111121122221221111111111222222222222232233333332233333333321123333443333454555565545554555555555555544444433357764222222223421001234
54444444445544544443444445667899999998888875333332222221111111111111111111111111221111111112222222222222222223333332232333333321123333333323344455555554554444555455555554444443346643321122223431000123
44433444543434333443445456455689888888766675333332222112111111111111111111111111322111111111221122222222222223333332222233332222113333333333233444555454444544555554454444444443344443321122222443100122
43433344444433333445444674244567776665432367433333222211211111111111111111111222232121111111211122222222222222333222222233222222112333333332233334445555545545555554554444444444345543321122222443100012
44434433444333334444433662134455655432111126633333222211221111111111111111111222231121111111111122222222222222332222222222222232112333333333333333444545555544555444455444454443335643321222222344200011
44443323343344443334334642133354544210000003752233211112342111111111111111122222221121111111111122222222222222232222222222222222211223333333322333333344556655555445554444444443335543321222222444200122
44442332333345443344345632233343442100000001662233311123452111111111111122223322211211111111211111112222222222222222222222222222211222223333232333333334455555554454455444444443334443321222222443200123
43233443433344434444445532222333331000000001563333321122343211111111122222333322111311111111211111112222222222222222222222222222211232222333332233333333455555544555545554444443233443321222222443210112
33344433334444343333345432222333321000000002553333321112233211111112222233223321111311111111211111112222222222222222222222222222221222222233323223322333345565555555544444454333233333321222222333211112
44445434334433443344444432232333321000000014543333321112222111112222223332223321111211111111111111111222222222222222222222222222221122222223322222222233345665555555444433444332223333322222223333222222
44444434433345443334344433332333321000000134532333221112222221112122233322223221111221111111111111112222222222222222222222222222221122222222332222222233334555444454443333343322222333222222223333333333
43344433443233345444334434433322322211112344432333221111222221222122222222112211101211111111111111111222222222222222222222222222222122332222232222222222234454444444333333333222222332222222224443333333
43344443333344445555445544333323333322233343222222222111221011232122222111111211101111111111111111111222222222222222222222222222222112333222222222222222233444444444333322222222222332222222224344334443
33333444544443344443355553333333332233333322222222222112221001222111111111111222111111111111111111111222222222222222222222222222222212333322222222222222223334444433443222222222222322222222234344334443
23333444545444443444444444333333322233332222222222222111221111121111111111111122111111111111111111111222222222222222222222222222222212333332322222222222223333344444333222222222222222222222234444332344
44334446545534444444454445433333322222211222222222222111111221111101111111111122112111111111111111111222222222222222222222222222222212333333322222222222222233333334333222222222222221222222244444443344
44444444544544454454444445433333322211112222222223332111111221110001111111111122112111111112211111111122222222222222222222222222222221233333322222222222222222333233332222222222222222222222244444544444
45544444444444544444333234544333322212222222222222333121111111110001111111111222122111111112111111111112222222222222222222222222222221232333322222222222222222222222222222222222222222222222233333334444
55545444444444454334343345543333322211112222222222333212111111110001111111111221121111111111111111111112222222222222222222222222222222222233322222222222222222222222222222222222222222222222243333334344
55445443444443456544444435643333332211111222222112233211221111110011111111112212322111111111111111122122222222222222222222222222222222222233322222222222222222222222222222222222222222222222344433335544
44444343444444334654443345755543332111111111110001233211121111111111111111112212112111111111111111111122222222222222222222222222222222222223322222222222222222222222222222222222222333332222444544445554
44445545544434344445544445778876542111111110000000133211111111111111111111122222112111111111111111111122222222222222222222222222222222222222222222222222222222222222222222222222222333332222444545544554
44444465443444444455555444667888642211111000000000133211111111111111111112332221222111111111111111111222222222222222222222222222222222222222222222222222222222222222222222222222222333333223444444555443
54444555344444444555454444555566532221110000000000133211211111111111111123443212221111111111111111111222222222222222222222222222222222222222222222222222222222222222222222222222222333433224444455454443
44444444334454454455554443444554444321110000000000133212211111111111113444432111211111111111111111111122222222222222222222222222222222222222222222222222222222222222222222222222223333333235544344454444
44333443322344444444554443343434554443100000000001133212211111111222235543211111111111111111111111111112222222222222222222222222222222222222221222222222222222222222222222222222223333333235545544554544
44322333333443444434455544445545534442000000111000233112211111122333454321111244211111111111111111111222222222222222222222222222222222222222221222222222222222222222222222222221223333333245654545444444
33333443333443444443433434433444433211100000111110132112211111221101222111123446411111111111111111121112222222222222222222222222222222222222222222222222222222222222222222222212223333333254454554444444
33343344444543443443333335434455543211110011111111122112211122211111111122344455631111111111111111121111112222222222222222222222222222222222222222222222222222222222222222222212223333333244544443443345
44444345545543443454443334443556542222200111111101221122222221111211122344344444563111111111111111111111111222222222222222222222222222222222211122221122222222222222222222222112233333333244444443344445
45544455555334543444444445543445653233322111111111221122222211332443332344444444666421111111111111111111111222222222222222222222222222222222211112221122222222222222222222223112223333332244544443344445
55443343344334344333344445434444445444664311001111221122222234443444443444435555668741111111111111111111111222222222222222222222222222222222211111221111221222222222222222244112223333332244444554344444
44433443344333344333444444445433333455443221111112221122223454543555444444565445678732211111111111111111112222222222222222222222222222212222211111211111121222222222222222243112223333332344444444445544
45545445554333445444445544455433333443332111111112211111344445533555445434555554578864321111111211111111112222222222222222222222222222112222211111111111111222222222222222343112222333322354444444345544
44445455544444444454346435444333222332211111111222111113444455534444444445444455578876422111111221111111112222222222222222222222222222112222211111111111111222222222222223343122222222322443444443345444
55444444333443334454442333344333321111111111111232112234555555435434444555444444578887532111111112111111112222222222222222222222222222212222211111111111122222222222222333344222222333222344433433345544
65445554445443445443443433455433443211111111112444345544455555434544444555444455578887752111111111111111111222222222222222222222222222212222211111111111222222222222223323344222223333333334434443344544
44555544455545555554454544444344444421111111124454445555555444555545555455444555578887762121111111221111111222222222222222222222222222212222211111111112222222222223333333344322222333333433444443454444
54444444454555544444455555544454345443211111345543455555554544455545545654444455689887762221111111221111111122222222222222222222222222212222211111111112222222222233332333334322233333333445454353344445
44444434445554444443345544544445455544332234433444444445544545545544555554555555688888762212111111111111111112222222222222222222222222212222211111111122222222222333323333333322222333333454443344344434
44444444455544444335454544444334444444444455453334444334434444344454555555555556688888762212221111111111111112222222222222222222222222222222221112222222222222333333222333333322223333333343323333444434
44455554443355543445444543433344444444445555444445443344544553455554445555555544578888873212322211111211111112222222222222222222222222222222222112222222222233333443222223333322223333333433433333344333
55445445445554554454333344455434445545444555445544443444545555555555555444445544468888873213442221112222111112222222222222222222222222222222222222222222233333344664222222333322223333334434443333333333
45445444445644444445443444544444454534434444345455544544545545556555444445555543357887874213543222222222222122222222222222222222222222222222222222222223333333344565322222333322223333334334455433333433
55444444443334444445554554444444544334544554444455654555454555455544446545455455457788774222443222222222222222222222222222222222222222222222222222223333333344443466542222233332222333334445434444223333
44334434444343444444555543444335644344454444444566554554544444454434545445445556557888874122444422222222222222222222222222222222222222222222322233333333333444443355653222233332222333334445533423334432
33244344445545545544344444434454642344433444454456454444445554444545445444434454456788986322234642222222222222222222222222222222222222222222333333333333334454344445554322223322222222334444444433334444
44445443455444444344444445544544432444444443444446554333455444444443445543455434555788987532233452222222222222222222222222222222222222222222333333333334444454444446654432223322222222334444344443344433
44444444555544544343444455345554444344554444444455545445466554444344555554443335555688887654333333222222232222222222222222222222222222222222333333333344443334444345555432222332222222333344333334334433
34444445545545444444455554344444555444444445444455444435566554455455554444443444553588887666644444332222233223222222222222222222222221122222333333334445433334433445356443222232222223344444333343334444
34344433444555433444445643334444444444444444444444443445445455554445444444443434543579888777877777764333333333333222222222222222222221112222333333444554445434323344446554323332222223345444343333333344
34344343444445444444345543335455445434445433544544444454445555655544344544443344444448998778888989997543333333333333222222222222222221111222333344443444454434433245444766446432222223444433433343343344
44444333444345445555344544345455445554344444444543443444555665555655444454445444546546999889999988888665333333333333222222222222222211111223333334333344454434443344444787568532222233434543444433444445
33332345544443445655444443444566455444444544444445544444554554345555445454455455533445899999999887677766533443333332222222222222222111111123334322332323554332344454443688678533222333344444454433654334
34334444444444334655444333444565433444455554455555444445334455555555455544444335543555599999998766566765433443333333322222222222222111111123334333333433444432343444443578786433222333333444444334555444
34334343333334344544434434545545544454433543344554445455434565445445445443444555455454379999997665445664433443333333332222222222111111111233333233334443333344444324444468875333222333244433444345555444
44444444344444454544334555544444554444344544445676455444444554554456455454444554444455479898776554443464333433333333322222222222111111111243232442344333343442344433433338753333223343233443344345544554
55444544445544545443344554343455444444444444555556554444444445544445554455444554344444479998655544443344333443333333333322222222221111112366313542344334443454344432343326843333333333233444344444544434
43344433444444444566544544344445443554554444454445455444444455544445544435655564445543489999866544433322333333333333333322222222222122222455343443343333543453333332343324733333333333233344443334454543
44455444444445454456444554455545443433455445454445544334444444554444444445645675555443499999998654433322233333333333333332233222222222222455543433334434543443443233343224433333333333333344543344555445
