33333443433333433333333344444444344435964443444444444344444874444334763433334433333344444459744443444444444444444444444785344444444444444444444444443344444445765344454444444555555554455555555555555555
44344433333333434443433344444443444335964343444444444444444884444434763434444444443344444459854444444444444444444444444784344444444444444444444444443344444445765344444444444444444444444444444444444444
44444444444444444443333343344443443335964334444444444444444884344444663444444444444444444459854444444444444444444444444785344444544445444454444444444444444445765344444444444444444444444444444444444444
44444444444444444444444444444444444335964344433444434444444674444444664444444444444444444459644444444444444444444444445885344444444554444454454444444444444445665344444444444444444444444444444444444444
44444444444444454444444444444444444445954444444444444444444685444444663444444444444444444459744444444444444444444444444784344444444444444444444444444444444445765344444444444444444444444444444444444444
44444444444444444444444454444444444446954444444444444444444695444444674444444444444444444459754444444444444444444444444785344444444444444444444444444444444445765344444444444444444444444444444444444444
44444444444444544444444444444444444446844444444444444444444585444444675323444444444444444459744444444444444444444444444785344444444444444444444444444444444434765344444444444444433444444444444444444444
44444434454554444544444455544444444546954544444454444444444466445444574212444444444444444459844333444444444444444444444785344444444444444444444444444444444445765344444444444433334444444444444443444444
44454555556554455445555445554444445546965444444454444444444575545445883112454555554455544448843124544444444444444444444785344444444444444444444444444444444445753344444444444333344443444444444433333344
44455555455555565555555545554445545546955554445444444445444586444445983112454444555545544448732236754454544544444444444786344444444444444444444444444444444445764344444444444433444444444444444433444444
33344444555455554454444555554555554446954544444455554444454597445446983112454444445544444459732268675444455544444444444785344444444444444444444444444444444445765344444444444444444344444444444444444444
43333343334434444443344344444445455446954454444444555454445587445547983113444444454444444459732487676545554544455444444584344444444444444444444444444444444445875344444443443344444444444444444444334334
33333333333334444444444334443333444446944444333444444445444596444458984113545554454444444459633686687544444444444454444575345444444444444444444444444444444445865344444443444344444444444444444444444434
44444444444444444444444444443434444446954444444444344454444466544469996214555444444444444459645775687454444454444444444785345555544454444454444444444444434445775344444444444444444444444444444444444444
44444444444444444444444444444444444546854444444444444444444455444469997324554444544444454457656864696444444444444344445785344444444555545455444444444444444445875344444334444444444444444444444444444444
44344444444444444444444444444444443446954444444444444444444477433359998324555555555555555545557844895454444444455444445785344454444444444444444444444444444445865344444344444444344444544444444444444444
44444444444434444444344344433434322326954444444444444544433356433369998324555555556666665545579647995455455555444444445775344444455444444444444444444444444445865344444444344444444444444434433334444444
44444433333333444443334443434433333335842223233544455543334444333479998325545544445555566655799568985466665665565555555775344444555555455554544554444444444442665344444444444444444434444434433344434444
44444334344444445444344334444444444434443333324863333322346663333469998235444444344444445555898467884456555555666665555775355555556555555555555665656555544445765344455444554444444445544445544444444444
43444445544555545543444444444444444444444444444653333444456555444469997235444445445543444546997467883455455555554444555775344444455555554555555545545556665545875354455555555555454444445555445544444444
34444444444444444443343334443444434444444444334454444445554444555579996234445556555544444436998566872454455454554554453575354444444444444444444444444455566656875366555555555555555555554444444444444445
44444454444444333443333334444544444444444444344454454444444444444579996244445566544544444427987456962444434443345444444675344444445444454544444444444444444446865356545555555555666666555555444444444444
54444444445444322444434444444444554444555554445455544444444444445679996234545455554554545427775457853443344443444444444775344444445444444544455544444444444446775344443444444455555555555555555555555544
53333333344444344444443444444444444445554554554555445555555555545779996344544345444455445426765467853543333444444444444775234445455545544444455455444444444445775344444444444444444444444445555556666555
44444444444444444443344455544555555455454555555555555545565555456779997444544444345555555427755567844433344443343444444775344444444455545454444454556554444545765344444444443344443444433344444444454445
44454444454444544444455556554566655555455555555555555545666555556878998544444555555556665437766567755444344444434434434774323233344444544444445444445444444546765345444444444444455444444444433333343443
55555544444444555454445555455565665545555555555444455455655665556878998544444445554579745547875467855544444444443334334454324333334433444445444444434443444545765355455445444444555555445555444454454333
55555544454444544554545554466665555555545545544555455555656565556789998543333455555457544558863358535555554444544444433233334333323434444334333434434444444443774344544545544444445445444554445555555544
45554544455455434444445554456656545545555555544545656555666555556889998543222355665555544558754368444454555555554444433333343443324443444444443445544544444445774344445555445454554445444444444544554544
55665655554455445544445555545656545556565556656655555545656665557999998543212236555565534558875477554555544554333334444434443444434444444544444344443444554446875344444455454544554555445433444445543344
44455554555555545555444455555554455555555555655655543445656655557999999543321125555564334568765587555545555543344555445554543454444544444544444444443454455445775334433454445444455444445444544434444543
55445455555444555555444555555545554555545555555544543444555644456999999533321114455553444668765897555545444444455555545544444444455444444544443444434445444445773234434455444544444454444444444544444544
54445554445555556555544455445545554454454555555555655555455545555899998533322103555544445568878986555544444445544445555544444444555445544444444445443344433445654323334354544555434455444445454554544444
44545554444444544444444544445545655444554654555555555555554555544799998544554322455435545468999976545544454555445544556655555555654555455445444454443444443435654212233344443444434444444344455345334333
45545554444345444433444544554445555544555554445555555555554455555689998677875532466456566478999754435544445554454445555455554544455554455556554433354444444434543323222334443343333333334343355344454433
55444444444444444454444444544445545555554544445555445545555444455479998876666666666776566589998644444445445444455444554445543344454454544555555434345544444433432222334434333334433334443444444443443454
54444454345543444445544444544444556665554544444554445655555545554469987666666676666676457689996455555554554444455555554444444454444455555554555455454544444444333221222333333434444444544444444344443333
44444444444445555555544445554444444454555544444554455555455555444558766666666666666555557889885456555555554454544555445555444544444444455454455445554445555545543432111223344434444444444443444444444433
54443444455545565445444444444544444454444444444555445645554445455677656666666665555555555877763455555556554454454555554544454454444444444334444444554445554455555443321111123443344434444444444544334344
43333344444444455544554443334544454445434544443354445545444455556776666566666655555444553465542454445555454555555555545544444544444444444444454455544455555456546555442110111234434434432344444544334444
33333343333443344444444444444444444454434555443444444445444567787667776566666655555444442355432343245665554555554555445555544445445544455556654467665556545556555544443211001123444443333334334434444444
33332333333333444444454555544545444444544555444454454555555667777777665555666666665554432243322122123555544566544555455555555544445554555666534566656665544555545654444332100013345333445444444444433433
33333333443434444444444444445545454444444445445555455654556556677777666656666666666665442223221111112344554554555554455555555544455445656544455666555455545454454555554433210001344444444335444334444343
34333234443333443544445544564544454444445445554566544655556777777766666656666665444445432222222111111235565555555455655555555545555556544545565666665544544444444444555543210000135434323423334334343343
43433433334444433344444455444445544444444544555555554555547887777766666666666665555444332222123222111123555566445445555555555455555554455655556655566554444444455434556555431000034333333344433344543444
33333344345434433344544544444444434444444344443344444545555788777766666666666677645543322221123233221112344455444444555455555554456555555555666655566665444544555456666655542110033444434444323456644444
33333444443343444344444334434434454444544344444444444454432587777656666665467888755543222211222333232112343455555555555555555665554456566555666666666666554445556777777776432110134444444555444557543445
34444444453333444444434444444344444343444445444544444444412688876566666666567765444443222211222333332222232355455555445555555675567655566666677767666666665456788887888888732110244444444455556656554454
44444544443443444444434444445444333334444344434444454444433787765666555556774322111122322211122222333222321245565555555554445667666555565666778766666666666644688877889987533112455554445545545544455555
44454443433344444433334444444444344444444444444434445445457776655665544444773110000011322221122222233333321234555555667655446688666556666666777766666656666543467877778766543345555555555544445555554565
34443434444444444444444445443444334444444444444444444444477665455655444554662111101011212221222222223333321222345555687555457877566666677877787766666665665554225766666555444554555554455554445454555455
34333443454444444444444444444444444443344433444444443444566644444555445555564341110001112211122222222333321221254344444656877876656666677888877666777766665544325777655555565555543444444444445454454445
44444444444554444444444444444444444444445444444444444445566655433443445554454443111001122210112222222223332211222223346766766665666676667777776666777665655444244566654454555545434445544434455554443344
44344444444344444544345445444444444444444444444444555445555565543332345543332443211222222210112222222222333322222222356666555556787876666777776566666665655443334545555554445443445444444444444434444344
44334433334324544444434444444444444444444444444434446556865445444333444433333332212222222211111222222222233333333322235555555556777666666666666666665555555533223554554544444333333443343444344433343343
44444333344334433445444444334454444445554444444445656579986544444444444333232222211221222211121222222222222333333332112345555557887666666666666666665555555542222343333444444434333334444443344444434443
44443433343334433445444444544444345444444444444446765898898756443334333332222222211121122211111222222222222233333333311234455666887666656666666655555444445542222333443445444444544433444444443444455444
45544333444444435455444434434444434333444444443467658986888753333323333322222222211221122112111122222222222233333333321123455555566566666665555555554444445543222244444444444433444433443444444444444455
34444334444444333345444444444433444344444444444466589987888644333332332222222232211222222111111112222222222223333333332122345665555466666555555555544444444543222234444444444445454334434444444444444333
44334343433434344444455444554444443344454433444456899998889754432223221111222332111222222111111112222222222222333333333112334675545567755555555555544443344444322234344444444444444444433444444444444333
34443334444443344445444455443344433333343333444447999988889753432222211111123321111222212221111112222222222222233333333211334565444566665555555555454444443444322224445544434444444444443454445444344444
33444334434334443444344444444333334434444333345568999988767753333222211111123211111122212111111111222222222222233333333321233445434555566555555555445544443345422223444344444444444444444554455444344444
33334334333344334444455444444344334444444444444556888877655753333222221111122111111111112111111111222222222222233332333321123334333445566555544455554544433345422223544444444444444444334444444454344444
33334444444344433444343333344333444334344445555544666555432563233222222111111111111111222111111111221222222222233322333332123333333444555544544544454444433346532223444444544344345434444455443444443443
33444444434443433333333333333333444434444445446333445432111153223221135211111111111112222111111111222222222222233222333332123333332344555554454444444444433334422223443444443344344344344434434434434543
44434444333344332333333323534444343444344444355233433320000035223311256311111111111122222111111111222222222222232222233322223333332334455555445455544444333333321223544444333344433434434434443344434444
33434443344333333333333333544433443444443333354232333200000035233321234321111111222233221111111111122222222222232222223222212333332233445445544445444444343333421223444444344444444444444444443433445444
33443443344434334344443333544433443444444443443323333100000145233321124311111122223223211121111111122222222222222222222222212333333223334444455544444433333333421224444434444344444443344333444433444444
44443443333433333444444444433433443445444543343433332210001343223321124211111222332223211121111111112221222222222222222222212233222222334543344554444443333333331223434444444444444444444434344345434655
33444344432333333345433445434434434444444433444333222222223443222221113221222222222122111121111111112111222222222222222222221233222222233443344544455444333323322223344444434544444444444344344335534554
44543444445433443444544455444433445534444443344333332222233322222221112101221122211112111121111111111112222222222222222222221222222222222333334544444333333223322223444444333554444443444443343444423443
54444443333334444344445554434434345444435544344433322223222222222222112211121111111112110111111111111122222222222222222222222122222222222233334444344332232222321123443333344443335543444444443444333344
43444544444445554445434343434333344444454444344433322222111222222222111111111011111111211111111111111122222222222222222222222122222222222223344433333322222222221123343433224342333344334334533344443344
43233344444445654544344344334444334334454454445533332321111222222232111111110011111111212111111111112212222222222222222222222222222222222222344433333322222222222223323344323333443344235435633343444334
32222333334344444543344444433444455444454444455433333221112222222332111111110011111111202111111111112112122222222222222222222212222222222222233334332222222222222224333333333444443343333334433334444433
34422223333344443444444433444343444454445554445533333211122222222232111111110011111112212111111111111112122222222222222222222212322222222222222223333222222222211223333443454333344344343333433334355433
33333213444344443544433332554344344433444454445754333111111222111233111111111111111112222111111111111111122222222222222222222222322222222222222222233222222222111223444444553333344224454434433433344333
22333223433333344444344444554444434444433444445786553111111110000132111111101111111112212111111111112211221222222222222222222222322222222222222222222222222222111134444445543443444344433444323433334333
23212211332333334445444444444343444445534455544678863211100000000033111111111111111122212111111111112211122222222222222222222222332222222222222222222222222222111233344444434444442354443343324433234333
33213322232333444445444444444344343345444544455556543321000000000133121111111111112221221111111111111111122222222222222222222222222222222222222222222222222222111244343443334434444443343344323223232333
32344322333444343344444444444344433444433544455555444431000000000132121111111111222211111111111111111111122222222222222222222222222222222222222222222222222222111344444433333343334333333333332233343343
33353233442344223444434454434444544444434445534555443431000000000232121111112223431111111111111111111112222222222222222222222222222222222222222222222222222222222334444334344443332333433333333333333333
23334234344431112344345454434455545544443444544555533311000001100221121111133344311111111111111111111111222222222222222222222222222222222222222222222222222222222344344435444443332333333344334335433333
34434234344222233444445454434454444434434445555555444222000111111221121122111231111211111111111111111111122222222222222222222222222211222222222222222222222222222344344344443345333334444343333334444333
45434434443232344333334544444454444344444545666565453333101111001221121221111111123311111111111111111111122222222222222222222222221111122222222222222222222222222334444334433455434334333433333434433333
34443334443343233333333434655444544443354555555434454454433210011211122212111122443431111111111111111111112222222222222222222222211111112221222222222222222222222334443343333343334433334444434434533333
34333544444453222332333334546444445554454434444433334454443211111211112234223332444432111111111111111111111222222222222222222222211111111221222222212222223222222334444443344343443444434445544454333333
43334323434355433333333433555445455555443444344433333333322111112111123334333333554334211111111111111111111212222222222222222222211111111111111222212222233322222444444554454343444444433345533444433333
33434334333443334433334555445445454455554433344443322222111111121111243234443444433334531111111111111111111222222222222222222222111111111111111112222222233322222344344455554344444334543334433344444434
33334444334443433334444454344344444445545534343453344311111111243332343343443454443344562111111111111111111222222222222222222222111111111111111122222222222222222344344444444434444444434434444343344444
32333455443454332432444554444444464334434443444454343332111112343334444444444454434444465211011111111111111222222222222222222222111111111111111222222232222222222354544444554433333433334433444343343443
33444344554445433323444444434344444245433333444434553443322234343444445433444444444544444421111112111111111222222222222222222222111111111111111222222322222222222454444444554334443343244333333334443333
44434444344554333434454434543433334335544234344534443434443444333444444443443444444334443542111111111111111222222222222222222222111111111111122222223222222222222344433344443344443343334344433444323333
34445434334434444444443434644344444344333333445433454544444454434434433333443344445444443465311111111111112222222222222222222222111111111111222222333222222222222355443444433333334443333444533443224333
43444444444433444444444445544343445343333334444534444344445445444434334434443454445433333477631111111111122222222222222222222222111111111122222223322322222222222344444444333432345554444444434443345533
33444444444455444433344434443333455332345545544555544343233444553344333444434444443444333467742111112111112222222222222222222222111111112222223333222233222222222344334444344443444455444445543344544453
33444434344344334443334433344444444444555555555544433344444344544443333443334543455443333367774211111111111222222222222222222222211111122222233332212234222222223334434445544544444554443344444344443444
34333444434444334434433344433344544444555555455555434444444444444433345444433444544334443567777422111111111122222222222222222222211222222222333322111223222222223333433444443434553554333444445443444433
33444444433433333343333443343333545444655555544544433334322333333434455444344455544434444547777642211211111122222222222222222222222222222333332222111224322222223334444444444444553333444444443332345544
33344332333434433355434444333333445444334444333443532223223344344444444444344554444444444445777664222221111122222222222222222222222222333333432222111224422222222354444544433344443343433333333333334444
33444444433333344565434433433333344444434444334443442222122344444333433333344455445434443435677667422222211112222222222222222222222333333334532222211124422222222343333344434333334443233433433334333344
43444554443355442446633333443454344334445444334444333332344343444344433444445544434444434544467767733222222122222222222222222222233333333445553222222225632222223332344344343333333443343343443344333444
44444443443344445345644334433544343444445444444344434334434444434443443443444544444445544555457766852332222222222222222222222222233333344455556222222224432222223333333444334444434543334433333333334344
43433433333433333445555444544544444454555444454434544434543445443433433443345454443444454444345776773233322222222222222222221122233333443354457422222234442211223323333444444444444443433333233333333344
33433433355443433444455434444544434454444443455445544445454444444455444344444545433554453444444567887433333222222222222222211112223334434443445841222233442222223223333334444543444334333333332332223333
32443334445534444444444433444655434544434553445555544454344554433454444344444343344544454454444458989765444333322222222222111111224334444433444873222234432222223223444443444344333434233332321222222433
44443444444433444554445344355643444543444455334445444443444465433543445555454343556555534454445447999877688776433222222221111111123343433633342787322234432222233223433344434433333334333323311122112322
45444444454333444554454454345445433433344443344554444443443455443344555554554444544434344454544444899966689999843322222221111111123344433333333788732234423322333323343344533443343323333332322452223212
44544444455454444455545443345333344455444443344454445555543344433345454544554444434234354445555433698976679999973322222222111111123334333334334777752233323333333323344443434443444433344443343442222223
33444444544444444555554432434333432345555544443334445455533443444444555544445545445454354445544344477775469889975333332222211111133333333333333776642234323333333224333333434444444444343333343333232343
34444444444444443444444444444434433333445544334444444444434543444444665444444544445443443444453345446545435667876433332222222111243322333334444766543223433332332233333334444434433344344333433433453344
54444444443433444333333444344344344443555444544444344433344444445444564444444434444333444554454444335643444445675443332222222221243333332333334766532233533332222233334333333233333334444333444443334355
