67421122222122566743422342222222222322244342223333332333654333333488888888888888888888888888887888887655676667787764344432222222223334333578888888888888888888888888888888888888888888888777777777777764
67421222222211367754323223222333312322257532223433321234653332322488888888888888888888888877654888854556766566688644343333443222233345332368888888888888888888888888888888888888888888888777777777778744
67422222222221147884322223221222212322257422233533223324563222222356888888888888888888888888753788865545556777778743432245443321332445444478888888888888888888888888888888888888888888888777888877777766
77421112222221477885332223222222112322157422233332222223332112223235688888888888888888888878763788875433346777767743333244333331222333235688888888888888887787888888888888888888888888888777887777777776
67421122222221367644322233223322222222257532332332222222342111222123678888888888888888888877763788863323346875434443333334322221222222223788888888888888875455578888888888888888888888888777777777777776
67422322222222257432333332223423221113257522223322222222384211221222357788888888888888888878763788533333236664322233333233332222323222223788778888888888854333347888888888777767888888888777778887787776
57422322232112156442223332332322221223357532222432222232576211122222244567888888888888888877763775443343333344443333333222322222222222224577558888888888643333335788888888777646888888888777888888888777
47534433443124234432223333432214322434347632222432223323233211233221233345677888887888888877764554343442332233455544323333222222222223222344457888888888544334344686788888877646888888888776777888888777
77425544554455444544444444544445544435337532233433223333232211133222343323357888886658887677764455444532222225576533343442223222222233332233357888888888643333444575688888777646888888888654666778767876
77424444445555444444444455444555555555556533444544445555554433454555554554467777775446676457764356443532222235444332342332114322224222223332357888888887653333457564588888777647888888787443444457636854
67424444444444444444444444444444444444554534545555445555555555555555555555565555665556555567764455555655555555555555555555445444446544444443466777777767544333355554477677777637877787664334333345424533
67534434444444444444444444444444444444456533444454444555554545455455555555555555555555555534753455555655555566555555565555556555555655555555565555555556555555555555555555677645665565555545444455444444
67533333343333334444434444444333444444456533444444444444444445444545555555555555555555555533764455555555555555555545554455555555555655555555555555555456555555556555545555677645555545555554555555555555
67423333333333433333333343444333444334367533444444444444444444444444444444444444445444554556764454455555555555555555555555555555445555555555445445555444455555555555544555577644555444444444444445545544
67423344444444444444444444444444444444467533443444444434444444334444444444444444344444444447775444444444454455555555555544555554444445555555454444455455555454555555554555577644555555544444444444444444
67524444444444444444444444444444444444456533444444444333344443444444444444444444444334444447775344444444444444444444444444444444554444444455555555554455454445554454555544577643555444444444444444444444
67523433444434444444444444444444444444456533444444444444444444434444444444444444444444444446775344444444444444444444444444444444444444444444444445545444444444444444444454577643444444444444444444444444
67523333333333333333333334434443344344366533444444444444444334344444444444444444444444444446775344444444444444444444444444444444444444444444444444444444444444444444444453247643444444444444444444444444
67523433333343333333333334333433343443367533444444444444443334444444444444434444444444444446775344444444444444444444444444444444444444444444444444444444444444444444444443237543444444444444444444444444
67523433443443333433333334333433333443467633334444444343333344334444444443334444444444444446776444444444444444444444444444444444444444444444444444444444444444444444444444466644444444444444444444444444
67523334433344334444433344434444333443466423344443343333333444444444444433333333443444444446875344444444444444444444444444444444444444444444444444444444444444444444444444566654444444444444444444444444
67633333333333334443343344443334443334366433444444444433344444444444444443344444444444444446876444444444444444444444444444444444444334444444444444444444444444444444444444577654444444444443444443444444
67633433333343333343333333443333444444467533433444443333344433444444444444343433444444444445776444444444444444444444444444443444444443433333334443433334433344444434444444577654444444444433444444444444
67523443344333333334433333344433444444467533444434334333444444344444444444433433444445444445776444444444444444443444444444444433444444444433444444433334434344444444444443565654344444444434444444444444
37533444443333343433433333343333444333467643434434334433444443444444444444444444444344444445776434444444444444444444444444444444444444444444444444444444444444444444444443566554433333334444334334434334
47533444444443444444434444444444433333457643444444443443444344444444444443444444443334444445776444444444444444444434444444443444444444444444444444444444444444444444444443577653433333333343334333333333
57533444444444444444444444443333444343467643334433343344444444444444444444444444443444444445775344444444444444444434444433444443333333334444444443443444444434444444443343588654433433443333333333333333
57523334434444444443343334333333344334467543444433433333333334444443443344444444444444434345766434434444344444444444444444444444444333344444443444444444443333333333343333587654433333433333333333333333
67523444444443334443444334444344443444367643444444433343333343334443343333443444444434333344876434443433334334344443444444444444444443334444444444444444444444444443454444577643333333333334334443333333
56533444444444444444444444444444444444337643444444444444434444344443443334443444444334434444776533333334334433433333443334444444444434444443444444444445555655555655655554566544433333333333344444434334
67633444445555544545554445555555444444357643444444445444444434454444454444444444444444444444776534434433443434444444444444344444444444444444445555656667666666666666666666666666544434334333344334334444
67523444445555445444444445454455555544457643444444444444544444444444454444444444444444445444776534444444444444444444444444443443444344444445556667877766666666666666656566666666654454444444444334434434
57523333443344443433444444444444445565567643555555555555555555555444444444444444444444444445777535555454544445544444444444444454444444445677677777766666667666666656666556666666666544444444444434334333
26533433434343434444433333334444444444467543555444445544455555555556555444444444444444444444777534444445555555555555555545444444444445577777766667666666676666666666555666666666665665544444433444333333
46532333333343434444434444444433344433357643444333434444444455555455555555555555555444444444677534444444444444444445555455555555544458877777777666666666666666666666555666666666666556654444444334333343
56532343444544344333444544444334444444357643444333343333444344444344444445555555555555555444577534444444444444444444444444444444445466667777776666666665555556666665455666666666666555565443333333333443
56532333433444444343443444444455443444457643444434443333334433433333333443344444444455545543267644444444444444444444444444544445673467777777666666665555555665566654565566666666666555566543333333333333
57532333333343444444444343444443433344457642454444444444445554344444443333334333344444444444477544554444444444444454555555554458863578788777676666665666666666666645666666666666666666677754333333344433
56531222222333334333344444343333333334457643554444454444444454544456444455444444444444333444687644555555555545444555555555443688863687887777777666666666666666666555666677766666666666777774444444444333
33332323332333233333343333333334434334336643445444444444444444454445444455455454444444433443587643444444445555666565544444467877754777777777777766666666666666665556666777766666666667777775444444444443
22322323322233334333333334344444433344347643344344544454444444444444344344444344444544454544577653443433444445555665543444788777846877777777777766666666666666666566567878776666666777777776454555555455
22233323333233333334333333344334444444457643344344444444444444444543343443444343343444444544577654444444443456654454443567886677746777777777777766666666666666666676667877877666666777777666545445445554
33333333443334333444433433333334444443457653344333544444444544434444444443444355343444434445477653444545445555544445467788766677747777777777777766676666666666666777667677777777666677776567644444444444
44444333344334344434433333443334443333457632333333454434444444443334444455454344444444445454477653544444445544433456788787766677647777776777777777776666667777667777676677777777777777776567644444444444
44333333333443344334344333443333333333346542233233444445543344443444444434433343334344345565467653445445544533324567877776666677757777777677787777677776676776677766666678777777777777775347754444444444
44433344444544444433444334444333334333356532121233434334443344333433323534434443354344555455557653445455544432245777876666566667757877777677777776666776776666776666766667777666777777765216764444444544
55544445445435444444444334333434334444346543222223333333333222333334434444344345443444455555327654544455543224567887766665566677767877777777777776666777776666766566766676666666777776654225765444445544
44544434334554444444455443333444333343334433332233333223344333344434434333444333333444455445336654444555432345787776666665566677767887777777776766676667767766665566776666666667777766543213875534333444
33344433434333444444444543443444443334333223333333333333343444444444433344444443333444444444457754445555322577777666666665666776767887777777776666677677766656555566776667666666777655432014885444444444
33333334433333444544444554444444445444444333423233433443333444344444433444443333443445433444468764455444335688766656656566666677777777666777666666666666666555555566776667766666776654331115886454444554
44444434333333344443333443344443454544445333433333333443333333344334434344333344443334444444458764344333347776666555555566666677777777666777666666666666665555555566766667777676766543211125886544444444
44334444433343433333333334444433444543455454344443333443433334333322334343344444444444235654456434343223468765555555556656666666777777665777766676666656555555654567766667777776666643211225777544334433
44443344433344333443443444445445455454455455444433344344444443333344433344443343344444225667664122443223687655555555555555666666777666665666666666666555555566544568866667777766766532112225677543333333
44444333344345444444444444445444554434455445544444444434444443334443343333443334333334323567774144343225765554555555555555666666766667666666666666655555555665545579876677777766776531112234587644333333
45544444333444434444444445544444344444444544444444434333354445333243333333333433333343432456665233423224655555555554455556666666765667767766666665655555555655556678876677777667776421122234687645434333
44444444333443444443444455444444453343443444334443334443344443233223333333344434333333345345654342532345555555554443444555566656665677777776666665555555566666777787776667766667775311222234687654433433
44444444344444445444443455544444454443344444333443334443333433333333443224465444444433443444444353342444555565454333444555566556666677777777775556666666767888887886686666666688765312222233687544333433
34444433443333333344554445555544444444444544434444444444444443444345543344564334454544544654543244132354566555543223445555566556666777777777875566677777888888887876686666677878764212222245787544333334
34444544432334443354444434555554435444335544444433444444444444444444555555555445454444545544444334223232366645531223444445566555666777777777897677777778888888776765467666778777653122222344688655544334
44444444434433333454444333555444323223344334444434544444444444443454554455444555545554545543343434423311135555321244444445566654556677766667898777777788777888776653357667778787641222222343587755535434
44444443444444344544444344445443212334443334444444434444444555444455444444444445544344444433442254444311124443211444334445555554345666665555688777877787667788765433248667778887631122222333577755444434
44444444444444444444444444444443334434433444444444444445444444455555444544545544543333333344432466566211222321113543333344543334323556555435568666875344457776543222238777778887511122222443476755444444
44334434344444343444444443444454433443444444444344445544544444443444443444545444454344333335544565485111123111115543322333333334343455544446534445764332246665422222347777888876311122223433465655543333
44444433444544443444454543444454434443334444443343455554554334444444344445444434434444445434344565354211123211145433323333333343345465555556632323444343224664433334445777998876211122333444454655544334
33444444544444444445444444444454344443444444433344444454444344444444344444343433334444444444444565534211123312243223433433333443443356566667753444444544433444454443443778988886421123334433443555543444
44344433333444544444544444434456554444554545544445544343333344433333443444333333333444344444545665543222135323553233333334333444443445666678974444344433334443444343344588998887431123475443433344433443
44433433333434444454455554444445555444544444534444444433233333333334433444443344344334344444544554555564345422455433334333433442333257666778975443344333343443333333244488998887432233796433322334433333
43433443433343343444444543443444445434433443433333444434444433334444333334434544453344443444434444556664434432355554344344455432344359866678885544434433344433333333334379988888332334996343331323432332
33443334333333333333344444444443334432234443334434444444334434334434444344444444553334333543444344555653431343134555445454444454334349976677887533333433333333433333333369888888433326998443432221333333
33433334334444333443444444443333333444444334444444444433334444333334444444444443344434444443434343454533432344123444444443444443334349987777898533333434443333332322233359988888533338998433333221233443
43333334334434444534334333333333323445444444444443444444444433444334434444444433344444454434334434444423333543112334544454444434323457955666788533333433333333333333333349988889633238999523333312133433
33233233333333334434334333444334434444334443433334443344444444444334534444443434444333333334335534433212433443211123444544344334433458954666666533333333333232333433333348988888843328999643334331133333
33333333334333333333223334444333434334433444444444444344444444444344544454433443444334334344444444442111333542212244434444343334434359998876666632333333333333333433333336999888852327999744533331123333
33333443443443443333322333433333433444443444444443344433344443343344434444433443443344333334443444431212333541211233433444344333323459999888778743323333334333433333333334999887874327988743334332123333
33343444444444554443333333443443344333333344434444444434433444343343454334433334333233344334344334532223322541221333333433343232223569999877888975333433233333334333333344898787764326987642333333223333
33344434443444453433543343444433344444433344444433434443343354333344354343343344333333356333444344444333321541221333333333333234234578899767889997444334333433344443333443698676654325888753333333344333
43333434323444343434653443333334334444333333343433444333343333344343344333333343444333345333455444455322211431331433433223333345335458789976778888532334434433444333433433697566765324888743333333333343
43333333233433443443553443443344344443333443444434443334334334334444444433333444444333554434454344454422123331334523343223343344434458678665667646543334443333443334433344797567764222888633333334334333
44444455433333433333444333444334434443433443443334333333444444433333333333334334444334444454454434466532344431245522233222444344434447667643666445433343333343333333433434487577654222498633333343333233
33444454333334333333333443444444333443443344343434334433444443333444333443444346544445444234343444357764553322254412322112343234423336778633455566533333433344444334334434377887654322278633333333332333
23333444434344333434333434433232232443344444343333344344443444433443333443354345444465454345433332244444544332143212442112333234323334788623345565443334443334453232332432367888653332259733433333333333
23444444433334444433334333433334433343333334433343344334544434433343333433344334434454444454333233345653433222134221542222454345333443687623224665543234333433333232332222248787752332238632333332333333
34433454333334344433443333434333344443333433333443333333544345433434443334443343433444343443333344235654465113324343433344456544233333686533234766652222322433422233323112128887642322227622332222323344
33333343334344333333443334434343333333333333333433333243332233333333345333343333444334333354433554434444354012323323531233334444445333675423123666662122321222311223312132128887632212226522211212233334
34333343333233332334322334533543333434333333333333322233332333342254346333334343333333322344333663433323333333443332331134323345334332654423123566673221221222211123211121148877632112225411111111122221
33333333333322333335423233333333333333334334333223334323333433332243334333343453333333323333333463434324432543553343333255223333344333654543233376686211231233135134311121138877522112236411112111122222
32222223323332233334433223233333323322344333233332333333443333443332234333333554333333323332333463434334533334443333332353323233333223765764212266787411243631223124312232258776524212257422012132111122
32333223333333333433422332323333333332433333323333333543333343243543334334333333323433433233333432343323333233423333332133224333323234576654133257767621243631333224323334368777525412266343122112111111
32233333333333332333532333323333333433443332223434344543333344244333443234332333333323323333324323333232233234344333323233223333333234455554333146556533244442344234334344367777543222365323322122111111
33344333333333333333333332333323344323333322233343345434333432444433333234332343333233323243423333332233233324355333233233333333233334446546643155545322345565456454333443467876543232365322321111111111
33433333334433333333333343434323344333333333333333433344334333543432343232232222322322234332323322332223224233344333332343356443245334234534644465764422553455443344444464567876433332566421212222210111
33333443334333333333334433334333334334433333333333433333333334332333333322333333332423223223323333333423233444333233333343444344335342233233344544542433343334433344544454467876433223666311115454211112
43333334333334333443343333333333344333333343343443333332433233233333333333333323333333233323434233432333332445332333322333322323233344233333344334344433464433334354434543567875444224776312112252111223
44333333333334333433333333333333333333333443333443333233432332333333343333344333333333344322334224332323332333333233322323223213233364232233433333465344443443233344344554466764233322765312114332221223
32233333333334222233323433443334334333323332343344335443443323333443333333234343332332233323233233232223343333323333232233223213333564223434433333343335432343233454333344456665244234544223124442221344
22323323433333332233433434454333344333333333443334334433345333334333433334344333333333332233333333123124333323435323332333334433222454332233433332333223343332233354333355555543132255544323144343233643
23333334433334443333333434433444333333333334334334333322354433333233344434334333333222332123333233232233333333423322433423333434433334233333322342333233443443233353334455565441133233435533343465334432
33333443433232333433333333323434433333333333334433343233333333433334355434444333343333333233333223433233332334532322334433344323333333223333343332244222334532333463326744564431344355434443333345434322
32232333232233222333333322333334433233323232433433433343333434434333345433434433344323323344343333333332332443332332443334345323334332333433264345534333335533244334456534453333353445433433333233223343
32322333333322223443344433344334443344334333444334454444233434334433334333443444343332433343343333233333323332223334733334333333333333333333443443536533334443433343344343233334343333443333333333323463
23223333433443334543343334335444333344235443344334344444344443434334334444442344333333333343433333233333333322233334544333333433333334443543433543335533344543433344243442322355454433334443333444423332
32333334443443443443333334334544333334443333443334434444333334433334334344333443333234434433433332232343333334433333333322332223232334333343334333433333334442422343343432222233653444334542433663423345
34543343333344444433333323334434433444443333344444444443333334332234333333334333333434444323332333322233334334432334344222233232333343333333334443333323233342343242333422332223533554433543233443333257
43322332433334334333333223233333443443344433444433434443333443342233344323333232234433344433333333333333344434443333344333433222322443234333333333333333333323343332323334442224433433332232233223434455
43333333433325334343333334333433344333444434444333334443343333333333334434432244334433434443323443334443333333333343233333333222222442233333333333323323323423222344443334353333453333233245333333445644
33334443433333343443343344434344444434443344445433433333332235444334434443343445434434444443433443334443433433333344243333332233333332232344332343323322322322323344433323354432443345334233433233563434
33344433444433443333344234443454445445533444344434444333332345554444444553344433434334544334444444424444433434333333333333333333232233333333333342223533332222333232223322222323433237533234322334333544
43343333454444333344445444444444454344433333444334334334433444444443344544444433433233433334443443434334434344333334333332333333323333433333333443334553342221232232232323322235533235633333322333323444
33344443333333333334444333434433453344343333334433434544434444544333444444433443434344333444343443334433333334333333333433333233444433333333423333233232322222233332333332323323233323432322333243333323
34434433433333233333443334434343343333344333332333344443333543433433443433332355444343444444434433344334433444333333334433323224444333334334333333344323223323333233233232233443322223322322233333332321
33333433333343233333433443333333442333443443333344344443344443333433333333233333443234334333334444333445434453332333334334433334444235335544333333343333333323232223333123233333322433333323234343332232
43343333433343323333433333333433433443333443444433443433333333443233443433343233444334333333334433444443333334333333343323543434333333346643333334344333333323322333234333333334333543333223233443322222
