23322222222322322222222222222222222323233322223322222235322222233323333442222222122222356423333333479954555555555444444488521111477654454334444343444333343355333333333333333333333333333233333333333333
22322222222222222222322222222222222322223322222222222235422222233322333432222222222223346433333333699964555555555444443368532112566544444233443333444443343354333333332222333333333333333233223323333332
22222222222222222222232222222222222223223322322222222235433333333332333332222332223322334332223333589964555555444444443347642114565333343233333333444433343344333333332211223332233333333333223333333322
22222222222222222322222222322222222223322222322222223324554333333332332332222333333322333322222333479975555554445444443225652126554343332333333333444433344343333333332112234432223333333333222333335333
22222222222223222232222222222222222223322222222222222223555433333333333333222333333322322333222335899985555544445444443223653256653432332233333333333343343333333332343222233332223343334333333333323333
22222222222222222222222222222222222223322222222222222222455422232222333333233322344332322233323335899996555544444444433212433577632332322233333333333344443333334433343333322332223333333333333333322223
22222222222222222222222222222232223233222222222222222222333332222223333333333332333322332233333568999996555544444444432111357897323222322333333333334344543333334433354333332332223332333323333333222233
22222223322233322222222222222232222333222222222222233233332333222234433333333333333333332233457999999997555554444444331110388874222222222333332233333356653333333333464332222332222332233332233333322233
22222222222222322222222222222222222322222233223332333333333332322223333333344333233332332356899999999998555555444444321100167642222222222323222223333347853344333333344322322333222333333333233333333333
22222222222222232222222222222223222222111222233333333322333343332222333333333333333332335899999999999999555555544443321010145322222222222233222223333357863333333333333223322333333332223333223323333233
22222222222222223222222222222223222222123222222223333222333323333222333333323322233335689999999999999999655555544433221011043211222222222222222333333458863333333333332222322232334323323333223323333233
22222222222222222222222222222222232222223322222223222222333323333323333223322322334579999999999999899999755544544432211011045322212222212222222233333358854433333333332232233333333323333333233222333323
22221222222222222222222232222222233222222222222222222222332222233345333323222345678999999999999998899999845444554433211010046322222222112222222333333357753443333334322233433332222322333222223332233322
22222222122222222222233333222222234222222222222222222223332222233574333333334799999999999999999989999999954545565433211110026443332222112111222333333347653454333334333223443433222222233222222233233322
22222222111112222222222223222222233322222222211122222323333223334753333233469999998889999999999789997999963555545433211111027543332222111112222333333345553465333333333333333333222222222222223333333222
22222222222222222222222223222222234433322223222222222322333333337632233335899999978768999989998899965899984455544333211111126643333321111112223333333344444455433333333233332232222232222223323332233222
22211112222222222222222223222222334432222233222222222222333343379654567789999899966778899888999989854699985455444333211111124543333321111112233343323333344455445434334433332222222233333222333233332222
11211111111222222222222223222222333432233322222222222222356788765899999999999999876688798667689998534899994355444332211111233444334311111122233443333322333345556644334322222222222223333211332233333222
11221111111111222211122222222223333333323421222222222233699999789999999999999999965666776455678776535898894354443332111112233333333111111223333333233212233334557655443322222322112222333321233233112333
11222111111111333111112222222222233333333333222222233478999996899999999999999999966644555445566565435797873454443322211122333333353111122233333332222111233333456655564332211222222212222333233223222333
11111110001111133212222222222222233333333333322233457999999966999987899899998999985434444444555454435577854454443322222223333333352111222223223221221111233323455455564344321222333421222223333222232344
12210121111111222222222222233222223333332232223347999999999847999987898999966899984433443434455444434566654444333332222233333333321223322222223211111111233322344454664344532233333342233223333222232243
21111122221112332222222222222222223333322223212599999999889647999998999999965788984333333444444444444555554443333333333233333332222223322222222211111111123222344444564443442333433333333333333333332233
22111112122333222222222222322222222223322223247999999999689648999999999999984567864333333344444444443444543343333333333333333332222223323212222111111111123222334444665432343333432333233322333333332233
22211111223443222222222222232222222222223223699999999999579648999999999999975447854333333444444444443444433333333333333333333322222233333211212211111111122122333345665433334333443332233332333333343232
22221112223333211111222222233222211233222224799999999999668647999999999999964435654333333444444444343433333333333333333333332222222233333211112311112111112112233345665433333333333333222332333333333332
22222222233322211111223222233332221233322224599987789999657747989999999999965533554333344444444444344333332333333333333333323222222234333322223221122111112112223334556544433333333343222333333333333332
22222223332222121222322222233332232124322234598666678998656647999989999999875432454333344444444433344333332333322222223333232222222333333332332221221111111112222233455544443333333344333333333322222344
22222223322221121122322223232222222212333335885455678887565648988877788887776432244333334444444443344433322333322222223322222222223333333333332322321121111112232223346644344444433333444433333322222233
33222333322222122112222222232222222322233335954556778878555548877666775676656532223333334444444444444433332333222222222222222222223333333333333323421221111112222222336754444444443333333323332322333222
33322222222222212212222222122212222332223348644556767887555536766456665576545656433333344444444444444433333332222222222222222222233333333334444344322221111111222122235764445543443333322332322222333222
33322222222222222222233223333456543232122377444466666777545535654566656566544555555444444444444444444433333322222222222222222222333333333344444454333221111111121122224664456654444443333332222222233333
54333222222212122222223222234469974322232374344455556777545535653455556557544444455544444444444444444444333322223444222222222223333333333443444454344332111111111122223554456654443444333322222223232233
44333222122212122222233321134445654433443763344554556677545634543456677767544334454444445444444444444444433322465578632222222333333333334333444544444432221111111122223333456665554444343322222223333332
34552322222222222332333332444454555545535633334333556667544534433456787776544434443344455444444444444444333237874456642223223333434333333333344555555543321111111121112233345555665544434432222222223332
24654322222232222233333343553334543444446433333344556666646743333357776665444334443344444444444444444444332377543334544332333444433333333333344555555444332221111111112223334445655645444333222222223222
22333323222223221254345654333332454223434443344445556666779943333357654444333333333334444444444444443334333664444334556433334444443333333333344444555555443432111111111222333344555545543333322222222222
22334643322223342243345554433323444334434673344455556666889632233246433333333333334433344444444444433333335533444333566434334344433333333333444444555555445443111111111112332334555445533333433322222222
33433675433224433443245432333333333333347774444455556666898642222244333333333333334433334444444444333333345333444333357433343444433343333333434444555555555553111111111112322233454445433334543322222322
33332443343335444344334322223443333333345785544445555666887643222333333333333333344443444444444433333333344333344333357333333444443443333333333444555555555543122111111112222233344444443334544432222232
33323455533343335545446433323233332223544586855445555666987542223333322333333333334444444443333333333223344433334333355333434444444433333343333444444555555542232321111111212222333333343345346643233222
24544445332443435655445443123223332245666788974445555557986543432333332223333333333344444333333333333334435433333333433334344444433433333333334444444445555543444321111111112222333333333344456443343222
22234434442345545645543442233245334797456789974444455566875553333223232233333333333444333333333333223344335433333345433344444444343433343333334444444455555544455321111111112112223333322443355333432232
33124433444545654544444443335566358999998778843334444555655553234422223333333333333333333333333332344443433554333566333344444444443333333333334444344454555544554332221111112111222333323344443333332233
24545632334655554453334532235665699878998767643333443345555543333542223333333333333333333333333334444433332354333333333333344444444443344443334433444544554455543433321111112111122333323344433333333333
33443422434544366322246432256777766524887555675444454444555543234453443233333333333333333334443334334433323233332223333433344443444433444433333333444555444555544434421111121111222222222344333333333333
44323432432343356433334223224667553212465644666654345664455542223446997643333333333333333454334444334443323222222233334433344444444433444334333334444444444554544444421122221112222222222344333333233322
33212343323443465443344356632455554445444665668864334566454542332445666655444433333433333532234444344433333222222333334434444444444444444444333334444444444445544444321123221112223322222343333332222223
32112444323533453455555687654666655665554566656654333355654554333355456554454554434554334323333344344433323322222233333444444444444444344444333344333443445555444554322344322222223322222343333332222233
54332355436745555666667873223466555555566765666543433353564455433355546665566666544444455323333334444433323322222233333344444444444444444433232343333334445444444544324553222232233221122333332232222233
55532355664455567777776555555555444455556666675675343354454345422245445676669976545444565322333334433333322222222233333344434444444444444433223333222344444444445544345543222332333211122222333232212332
44534544764555555545553136667776544355545557655565444344345445433334345566689965444444555222333334433333322222222223333344444444444444444433333332223344444444445544555543333333332111222222333322212432
55565543455666523665431234576455554355445666665434533355235554534333234455699744444444455322233344433433232222222222333344444444444444444433333332233444444444445445555433344334332112221122333432124422
34566565544544434653343566786555554565437764354344644368657656543332122343699544444444443222223444334333333222222222333344444444444444333333333333333444434444444455555444454443321122111123233432344322
33345557644622236510289999995445554555456556544245333468896556643332112323698433333333333322224544333333333332222222333343444444444344333333333333333443344444444455455444554443321222111222234433465321
32223545555642133111369999984333434643465566665445555576343556654332112222595332223322322445654653333333333333222222333343444444444344333333334333334444443344444444555445544443322221111222234433454443
23642454332455541113338999755444433445666566566434787443333456664432122222773322222332222375654763333333333333322222333344444444444334333333333433344434434444444554555455444444223211112222233334443345
44752223332213621133124899743444456566666554333235875222222456665443222222643322332322223675666753333333333333322222333334443444444433444333333433344444334444455555555544444444333211122222223334433346
33454421222213333211123466665445665467655653221235532222222245565443212222522322332222228998888633333333433333322222333333433444444333444333334433344444444445555545555544445444443311233222222234443345
22334663112223354443234566567666654666666764222224322222112344555444312223422333222222227766566533333333444333322322233333433444444333333333444333344433434444544455555445554444444322332222222233333345
32234568411353122246555454544566656787644445433335412222223345555444322222322233222222225576544433333333444333323322223333433343444333334444444333344433344444444555454445544445544323322222222333333344
32223345664234222249755567776576558986754444435544632222223333554544422222222233222222224588643333333434444333323322222333333333443333334444444333444333344444445554444444544444554333333222123443333345
33364233444665444279976555655477787665555566634444453233333333435544432222222223322222223797543334334434444333322332222333333333443333334444444344444333444444445444444445544454544344332221224432233345
33564356678543365654445556755677776557655445544244343433433333446644432222222222232222224974433444444434444333312333232233333334433333333343444444443333444444444334444455444444444444432222233222223345
77665479887432345574556675545666766787554445443344444543334434555554442122222222233222237765433344444444444333322233332233333334443333333333344444444334433444444444444554445445444455433323432222223345
66444324786443235788658876587458888753454556667635665454333445554464443212222222233222368754443344444445444333332223332223333333333333333333344444443333434444433444445544455544444555444334432222222334
22333432445454356787777777898688876543334555667667887655433344555454444212222223233322487544343444444445544443433222233223333443333333333334444444443334444444433444444444454444444555444445333222122223
42244576555566666666776676568999855454434554444476666655434333444455444322333233333333685333333444444455544444443322233223333443333333333333443444443334344334333344444444544444445555544454443222222222
45655655565335577557778744556887555346455553455456656645555433334445644332333333333334984223223444444565433444443322223223333333333333333333444444443334444343333444444445444444445555554554554333233222
56654444455334466556777557788765775445555443545566655665676555457555653333333444433336853222233444445565322233543332233323333333333333333344444444444344444444333444344444444444455555555555654443343344
98545545433564344457886435877635875555664444444455554565566555556766565433334444443336533322343445555654111134654333233333334333333333333334444444444344444444444444444444444444555555555566654444555554
99643445455666323567897568844446765555554334445456654566564455556676754444333443333346433334454455555542112366665433333333333333333333333333444444443444444443444444444443444444555445455566544455556554
89975666544543336764479889754456665545554235445578755457765455455665554446445565432364333334344556655532222555655543333333333333333333333333444444433444433443444444444444444444554445555655544555665554
77998765544443254333686459756667766665554334456886555557666555455566545567655567666853333334343566654322257666566553333333333333333333333333444444444444433444444444444434444445544455555544445556655555
77899864445566774211342124687877666666544354456665455567555665576655566788776777768833333333333566553222566565555674333333333333333333333333344444434444434444444444444344444455445554555444445555555555
76679985456446664145332124666788767666554345555356666566544645566666677777777776558843333333333555432334555666565566433333333333333333333333344444444444444434444444443344444454455544555444445555555555
66456897355646655235554566666788886565554234655566555555544655555665455675667766747843333443333443333454456655666656643333333333333333333333343444444444444444444444443444444444454444544444445554555555
75434579723666755545566768777766775565544236876556665565543554546664354556666688868743333465433332344444445445555657753333333333333333333334443344444444344344444444444444344444444445544444455544445555
85223656985665676644566778776666666665553355445565544554434444456455555456777677757743333455543333444555644546665555664333333333333333333334433344444444344334444344444443344444443444444444454444444455
65322577899864346655565677787776667876543565324655444333333454455344455654676656676553223576775455554467754455554455455333333333333333333333433334444444444434444444444434444444444444444444444444444445
78766678889965466566567666766566655565544674232454355554444445555433445677655446675443224476774456664477765554454455545533333333333333333333443334444444344444444444444434444554444444444444544444444444
87778876689997666789866656765556554555543564222343444323445435755334544677655545773322225476654456645567555555565465555643333333333333334333443334434444444334444444444434334454444444444444444444444443
97567666897899855778966555665655444764444442222444465543543345654435553455676555753222224576555446655677544455565455555753333333333333333433443334434444444444444444444443334544444444444444444444444443
89666666886679976766775445545655444444434433113444453454433444455334563444555445743222223575655544665467754665665555566664333333333333333333433334444444444444444444444443334443444444444444444444444322
56567766777877999667666645546544676555436532323332343454346433554445554533555556432222222565645544454567866655654444555554333333333333333333333444444444444444444444444443344444444444444444444444444222
65457888766777899756656645535544655553456654533222344575544422454335543255335556332222232555654445545788876765664433457655433333333333333333334444444444444444434444444433344444444444444444444444444222
85556766555556789986566556523554334554355564333211464354566554343334534235533566322232333554445544446677667765675433466555443333333333333333334444444444444444444444444433444444444444444444555444443222
54465544566777888999756546424555445455664446532223642245455456653454533434565565323322224554448986445777557668766567777665543333333333333343334444444444444444444444444433444444444444444444555444432222
75565555666678765689965545423347653455684345543236532244324567744455523434666665335332234457756765444455556656887767776566653333333333333343334444444444434444444444334444444444444444444445554444322343
74564675567777665578997545422344434434565333444356435344333566643355533445798763236442344345444444553344576667887765655567764333333333333333333444444444444444444444334444444444444444444445554554323554
76756788886776666688699745422244343335433423654475555655443455455456454345568852256543433344333533444334686687666765665687665433333333333333333444344444444444444444434444444444444444444445554543334555
66655666566656655556459975532233233334453344565563346564553345344335533336567742475433555544434444333344587666555546666887556543333333333333333344444444444444444444444444444444444444444445555543344446
65566554567776664344446898532223213334475443333545427656555544435335643466688632365333566544433444556566689889866644666876456543333333333344333334444444444443444444444444444444444444444444555433334455
66665555566775444433424589842223323445466444553545524945665544535535655765557532254334564444332344446876699878865763455756654343333333333334333333444444444443444444444444444444444444444444555432345555
67765556555356533342323568983223323344445544564356533664555655644555665555557422354334453344444333346775556788985465545534554434333333433334333333444444444444444444444444444444444444444444455433566666
76664455456434433322223454798412322234445454465336443364464654665545666555558432343335434556643432455444336877764335566434444333433333433344344333344444444444444444444444444444444444444444455434666666
76676555677632222323322343379952232334444434555436753344555544556535655566667433333345444653334444443454345865444434566555443333333333333333333333344444444444444444444444444444434444444444454335767767
56656546996433222443222332336995232234543434555676666655554443557434555565465332333343344454434554234554444466545566566554443433443333333443333433344444444444444444444444444444434444444444444356777778
55776423675431245323222232233599633334564445555466645664454455443465465554465322333654443344355643223423444345534466556544433333334333334433333433334444433444444444444444444444444444444455433578778778
54565622233433344222222322223359974245465444456335665664455555544366456566563332333677544444346544234534444445654443233233443223455333334443333433434444333444444444444444444444444444445566533688789889
45553332222223323211123323323335997444554555444446655655455445643357245457753332333466665544324445666533453443455443223224553333575333333443333433443334334444444444444444444444444444446799644789889898
22343532221233333211232223322332489866444455554455755445554345654456555436743332333446577543223345666322343443556333322222443344343333334444434433333333344444444444444444444444444444446999646878889789
11133331212322323212331135423332248985555345654466644455665355467754665436743333344345555433247545434432343544445333122222224332345544333444443434433443344444444444444444444444444444446997557877889789
33432223334312233112332357534432244799766544543346545544676444346636644756653332364345455543225445544443334553324633233233223432345456333444443334443444444444444444444444444444444444445986567876788788
33642224665313542232223236543332355699986545445446445646665534555435446546743332456334365456435544444444444444434553333235423444444587433344444434443334443444444444444444444444444444445776578776667788
24434445544346742232224335434322488668999646445556545555564534786566677744733332355533368754444433445332322325745655433434634334444552443334444434443333444444444444444444443444444444444455688676665567
34345534544457734433345554535424655545799845555556534554555643576565556644842222344643447844443433455332443422444454445543655644455545544333444444434433444444444444444444444444444444444334687666555556
33343774653466665545785544534445545333579975554456644555655654554436654554884222343453456634544544433445544643343456444323485443357766754333444444344444344444444444444444444444444444444323676666555566
53554587877675565566675454445555334334456998544456533444645644653235565454675433334445455554444434344446534553333334443333355346654345664433334444444444444444444444444444444444444444444223566666555566
53356665865675455444564224653445556554454699854557655443564454554444457645674344334346545455444554334654555553334333442334443336543344455433334444444344444444444444444444444444444444444224556666555666
42355765875556455554344334435555556554454468996546646743543444655676554455553243333335555544444454335544544465333444443233453324344444456543334444444444444444444444444444445444444444444234455566566667
44455666675454554555464333334578646665565335899656544543453445533355555566655333343344444455454454444464445345543333344444433444334565457753433444444444444444444444444444454444444444443234444555556677
