55566677776666666778765666899998766544335799999777899843455555554443444443444555666666666777777777877766655555444555555555443345665556666666666666666666666666776666666666666666655555556777677777777766
55556666666666555666665556899999765544334799999877899743555555554333444333344444455556666777666677777776556676544455555544555556666656666666666666666555566666777666666666677666655666666666766666656677
55666556666666555556665566899999865544334699998877899634555555554333333333344334445566655556666666666666667777765434455544444455566666677766667666666666666666777777777666666666666666677776776666556677
66666666777765545556665556799999866544333699998787799634555555554333333333345444455556654455666666666666778878886444555554334445555555676666666666555566666667788777777776666666677776677787766666666667
66667666777766555667777777899999876544323689997777799634555555554333333333334444554455655555566677766567888888875444566655443344455666766666666666655566667776677777666677666676677776666666777766777776
66666666677766555567777666899999876544323589997778799634555545555444444444433333444455544455555677776556788888764345677765434444445566666666665565566666677666777777777777666666667776666677777777776777
66666666666666544445555556799999976554323589998778899744555555555444444444443333444455444455665566666656778888764335666655555555555555555555555555555555666666667777777777666555556667777777777777666667
66666666666666544444444444699999976554323479998877899744555455555455555544443333444455544455555556665556788876554455666666666777776667776666555555555556666666666655445677766666666655666777666667787777
66666666655666655433345554699999986554323469998987799744554444555555555544433333334455445555543345565556677665456667777777777777777677777777777766656666677777666666655567887777787777777766666666677776
66666666666666665433334555699999986555422369999897799745554444455555555444333322333445445556543344455567776554567777766666777777776665556667777777766666666666677778877666777777777777766766666666777666
77666666666666444455566666699999986555433358999877799744554444455555444433333322233444445566553443345566666555666777777766788887666555665555555666667777777666677777777777777666666666666666665555555566
66777766677776544456666776699999986554433358999976899745554344455555433333333332223333445565553453344556665556665566777667677778777666665545566777777777666677777777777777766555667666665666666555555666
67777777766666666656666666689999986545443358999987999745544344444554433332223333333233334555554464444455665566765556677666777667777656665544445666666677777777777777766566665556667777666666666566666665
66666666777677777666666655589999987556554468999999999645543334444443333332222333333222333555555564444556765556666555566777787777776666766554444556666788777666667776666666677776777667777777666666666666
65665555666667777766666655579999987777655578999999999645433334444433233322223333233222233455455554455666766666777666666788777777777777766554444566777788877665566677777777788886666666655667776667776777
55555555556655666666666666679999998888766688999999999645433333444332223323333333333322223455455655666666777777788876666777776677887777776655555567777788877665556667788888777777766666665666666666778766
66555555555555556666555556679999999998876688999999999645433333344322222223444444556421122455445666667777777777887877777777776677788777777766666677777777677766667777777777666667766666667776666666666776
66554455555676666665554556778999999999887789988899998545433333333222222234455656677621122344434555677777777666777787777778787777777777766666777777777766666666677776666666666666655555666666666666666666
66555444455666666665544668899999999999998889988899998544333333333222222234556677777631112334434454667877776667777788767778888888777666766666666666677666666666677777666666667777666655666666666667666666
76655445545556666666677899999999999999999999998899997444333333333212122245566677776641112234433454667777666666666788666677778877777665566666666677777776666666666666666666666778777776666777666666666666
65555555566666666778889999999999999999999999998999996444333333222222222244556666665541112223433354666676666667666778766668878777667665445667776666667777666777667776666666666666666666666666666666666666
55555566676666778889999999999999999999999999988999985543333333322212212234555555555542112223432344566666566666665677766557768767677664334456777788877777666666777777777666667777766555666666666666666666
66555567777666789999999999999999999999998889998999986543333333222222222244555444455442111112332234455566456555655567776668767767778776555555556666777666666666666677777666666666666666666777777777776666
66566666666667899999999999999999999999987779998999986543333333222222222345555544444432111112222233344455455555654567766668777777788776655555555566666655556677766676666666666666666777777766666777777665
66666666666788999999999999999999999999987668999999985433333333222222222345555555332222111212222223344445445655543456666667777777787776555554556666666666666666666767676766666677776677776665555666666555
66666665678999999999999999999999999988887768999999985333333333222222222344555554322121111212222223333344335556543455556667777777788887655666666666666666666677666777777777776667776666667776666777776666
66666666778999999999999999999999999887887767999999984333333333222222222344444443221111111211222223244344335555543345556667766677888888766666677777777777666666666666777777777666666666677777777666667777
56666678987999999999999999999988998887778867999999984233333333222222223344433432211111111222222123244345234555543345556667676677777777666666666776777877766666666676666677776666666666666667788876666667
66667788999999999999999999998888888788777766899989984223333333222222233455533322111111112222222112234345234445653344445566666666667778777778776777677877776666677777666666777777766666666666778888888777
77778999999999999999999999988888987888876765799988996223433333222212344555422221111111112222122112223234223444553234334555555566667777777777776666777777777777777776666666777666677666666666677767788777
88899999999999999999999999888778876788876654589877886313443333222212344444311222111111222222112111222223223344543234334555555566566677778888876666677777777777777777766677776666666666677776656666666667
99999999999999999999999999888777776788876654369877677412343333222112355443211222211112222222122111112222212333543223333445555565555677788888887777776677777777777777666677777666666655666666555567776666
99999999999999999999999998888777766788875554359877667522343333222112344432222222211112222322122111112222112223443223323444454465455577777788888766777778777677777777777766666666666666677766555556677666
99999999999999999999999998887777766788874444348876667621333333222222233222222222221112223322222211111222111222343223322344454454455567777788888766666677887776666677788877776666666666667777766666666666
99999999999999999999999988877776666778864333448876666621233333222222222212222332222222223322222222111122111112333123322333444454455567778888888877666667766666666777666667777655666666666667776666666666
99999999999999999999999887777766557767764223447776555521233333222222222212223333223333333332223322222222222111222112222233344443445566667777888877776666666667666667776666666677666666666666777766666666
99999999999999999999998877766665557766764223556765444532233333222222221122223333333333333333333332222222222211122112222233344343344666766666788766555555666666677766777766666777776666667776677777766666
99999999999999999999998887776666556766654323455755444432333332222222221122223333333443333333334333332223333221222112221222343333344566665566788776665566666656677777788876666777777777766666666667777666
99999999999999999999999988877666766666654322444554444322333332222222211122222333333444344444444433333333333222222112221222343333334566665556777676677777666666666666777776666666666666666655556666666666
99999999999999999999999998877666776666544322343444444322233322222222212222222333333444444444444444333344443222233212221222233333334556665556666666666776666655566666666665566666666666666666666666666655
99999999999889999999999988766555566665544332343333333322223322222222222222222233333444444444444444444444444323333222222222233332334456665456666666666666665555666666666666666666666666666666666666566555
99999999987777778899999877655455455554443332333333333322222222222222111222222233333344444444444444444444444333344322222222233332334456664456666666666677666777776666667666666777667666666666655566666666
99999999876666666778899866654444445544433332333332233222222222222222111222222333333344444444444444444544444333444332222222233332234456654456555555666666666667666666666666666776666666655566666666666667
99999988776665555566799866654334444443333332333332222222222222222221111222222333333334434444444444444555444444444433333222233332334456543445545556556666666666666666667777666666555666666666666666666666
99999887766666665455678865554333333333333333233222222222222222222221112222223333333333333444444444444455544444454433333222333332334455543444444556656666556777777777776666666665667777666666666666655555
99988887777667666554566655554333333333333333223222222222222222222222222222223333333333333344444444444445544444554433343222333333333455433444444555556666556677776666676666666666666666666776666666666666
99988888777767766664455433443333333333333333322222222222222222222222222222333333333333333333444444444444544444554444443322344333344455433343334555456677777766666666666666677666666666666666666666555566
99888888777777876665455333333333333333333333322222222222222222222222222222333333333333333333344444444444544444554444443323444433444454333333234454455666666655555656667766677776666666776666666666556566
88888888778887876665444332333333333333333333322222222222222222222222222223333333333333333333344444444444454444444444443333444433444444333332223443345566555554445555677777777776666667766555667776666666
89999998788888877655443332222233333333333333332222222222222222222222222223333333333333333333344444444444444444444444444334444434444443333322223433345555555554456777667777766666666667776656667777766666
89999998888888877665433222222223333333333333332222222222222234443222222223333333333333333333333334444444444444444444444444444444444443333222223333344555556666665666776777666666655556667666777777766676
89999987788787776665443222222222333333333333333222222222222334544222222223333333333333333333333334444444444444444454444445544444444443332222223323444455555566666666778876666556666656778888777766666666
88888766677777776666543222222222333333333333333222222222223443454332222223333333333333333333333333344444444444444444444445444444444443322222223223444445555556666655677887666555666666778888776666656677
88766544455556665566543322222223333333333333333222222222234543344333322233333333333333333333333333333344444444444444444444445455544443322221223223444444555556666665566666667666666665666666655566665666
66654322233444454455543322222233333333333333333222222222235543333344433223333333333333333333333333333344444444444444444444444455544444332222222233333445555556777666566776666666666666665566655566666555
44442111122233333345543332222223333333333333333332222221245433333345532222333333333333333333333333333344444444444444444444444455544444333222222333323345544455666666666666665566666666566666666766666655
33321111111222222234444332222223333333333333333333322221245333333334542223333333333333333333333333333344444444444444444444444455544444333322222333223345433445555556666666666666666776666666666666666666
33211111111112222223444332222222333333333333333333222211344323333333452222333333333333333333333333333333344444444444444444444455544444444333333332222344323345555555666666667777777777666666555666677777
54431110111111112223444332222222333333333333333333222211343222333333453233233333333333333333333333333333334434444444444444444445554554444433333332223333222234456566666666666666677777777777777777788788
65531111111111111222334332222222333333333333333333222211342222333333343233233333333333333333333333333333334434444444444444444445554444444443333332233432222223446677777666666666566677777777888788888888
66641111111111111112333322222223333333333333333333222212442222233333332222233333333333333333333333333333334443443344444444444445554444444443344432233333222222334666666656655555455556666666777678888888
77653211121111111111223222222223333333333333333332222212432222222333432222333333333333333333333333333333334443433334444444444445554444444444344433333333222222223445544444444443344444444455555668888899
77664321121111111111122222222333333333333333333222222223432222222233442222333333333333333333333333333333334443443334444444444444554444444444444433333333332222222343333333334433344433333555445688899999
77665433221111111111112222333333333333333333333222222233333222222223532222223333333333333333333333333333334443343333444444444444444444444444444444444444433322332343222332333333334444445775567899999999
77655543322222111222222333333333333333333333333222222222243322222223432233323333333333333333333333333333334443333333344444444444444444444444444444444444444333333444333332233333334455567887778899999999
76655544433233223333333333333333333333333333333222222222234333222223332233333333333333333333333333333333333343334333344344444444444444444444444444444445554334444454444443222333333455678888889999999999
66554444433333333444433333333333333333333333333222222222224333322222222233323333333333333333333333333333333343333333334334444444444444444444444445444555554444444555455553222233333345678888888899888888
65544444333333333344433333333333333333333333333222223222222334322222222233323333333333333333333333333333333344333333333334444444444444444444444445544555554444445555555554322232222334567777788888888887
55443333333333333333333333333333333333333333322222223222222234322222222233222333333333333333333333333333333334333333333334444444444444444444444455544455554444455555555554322222222334556667777787788777
44433333333333333333332333333333333333333333222222223222222223322222222233222333333333333333333333333333333333333333333333444444444444444444444445544455554444455555555555433222222233455556667777777777
44433333333332233333332223333333333333333332222222232222222222221222222233322333333333333333333333333333333333333333333333444444444444444444444444544445554444445555455554444222222233344556666666677777
44433333223322233333322222222222333333333222222222332222222222221222222233322333333333333333333333333333333333333333333333444333444444444444444444444444554444444554444444444322222223344455556666666666
44333333222222223333322222222222233333322222222223332222222222222222222233322333333333333333333333333333333333333333333333344333344444444444444444444444554444444544444444444322222223334445555556666666
33333333322222222233223332222233333332222222222223322222222222222222222233322233333333333333333333333333333333333333333333333333444444444444444444444444454444444444444444444322222222333444445556666666
33333333222222222222233333222333333222222222222322222222222222222222222233322223333333333333333333333333333333333333333333333333344444444444444444444444444444444444444444444432211122333444445566666666
43333333222222222222233333333333332222222222223322222222222222222222222233222223233333333322333333333333333333333333433333333333344444444444444444444444444444444444444444444432211122233444455566665555
55433333222222222222223333333333322222222222223322222222222222222222222222222222233333333322333333333333333333333333333333334333334444444444444444444444444444444444444444444432211122333445555666666555
55443222222222222222223323333333222222222222333322222222222222222122222222222222233333333322233333333333333333333333333333333333333444444444444444444444444444444444444444444433211122334445566666666655
55433222222222222222222332233222222222233322333332222222222223222112222222222222233333333332233333333333333333333333333333333433333444444444443444444444444444444444444444444442211122344445666666666666
44332222222222222222222222232222222222333222333333222222222222222111212222222222233333333332223333333333333333333333333333333443333343344443443444444444444444444444444444444442111122344455666676666667
33222222222222222222222222222222222233332222222333222222222222222111112222222222233333333322222333333333333333333333333333333343333333344433333444444433444444444444444444444443211122344556667777766667
22222222222222222222222222222222222233322222112233222222222222221111112222222222233322333332222333333333333333333333333333333333333333334443333444444433344444444444444444444443221122345566677788877677
22222222222222222222222222222222222343222222211222222222222222222111112222222222233322333322222333333333333333333333333333333333333333334443333444444433344444444444444444444443322112345667777888887678
22222222222222222222222222222222222332222222222222222222222222222111112222222222223322333322222333333333333333333333333333333333333333344444433444444333344444444444444444444443322222345677777788887678
22222222222222222222222222222222223432222222222222222222222222222111112222222222223322333322222233333333333333333333333333333333333333344443434333444333344444444444444444444443322222334567777778876667
22222222222222222222222222222222223432222222222222222222222222222221112222222222223322223332222233333333333333333333333333333333333333344443444333444333344444444444444444444443322122334456667777765566
22222222222222222222222222222222223443222222222222322222222222222221112222222222222222223322222233332233333333333333333333333333333333344433333333443333344444444444444444444443322222233445556666665566
22222222222222222222222222223333333443222222222223322222222222222221111122222222222222233322222233332233333333333333333333333333333333333333333333343333344443444444444444444443322112223344555566655566
11122222222222222222222222333333333443222222222223323222222222222211111112222222222222233322222233332223333333333333333333333333333333334433333333333333334443334444444444444443322112233344444555556666
11122222222222222222222222333333333443222222222223333222222222222221111111222222222222223322222223332223333333333333333333333333333333343433333333333333334443334444444444444443322112233344444455555666
11122222222222222222222223333333333443211222222223333222222222222221111111112222222222223322222223332223333333333333333333333333333333333333333333333333334333334444444444444443321112333444444445555566
11111222222222222222333333333333333333211222222233333222222222222221111111111222222222222222222222222223333333333333333333333333333333333333333333333333334333343344444444444443221122334444444444445555
11111222222222233333344333333333332232211222222333333222222222222222111111111222222222222222222222222223323333333333333333333333333333333333333333333333333333343334444444444443321123344444444444444444
11122222222233333333444333333333322222221432223333333322222222222222222111111122222222222222222222222223333333333333333333333333333333333333333333333333334333333334444444444443322123344444444444444444
22223332223333333333454333333332222221222543222333333322222222222222222211111122222222222222222222222223333333333333333333333333333333333333333333333333333333333333344444444443322123444444444444444444
32223333333333333333554333333222222211112543222333333322222222222222222111111122222222222222222222222223223333333333333333333333333333333333333333333333333333333333334444444443322123344444444444444444
43223333333344443333554333333222111111112432222333333322222222222112222211111222222222222222222222222223333333333333333333333333333333333333333333333333333333343333334444444433221123344444444444444443
33233333334444333333453333322211111111112332222333333322222222222112222211111222222222222222222222222222333333333333333333333333333333333333333333333333333333333333333444444433221123344444444444444443
33333444444443333333454332222111111111122322222333333322222222222111122211111222222222222222222222222222333333333333333333333333333333333333333333333333333333333333333334443433211123344444444444444444
33333444444333232322444332222111111111123322223333333322222222222111122222211222222222222222222222222222333333333333333333333333333333333333333333333333333333333333333334433433211123344444444444444444
33333334443332222222344322111111111111124332233333333322222222221111112222211222222222222222222222222223333333333333333333333333333333333333333333333333333333333333334333334443211233333444444444433334
23333333333222222222234321111111111111123332233333433322222222222111122222222222222222222222222222222223333333333333333333333333333333333333333333333333333333333333333443333443221233333343344443333333
22322332332211122221223421111111111111123332333333433332222222222111122222222222222222222222222222222222333333333333333333333333333333333333333333333333333333333333333333333333211233333333334443333333
22222222222111111121122332111111111111122332333333433332222222222211122222222222222222222222222222222222333333333333333333333333333333333333333333333333333333333333333333333333211233333333333333333333
22211111111111111111111232211111111111122333333344443332222222222211122222222222222222222222222222222222323333333333333333333333333333333333333333333333333333333333333333333333211234333333333343333333
11111111111111111111111122221111111111122333333444543332222222222211222222222222222222222222222222222222222333333333333333333333333333333333333333333333333333333333333333333333211234333333333333333333
11111111111111111111111112221111111111122333334445554432222222222211122222222222222222222222222222222223323333333333333333333333333333333333333333333333333333333333333333333333211234333333333333333333
11111111111111111111111112221111111111222333334445554442222212222221122222222222222222222222222222222223323333333333333333333333333333333333333333333333333333333333333333333333211234333333333333333333
11111111111111111111111111111111111111223333334555555543222211222322122222222222222222222222222222222222323333333333333333333333333333333333333333333333333333333333333333333333211234333333333333333333
11111111111111111111111111111111111112223333344555555443222221222322222222222222222222222222222222222222323333333333333333333333333333333333333333333333333333333333333333333333211233333333333333333333
11111111111111111111111111111111111122223333445555443333222222222322222222222222222222222222222222222222222333333333333333333333333333333333333333333333333333333333333333333333211233333333333333333333
11111111111111111111111111111111111222233333445555555554322222222322222222222222222222222222222222222222222233333333333333333333333333333333333333333333333333333333333333333333322333333333333333333333
