45444334433444433387443332234322222221222344542763343323311224554122433333231322133436753222243222333367412332222235577888888888888888887876488753333334556433223333323333222222222222257887788887888888
55555555555544544597444444445444444444555555555763454455433543444343434343223533343525753222242222332334323334222224346688788888888888887776476544334333334454333333322233222222222222366775688877788887
44444444444444444597444444545444455555555555446862455545555555555554555554445554444534753333343222333323221243222234233457888888788888787776355334353333223445654432332222222222222233335644677777788875
44444444433344444487444444444444444444444444445763444444455544444444444544455555555555643444554444555555431465344444444346788887555788656776445544353222222546654334344212222222222332223335577788888876
33333333333333333487433333334443433444444444445763444444444444444444544444444445445555553454555555555555532666455555555556666776555656545776435654353222223534433224233211332212322223333333678788888876
33333333333333333487433333333333333333333333345763343444444444444444444444444455444456653444445445455555544647455555555555555555555555556776455555665555555555544545555434543333553333334334678888878876
33333333333333333497433333333333333333333333335863333334334344433333444444433344444446753444444444445455446557455555555555555555555555542475345555565555556555555556555555555555575555555545666666666675
33333333333333343498443333434444444434444434335753344444444444444444444444433444434446653344444444444444457467444444445544555555554555553576445555555555555555555455544555555555575555555555555555555665
33333333334344444486444434444434444444444444445863444444444444444444444444444444444447653344444444444444468467444444444444444444444444445776444455445555555555555555555555555544555455555555555555544555
33333333333344333487444443333443333444444444446863344444444444444444444444444444444445653444444444444444368467344444444444444444444444445776444444444444455555555555555555554444444445555444444445544444
33333333334444333487443333333333433343434333446863343334433444444444444444444444434446653444444444444444367457344444444444444444434444445776444444444444444444444444444444444444444445555555544444544555
33334433333443333487433333343333344444433433346763344333333443434433334444444344434347653444444444444444356356344444444444344444444444445776544444444444444444444444444444444444444444444444555555544444
34334444333443444487443333443333333343333443345763344444444443433443333434444344444347753444444444444444346456444444444444444444444444445776544444444444444444444444444444444444444444444444444444454444
44444444444444444488434444444433334433334334335863344444344443444444344443444434444447653444444444444445457446344444444334444444444444445777534444444444444444444444444444444444444444444444444444444444
44444444444444444368444444444444444444344444435863343443434444444443444444444444344447544444444444433444457436444444443333434444444444444777534444444444444444444444444444444444444444444444444444444444
34443434444444444487444444444444444444444444435773344433334444444334344444334444444446446744444444444333457547444444443333433444444444445786534444444444444444444444444444444444444444443433443444444344
44433444444444444488444443444344444444444444435763344334444344444443334444344444444446765775444444444333467577444444444444444344444444445786534444444444444444444444444444444444444444444444444444444434
33444444444443444488444444444444444444444444443753444444444444443443334344443444444447985776454434433333457895444444444433443444444444444676534444444444444444444444444444434444434443443443444444444444
34444443444444444488444444444443344444444444444753344444444344444443344444443444433457798765334434445455548974444444444444433444444544444786534444444444444334344444444444443444444334333334343433333343
34444344333343444488444333333444444444443443335763344444444444444444444444444444334447789865456655666666568854444444444444444444344444444777534444444444444444444444444444444344444444444444444444333343
44444444444444444388433343333443434444443333445763334444444444444444444444444444444457758986676666566555567644444444444444444444344444444776434444444444444444333344444444444444444444444444444444444444
54445555555555544358444444443444344444444444445763344444444434444344434444444444344457657998766665555554445534444444444444444444454444444676434434444444444444443444343344333433334434444444434444444344
34444443455455555477445555555554444544444444445763344444444444444444444444344444444447656766677655556655543324334443433444444444444433344776534443444443444444434444444344444443433333334444334334344444
23334443333444555488444554555555555555555555556763344444555544444444444544444444444426655666776655566654443233134444334443444444443443343686534443443434433334443344444434444444443334444444344434444444
33334343444333344477445545544454444444555554446763444545555555555555455555555554444447656777766655556675443222134554444443444444344444444676534333334434443443343344344444444434443333444444444434444444
44344454444333443378433343444444454444444444445752344444444444444444444444445555555457753267776555554664442111124554554444445444444444444676534434434443433444444444443444444444443444444344344444444444
44444454444433433378533233443444444443444443442753444444444444444444444444444455556567741277665654455310122211124554444444454544454445544677634444444444444444444444444444444344444444444444444444444444
45444644444434444378423233333333333333353333445753344333444444444444344434444444444457643666545554346310012221124554444444444444455555555566644555444444444544444444444444444344444444444344444444444444
44443444334444344445434443333432333333343334446763334444454444444444545444443344443457755655554443544441012222124555555555544455455555455555655555445555555555555555444444444444444444443344443444434444
43332343344444434334455433333333333333333443445763333344444445444444454554444444444447755556555434543342122122124555555666554555555555555555555455544444444444555555555555554444444444444445444444434334
33444443444444444443354333334333433433333334335763333333344444444444444444555544444457665688874334332222122112224444444455565655556665666655565445554444444444444444444445554445454555444445554554444444
44444444445666444444554444444443344333333333335653222333343334433444444444444434345457755987896333322222122112324444554456766555666667776666666544555444444444444444444444444444444444445555555555544544
44444444444786234434454444444444433333333343333443233333333423334344334334334434434447669998887422211132122112324555646677655556677667776666666654555444444444444444444444444444444434444444444454455454
54444445543454334444343344544445544444443334322233333332223334433333334334334444334426667888767432211121121111222334666666666666677777766667666665455555544444444444444444444444444444444444444444444444
44445555544444444444433344444444444554433444332223333433334433334333433354445544444447424555422432232111111111233235665555677766677776666777776655445445555555554444444444444444444444444444444434444344
44444554454544444444444344444444444442233334343334433444334433444443443344334444444456223332000431243111112111223322355556776666666666666666666554334433454555665555555444444444444444454444444444444444
55444544444534444444444444444444444433444554445544433444444444444443444444434444454455223321002431132111122211223332234556776666666666666555666544323433244444444455555444556555545444454444444444444444
55434444444444543444443333444343333344444444444433333433444344434444333443334454444445333222223322122112233211222333213466555666666665555555556543322333234544453344444455555666555544444444444445444444
44444455444444544454444444444444434455344344454444444444554444444444434444433334333446533222222222121222322111222333221345455666555555555445456543322233223444553444454344444444444444445665555444444444
44444444444444444444444444444433444454444444455555445545644544444444444444434434433356653322212222111111121111222233321133345666555555555444555544222223222344544344433443443333333333344554445555555544
44443333444444443444332233334343344443444344454454444434455544444455444333444334444346563323222222111111111111122222222123334556555555555555445654222222322233554434444444454443443343333443444444455555
44343433444444444443333333333344444343454334543344433444444444444555544343445443343334344333111112111111111111122222222123333455555555555555445654212222243222444444445444544444443444333444443343444444
34444434454544444444555444554444544444444444444443444444333444554544554454444444344344345553111011111111111111122222222113323344455555555554436653212222244222344543444445444344444444344434443443333443
44445445444444444544455444554445444444444444444454444444443344454444454445544445454445433211011111111111111111122222222212222233345555555554445543211222244211334544445345344343345544444444434433334333
44545444444454444444444344444454444444444444444433444443444443433333444445543454543455333210001111111111111111122222222212222223334555555444446642211222234311234444445444344444444445444434445444444344
45545455555555554444444443444444444445555554345444434443344333443444444445444545554555443221111111111111111111122222222222222222233455555544435532211222234310133444455544444444443454445434344444444444
44445445555555543444454444554554444555444444445544443344445444444444455445555555345454444321111111111111111111122222222222222222222333444444334422211222233320123534444454444444433444444434344343444444
44445565545544444444544455445544444555434444455554444434444444444444545544444455444454444321111111111111111111112222222221222222222223333233333322121121233320023444333333455444433344445445443445433344
44445656445554434443443444445544544444455444454444454434444444443444455444444444444444444421111111111111111111112222222222222222222222222222332221121222343320012334344343343433334234334444333444434444
43445544455454454444445544444455544454444455554544455444444445544444455545444454443444444332332233221111111111112222222222222222222222222222322221122222333310012234343333233433334334333334444434444434
44554444444444454454444554444344444454444444454544454444333433344554455555554454443444544344443434331111111111122222222222222222222222222222322211222223333210012223444234444333333344444333333344333334
44444545544445433444545554555544454454433444544544454433344543355444445555554445445445554444444545543111111111122222222222222222222222222222222212222222323320012323434345444443334334333343444444333444
44444444444444434444434455445454555454444455444445444434444444455444433555554334443345444444434447655211111111112222222222222211222222222222222222222222233321112334343444445444444444334444434444434443
44445444444454454344444455444445444454454444444544554445544444554444444555443222224454334444444457755321111111111222222222222111122222222222222232222233333321112343334444444434434444344344434433344443
44444434445343444444444444444444454444554444444444444444554444444454454444444323444443444444544357865431111111111222222222222111111222222222222333221233333332123333343344444433334343333344434433433443
43344434444333344444433455454454544445444445544444434444544444444454444455554434444444445444445467776322111111111222222222222111111222222222212333222443333343123334434443343443333334344333434343333333
44444444434443343433343334444444554445444444444444444444544444444455554444454544444444444444344477776432111111111222222222222111111122211222122333222443333333223334433333333434333333344434434443343333
44333344345434344343343343444535544444454434434445444544445544445544544554554344443444444443444577776532111111112222222222122111111122211221123333223423343433223333333333333433333333334444443344344334
33333443444443444543444443444444444444444444334444443343454544455544444444455554544555455433344677776543111111112222222222122111111122222211123333223322233333222333333333333333322333333343444344444444
33433343333433434443344444444444333444344444344443443433445445454455554444456565544555555445555677766552211111111222222222122111111122222111223332233332233333333333333333333343322333333433444434444443
44434433343443444433334443333434433443344444444443444443343443444445543443445556445534444534444566666554221111111122222222122111122222232111223332223322333333343333433333444444333333334334434344443432
34434443443444445443333333434444433444444444443443334433333444433445444444444445433333444433333456655445321111111122222222122111222223321112222222344322344443333334333333444443343333343333444444443333
43444444344444445554444433334444444444333444444444444334454444453444445444434444533444444334444455665432422122111222222222122222222333221222222222344444443344444334433433442334333333443334433334433333
44432333344344443344343443334444544443344334444333334434444444534334334434333333445444444444444444566532442222211222222222122222333333212222222322444445444445444344344455533344433433343444344334433334
44333333333333344333345444344344444444443333333234333333443334444334333444344434444444454443444444567667773222222222222222122233333444212222223332434344444444544444444444454344333334443554444333443333
33444444444434334433333344434333332333544333433334444344443334433333344444334445334334444544344444467789996322222222222221122233334443322222223333433333444443433543443344442344344544533333433333343343
43334444344444444443444444434443433444444444333443444444444444444333434433334434444433555444444444446899998633322222222211122334333334322222222223443444544444434544544445434333444434432333443333343344
33333444343443344433444434334443333434434334434354444544444554444333333544443444444443444444443444445899999633332222221111133443344333331122222223554434444344434444444344334433433333332323233333333333
33334343443443334334444333344444444434443333344445535443454454434543444545433344444333444445444445445788878633333222221111234443343333342112222223443334344443344434445443334334423323332332232333332333
33333433444344334443433334434444444444444433443333434323444444434653444433344344444433444444443444446786554433333332221111244343323354343212222233343454333333333333444343332323332333431232222333333333
32334344443333335334333344444433343444454444444443455333443444543553444443344444444333343444434444335799633333333332221112344343333365333422221233333454333334333333343334533335443333422122223332333334
33332333333333333334325433433333333334444444444444455433433434443444334444444444444434444444344443335789853233333333222222444433333353334542222332343443443434343433343333334345433333333233344334434333
33232343323223333333444334333334433334443334433344454434434434333334444444453444444444434443444334444689985222232233322222444444334544344543323322343443444434343433344433454334433344433344434333333444
33322323333322333334333443333343334433333333223344445434344444444433444443332333444444444444334344444679987423332333322222445443344443444533333322333444444456545443444533454434434444433333333333333544
33333433333322332334333332333333323333333444334444454433334454444434434433343432443344344443343444445688987534443333322222456544444443344333333322334543444545446444444444445444443444433333444334333443
33433433333333333334434333333333223323443344334433454444344444444444444434333443444334444443443443335689987744443432222222444344664554454333223322234653344334335554443444344444333333433334454333343333
34333233222333233344323343333333333335343333334323444444344333434443334434433343333444433334433333334579987754444443222223334434443344454333222322235445444233335543433433345444333343433434544333333443
23334332223322233322332343434333333444333333344344344333222333344323334534543433444433333334433332343468998754343443222223434533433343442333332222235434344244545543444544455444343344433435643333334444
32444432223333433432233343334333344433333333333333233333422334335433334444334433433344343333333332233467898853443344542234433433333332443333232222244323333345434433454445544333233333334334443344333443
33334432233333433333333333332333433433333443342333223333332233344433333333334323322344343343223333233457778853343348642233443333433332443332222222234334444334233433333323444323223332333343346444333343
32233322233333334343332333334333433334434334443233333443334333433423333323333333333433333333333333333357765664322247532244543234332223233322222112235334436434433332352323344222232332333333234433443344
33233334343323434344333334334344333333333334333344334433333333334433333333333434434443333224333435533356776455433347432234443334433333323222223212235433345433333333453223222231233332323233233233443344
33233333433333444334333444443333443333334344433443333334433443333333433343333344333433323234443355434347777654434346432333333333334333333212223211223333234433333322342232232211232222323322322233433434
34333334444444333343334443333433443333234353433333444334343333333334444444323444333333333334434444343347666654434335443333433333233233343112233211222232234333333232232223222211232223333222322332332234
43344455543444223322133334333444443443343333244333444334444333343344433344333344344433433433334433343346666664433224333322223333333232432112243211223323234344333222233222223221222223432212222432334334
44443344443344322232122233433344433432333334444334344333344434443433333333333343333333343443433333334336776665333213332333323323222333321122222211223333233344323322323232122221012213322212122332423425
33333344444444332332333443323444323333333334333334333333344323333434434333333343333333443344433333433436777776433212432233233324232333321122333211222233333333323322423222221111111111222211122541221434
33333344444344333443333443334323332344332333332333333444334222234324444443344444333334433333443343334435667765332212332343333333332333211122334211122324453232222211211111211111111111111121213552122332
43223334333333333344443344333333433443332333333333334433334443343434444444333443333333334443443354434445666654442111222344433333332434211222234211112323322232121111111111110011111111111122423323433245
44434432323333433344444443333344333332333433333334444543333343443333444334444443333343344334443344333456677653342111111333333333233333111232332311111332221121121111112111111011120011111121222243333134
44344432323333343444444233322244433333323333333233342332333323333433334334344434333333343344343433223445655543343111113443333333233343111232232411111322212111111111111010001111221001110121322343335423
33333333333333323434433222223333433344433333332333333233333323343343333433344433333332334344434433333334655432344411123443333322233362112232335511112332111111111111110011100000121111112222323332223433
33343333333334223344333322222234322444532333433323344433433234544444443344444443444343324334445444443433666642334741122343322323343431122232236521123321111100101111111011111101111011112322342232222243
33433334433234334443323332332112223334433333433433344444543444543333344345444333443354434444344554443433566643333652122343333332234411122333346531112111111101001111111121011011011001111232322222223443
33434334333233344323334433432333333444333333444543343443444444443333334345443333344444443443344444443444676643443553122333333333335411122333334432111111100011101111111121001111110111211153222222212334
23434333322344333334233333332324333443333334343433333433344444333333232344334434444433334444444344444332576643343653112334333333334521113333333322111001000011112111111111111111110012222142124524433334
33423433332334444433333433322344433333334344544333444433345343443333233333334434543444433545444345433343576643443651122343433333345411113332322222111111111111011111101111111111111112423321322335533334
33333443334434433333334334323355544333444444533334444434333443443443444334333444344444344443334444433433576643433552112342322334346311123323322111111111111111111111000110001111111112331233432334333334
33334433333333323333443333332334443334444344434444434544433443444443354444454544344443444454333334433433486643334433211332432344455211133232111122110111111111111111000000100111111101122234333323333324
33333333333333334433443344333333344444444444443443434554444333444344344544554555455434444454444443333322476543444332111323453334455211222111111111111111111111110111111000000001111111123333443333323223
33333334443333333444333343323332443444333434334344444443443433344445434444444543444333344443344443344323487654443332112333334222233111111111111111211111111111110011111111000011321112233333333223323323
43334434333232333333333354433443334444333335334445433433333333334443334444334533443433333344343344444344677765433433222221112111111111111111111122221111111111111111111100011111111122243322433323223223
33333333333333323433334444434444344443334345344344433333333233434433443333443343333443333334334445444344676565344434443323322111111111111111221333334322211111011111111111111111122323343233332213322222
33334333443333333433333334333335344443344344453344333433443233334444443433334433334434434333433444434345665532344434333323442211111122222333333334333333321111111111111111111122333423333333332324533332
33333444333334435433333433434344444444443333443333333434443344433443334434444434443334444343444444333445435642233333333321221111111134433344433444343333321111111111111111112334333332333433433333443332
33344433333234333333333443433344444334333344344334333433344334433444334444432333444433334533334434333343224432234433333421111111112233333344443333454334421111111111111111134433333233333333322233222322
33334434343334333334432334332444443334333444334334343344334335433444433333433345444434433322433443333344433233333434233321112332334333333344334444433333432111112111123322234442344234343333333344223223
23344443343333333343543244433443233223334544224333543333333335434445444333345446443345323223333433333356643223333233233332333444344443333333444454333233332111222222224433343333344346443333234343333333
43454333333344334443555544443322332333333454444345433333333334543445444574345334433344333333334433343466543122322333332323333444334343234433433464333343333332333323334434434223223444323344334344333223
33434333333343444443344643333332333334433444344335433333433343433444443464344433434443332333333344444565432222323333233322233344443333333343333333233333333233333334332344433333333442233334333243333322
33444333334334534333334333333433333333334334333335332334343343334433444333333333333443343343333444445544322232333223122222334333344443343333333333332233333333333433332334443323333333333333333333333322
44344343344343434344333333433433333332333344334444334443243234333324333333433433334434444444334333334433233343333342111221122233344333343333333343333333434434433443433322344333333333333333333323332322
