65678766565568999997655433334445667888898876789854556666665555665555655666667666666666666676676666566666666656666676666667667666666666666656666666667667776667777667777665666666666665565566666666766777
65677766555678999997654433344334567888888877799755556666566666666666556666666566566566666666666666666666666566666666566666666666666666656566656666666656666667767677776566667666765566666666666676656767
55655565556679999997654333332334567888899877899755566666666667666676666655665566655666666666556666666655666666666678667666665556666666666665666666566655456667667677766655666666666666666666666666666776
55544455555689999997654322222233467888899988998555566656666666666676556655666666656665566676656666665666666555556677666655665555555566666666776666566655556656566666665655665667666677666666566666666677
54433444344699999997654332221222457888899878998655566666667666656655543445556677666665555666666655666666665555445666766655666655555666555676666665667666566665556666564455566566666777666766666766666666
55433454333589999987554432211112457888888779998555566666667666566655653445566777766566655656656756677655555666666667776556556556666666656665555656556655566556556555555554555555665667766766666656766666
55554444443599999986555422111111357888888899986555566666556555765555655657656777766566656666655655667656666665566766666566666655566555555656556656555555555445554544445544554555555555666666665555665566
55545555554699999986544322221102467888999999985554566655666666666566666667765666665566665556665556676666667666666666655555566666555555555565556665555555545555563444455554455555555666666666666655656566
54456555555799999986544332211013578888999999986544555555566566666666676667675566566555555435665666665565666666666666666556666666655555665566556765556655555555555665555554455555555666666666666666666655
55556655555799999986555543321114678888999999865444555444455566655456665566666666676655675556566666676555666655566666666656766655555665565666556666555655556655554555565655655555555556766666666666767666
55556544555799999987787655443225678778999999654444443333456666666655665565666666766556666666666666666666556655566666676566566655666666666666566666566555556665544545555555665567665555566667666676666666
45556554555799999999998766544335788779999997553334433334566665666655555656666656667566566666667656656766676556556656677767666667666667766566665666666665666655555555555555666666556655566666666666667666
65555555567899999999988887766667888789999986543333333445555666666655555555566665666666566555665667666766676667667675666667665566776667666666666776666655576656655555565556666755656655566666655555566555
44555677888888888878888889888888888889999976432233333454555566656555566555666565556666664445665566566666677666667765565566556656666666666656655666667656676666655566666666666755555655556556556555556656
55557888888888887888888888898878888899999865422333344445555555555555556556666656556666555556655555666566766666657755666665566667655566665655665556655556666766656666666666556555556656555556666655555665
67788888888888788898888888888767888899999764322233334456555665655456554445665555667666666555566556666655545555555555556766666776766556555665566556655556666666766766566555566655656666555566556666565555
77778888888888888998877787777667899999998754222223334455545665655556655455456556656656766656665565665664455453334566555657766666765556666555666566655666666666655666565556556766665666565566666655665555
77788888888888888988777776666667899999988643222222333445556755555665666555444556655666666656666666666565554455533345555556655566645656666666665566666677656666666666665666656666665666566555666655665555
88888888888888888887767777677777899999987643222222233455566665566666555653465556656666666676666556666666665555554455566655666665555565566566666666666687667665556666655566666667666666666665666665665555
78888889988887777777667666777666788888887533222222233455565556445655555333456566656676666676656666666676677665566655566666666555444565667555665555566676555555556656655565554554566566655666666666655556
88888999888777777777666666777665567777776433222222334455555556555655556434445555545566665566666666655566666565666655566655554445545655556555555566665655546666565555566555555554576676655676666656666665
88889999887777777776666666777654467776665433222222223333334455555555455444444544444454566655565665556555656555556555566556554456456545565455555556665665555566665556665555555545566566665565556666666665
88899998878888877766666666777544467776665433222222223333322345545444333333444433334444455555556555656555666666565666666666666666566656656566544565566655555666666555676655555555665556665666655566665565
89999998888888887776666566766543356776654323222222233322212345444432222222333333344545566655555556666555556665544455565666776756666566655666554565566666667667655555566655566566666666666566666666655666
99999988888888888877666666666533356665543223222224432221111222332211111122223333444556666655555566555554444555455444565565676665555676765566555545566555665555566655555655565656655556766555566666655666
99988776666778888776655666655433456554433322222234321111111112221111111111223333444455667757776656555566545455444566665555566556766766656665565545556665565555556555555555555555655566666666565665555555
98877665555556677765544455554333345544333222222222211111111111111111111111222222334455666666666655565566665666546666776676655546776655665555676665556665565655555565566555666655555566666766577655555555
88776666666555667765543444443333333333332222222111111111111111111111111112221122334445566566555556666677666677656656666755666566655666666555666555665555665556656655555555655555555566656667776556665555
77777666666655555554443333333322333333322222222111222211111111111111111121111233333334555455566666776666766666666655567654456666665566666655566556666655655556654544555655654456655666667666766766655555
88887766666666655433333333333222333322222222222211222221111111111111111111112222233333344455555667766655676666565666666655555565555555656666565656666565666656666655556665666556666666667778888865555655
88888766667666544333333333333222222222222222222111222222222222222111111111111122222234455443345567666665556667666666556656666666555555456675665656644676654665556656655666555666667665567777665556788877
99998767777665543322223333333222222222222222222111222222222222222111111111111111223344433222334556566565455676565666555556665667665555446445556555665765564546655555555666665566667666787545555678888877
88886677777665543322222233333222222222222222221111222233332232222221111111110011234332111122234445556665556555665555555556655676665654434654445545666555576556765555555667777667777666665556666777777776
66655566666665553322222233333222221222222222211111222233333333222222211111111111333211111111234456666665664566655545556656666666665543333464335434665456555556566666665778877766766555666676777777776666
44333344455555543222222233333222211122122222111112222233333333333332221111111112221111111112234566777665443555555455555654676656675453333445435433354555455655666666666688776666666666777776777777766665
21111222333445543222222223332222211111122221111112222333333333333333322222211111111111111122245566776545455454566666555545566666665333344555545422333334556666666777766666666777666666777667776776767766
11011112222344443322222223332222221111122111111112222333333333333333333333221111111111111123344555545445665554456655555556557666654433433455443332443334556777777777776567766777666666666777776777777665
21111111122233333222222223333222222112221111111112222233333333333333333333222211111111111223334555545566655546666555555556667666643453435554443343333565555778887666777777766666666666677767766677777766
21111111111123333222222223333222222212211111111112222233333333333333333333322221111111111222334566765566655555655555555555456666654333458743453444224666766665555667777776666666677777777777666666777776
32111111111112332222222222333322222222111122221122222333333333333333344333333322211111112222345666655555655554566564455555455665554334346743445676456877667766677787766777766666677777777777777777777766
43211111111112222222222222333322222222112344321122233333333333333333334333333332211222222223456665455556664555345556555555553445666555555655568777788877788887777777677887777766777877788778877777777666
44321111001111122222222222333322222221123443322222333333333333333333333333333332222322222223456655555556565555565557766555665456666666666666678888888888888877777666667777888877778888888888877777777777
54322111111111112222222222233322222221123333322222333333333333333333333333333333223322333222455555544555555666555566666555666566676677767777788889988887778766667776777777788888889998888888888777888777
54332222111112222222222222223322222211123322333222233333333333333333333444443333333333332223345555456555677767665555665577767777888877777887789999877888777766777777777777777889999998888888887777888888
43333333233333332222222222222222222211222222333222222333333333333333333343343333344333332223345556666556667767666666666677788888776665678999899998777777666667887777877777777889999999887788887887888888
33322233333333332233333222222322222211222222233322222223333333333333333343334344444444322223334456656666777777777777777788887667887777899998888876777777666667788888888877778889999999887777777777777888
33322223333332222333333222222222222211222222233322222223333333333333333333334444444444322223332346677777766666666666667776787568999999999998888877777777788777777899999988888899998888888888778877777777
33222222222222223323322222222222222211222222222222222233333333333333333333333344444444322233222235676666555555444444457889998789999888889998888877677888888877778889999998888999988877778888878888777777
33222222222222222222222222222222222211222222222222222233333333333333333333333333344444333332222223444455455555555676789999988888888777888887778776777777788777778889999999998889988877777778777777777777
22222222222222222222222222222222222222222222223222222233333333333333333333333333334444433333333223333455555566678899899989988887777777777777778777788887778887888888999999999888888888888878878887777777
33222222222222222222222222222222222222222222233222222223333333333333333333333333333444444433334333344455445555567898888888877777777777777778889988888999877888888888999999988887777778888988888887778887
33222222222222222222222222222222222222222222222222222222333333333333333333333333334444444443444444444555433444446777777777777777777766777778899999999987767888888888999998887777777778888888888877788876
32222222222222222222222222222221122222222322222222222222233333333333333333333333344444444444444444444555543333445666667777777777777766677778888888889987777777788888888988987666777788888888877777777776
22222222222222222222222222222211222222222222222222222222223333333333333333333333333344444444444444444455555443334555666676777777777776777788888888778877777777787888877888777667777787888877787777777665
22222222222222222222222222222222222221122222222222222222222233333333333333333333333344444444444444444444444443333445566666667666667777788899998777766766777777777788777777766677777777777777777677777666
22222222222222222222222222222222222221112222222222222222222223333333333333333333333334444444444444444444444443322335666666777667777777789999998888877777887888877777667777777777788887777776666677776666
22222222222222222222222222222222222222112222222222222222222222222333333333333333333333333444444444444444444444322224566667776666777777678999988777887777777888887777777778887778877777766665666666677666
22222222222222222222222222222222222222212222222222222222222222222333333333333333333333333444444444444444444444432223445667776667766777667888877767777777766778887788888877887777777776666665566666666666
22222222222222222222222223333332222222112222222222222222222222222233333333333333333333333444334444444444444444432112344566777778877777766778766677777777777788888778888877777776666776666665566566666666
22222222222222222222222232222222222222112222122222222222222222222223333333333333333333333344344444444444444444443222234556666778887777776677765677777888788788887777777777776666666766655555555455667776
22222222222222222222223222111222222222112221112222222222222222222222333333333333333333333333334444444444444444443322234556677778997776666667666678888888888788877777777777776666666665554455554445556665
22222222222222222222223222211122221221112221112222222222222222222222333333333333333333333333333444344444444444443322223456677777887676666566777788888888877777766667777776666666666655544455544455566655
22222222222222222222233222221122212221122211112222222222222222222222233333333333333333333333333444333334444444444322222345666666777666655556778888888877777766666666777666666666665555554555544555566665
22222222222222222222333222221112212221122211111112222222222222222222233333333333333333333333333444333333444444444332222234455555676655545556777888899877777666666666777666666566655555554444455545556554
22221222222222222222333222222122222221122211111111222222222222222222223333333333333333333333333344333333344444444332212234444555566544444566677888889877766666666677776666666566555554444444445544556555
12222222222222222223333222222222222111222111111111222222222222222222332233333333333333333333333344333333344444444433212334444555555544445566677777788877666666666667776666665566655554444444445554455555
22222222233333332223333222222222222111222111111111222222222222222222222233333333333333333333333333333333333444444332212334444444555444344566667777788877666766666666766666655665555554544444555444445555
22233333344544332222332222222222122111221111111111222222222222222222222233333333333333333333333333333333333333334333222334444444444443344556666677777776666666666666666666556666555555555555554444445665
33333333456543322222222112222222112111221111111111122222222222222222222233333333333333333333333333333333333333333333222334444444444443344555556666677666556666666666566666666555565555555555555444445666
44443333567643232222221112222221111111121111111111122222222222222222222233333333333333333333333333333333333333333333222334444444444433344455556666667766555676655566666666666655556555555555544444445666
44433223677643332211111233222221111111111111111111112222222222222222222223333333333333333333333333333333333333333333222234444444444433334444555666666765555666655556666566666665666555555555444444455555
33332223666533222111111333322221111111211111111111122222222222222222222223333333333333333333333333333333333333333333221233444444444333334444555566666665555566655555555665665665555555555554433334456665
33322223565432111111112233222221111112221111111122122222222222222222222222233333333333333333333333333333333333333333221233444444443333333444445566666666655555555556665556555555555665555544443333479975
22222222555421111111111222222221111222222111111232122222222222222222222222223333333333333333333333333333333333333333321233344444433333333344455566666666666556665555666666655555555555555544443333467754
11111222355432111111112233222221112222222111111232112222222222222222222222222333333333333333333333333333333333333333321233333333333333333333445555655565566655666556666666655555545444455444333333345554
11111112234432111111112333222221112222222211111221112222222222222222222222222333333333333333333333333333333333333333321233333333334333333333444555555555556665555555666666555665555554444444433334444444
11111111223332111111112222222211111122222221111111111122222222222222222222222333333333333333333333333333333333333333322333333333333333333333344444555444455566666555566655555556655555444444333334444444
11111111112333211111112223322111111122212221111111111122222222222222222222222333333333333333333333333333333333333333322233333333333333333333334444555544445556666666556555556555555555445444433334455544
11111111111222221111112223322111111111111222111111111112222222222222222222223333333333333333333333333333333333333333322233333333333333333333333333455544555555555666555555555665445444444444433334454444
11111111111112221111122222322111111111111222211111111112212222222222222222233333333333333333333333333333333333333333332233333333333333333333333333444444455555665666555566655566544444444444433334454433
11111111111111111111222333322111112211111222222111111112212222222222222222233333333333333333333333333333333333333333332233333333333333333333333333344443345555666566555666665456654444444444433344444333
11111111111111111112223333322111111111111122211111111111212222222222222222233333333333333333333333333333333333333333332233333333333333333333333333334444444555666555555666655445554444444444333334433333
11111111111111111122223333322111111111111222212221111111222222222222222222233333333333333333333333333333333333333333332233333333333333333333333333334444444555665556556666555444444444444333333334443333
11111111111111111222223333221111111221112222222222111111122222222222222222233333333333333333333333333333333333333333332233333333333333333333333333333444444556655555555665544444444334443333333333433333
11111111111111112222233333221111112221112222222221111111222222222222222222233333333333333333333333333333333333333333332233333333333333333333333333333334444555555555544555444444343334443333333333333333
11111111111111122222333443211111112211111222222221111111222222222222222222223233333333333333333333333333333333333333332233333333333333333333333333333333344545554554445544444333333333333333333333333333
11111111111111122344433444321111122211111222222222111111222222222222222222222233333333333333333333333333333333333333332233333333333333333333333333333333334444454444444544434333333333333333333333333333
11111111111111223333333345432112222111111111222222211111222222222222222222222223333333333333333333333333333333333333332233333333333333333333333333333333333444444444444444433333333333333333333333333332
11111111111122223333344434542112221111111111222222221112222222222222222222222222333333333333333333333333333333333333333233333333333333333333333333333333333333444444444333444333333333333333333333333322
11111111112222333344455444553222221111111111222222221112222222222222222222222222333333333333333333333333333333333333333233333333333333333333333333333333333333334444444433334333333333333333333333333322
22111122222334443333344446753222221111111111222222221111122222222222222222222222333333333333333333333333333333333333333233333333333333333333333333333333333333333344444443333333333333333333333333333322
22222223444554433222222357632222221111111111122222221111222222222222222222222222222233333333333333333333333333333333333233333333333333333333333333333333333333333333344443333333333333333333333333333322
22222334545554322222222465332222211111111111122222111112222222222222222222222222222233333333333333333333333333333333333233333333333333333333333333333333333333333333333333333333333333333333333333333322
42112245654443222222223344422221111111111111222111111112212222222222222222222222222222333333333333333333333333333333333233333333333333333333333333333333333333333333333333333333333333333333333333333333
21111124444322222221234334532111221111111111212221111112222222222222222222222222222222333333333333333333333333333333333233333333333333223333223333333333333333333333333333333333333333333333333333333333
11111112222222222224456666741111222211111111112221111112222222222222222222222222222222333333333333333333333333333333333233333333333322222222222333333333333333333333333333333333333333333233333333333333
11111111122222212346665567632111123321111111121111111111222222222222222222222222222222333333333333333333333333333333333233333333333322222222222333333333333333333333333333333333333333333233333333333333
33432222222221224556755556532111123432111222121111111111222222222222222222222222222222333333333333333333333333333333333233333333322222222222222233333333333333333333333333333333333332223333333333333333
35554321111222224535655555432111123563211222211111111111122222222222222222222222222222233333333333333333333333333333332233333333322222222222222223333333333333333333333333333333333332233223333333333333
34443333333334544334655555532111123563221222211111111111112222222222222222222222222222233333333333333333333333333333332233333333322222222222222222223333332333333333333333233333333332222223333333344433
44444544454435643335544554321111123543432222211111111111122222222222222222222222222222333333333333333333333333333333332233333333222222222222222222222322332223332333333333222333333332222223333333344444
45544554444444334445344664321112223444532222111111112111111222222222222222222222222222333333333333333333333333333333332233333332222222222222222222222333222222222222333222222333333322222223223333344444
45543445444444335565455564321112223444433211111111112111111222222222222222222222222222333333333333333333333333333333332333333332222222222222222222222233222222222222222222222233333222222332223333344444
44444444555445545675656665321112233443333222111111111112111122222222222222222222222223333333333333333333333333333333322333333332222222222222222222222222222332222222222222222222233222222332234423344444
44345445665455445665545654322222233344445432122222222212121122222222222222222222222233333333333333333333333333333333322333333332222222222222222222222222222222222222222223222222222222223222334423334444
44555456432334544555533544322332332335666543222222222222222112222222222222222222222233333333333333333333333333233333332333333332222222222222222222222222222223222222222223222222222222333223334433334444
44555433233334444554433433322222322235766555322222222222222222222222222222222222222233333333333333333333333333233333323333333332222222222222222222222222222222222222222223322222222223332223334433334444
43554433334444435456433322222322222235455346422222222222222222222222222222222222222333333333333333333333333333333333322333333332222222222222222222222222222222222222222223322222222223322223334433334444
54445443334555557466322242222222222346544445643222222222222222222222222222222222223333333333333333333333333333333333323333333332222222222222222222222222222222222222222222222222222233322223344433333444
44565553345555676674233343222122222355555455665322222222222222222222222222222222223333333333333333333333333333333333322333333332222222222222222222222222222222222222222222222223223333222223334433333444
54554434544445787663244343222323323566556666566432111122222222222222222222222222223333333333333333333333333333333332222333333332222222222222222222222222222222222222222222222223333332222233334433333444
55333455443444445553333323323354333456544665655543211112222222222222222222222222222333333333333333333333333333333332222333333332222222222222222222222222222222222222222222222222334322222233334433333444
