22232323222132227943333343335443233337733343346634455555433544444543369644333334432323332333455553674354334321333444222433343232533244435864222244222332244531123322223435678888888888888888777646643443
33444434433343446845555555555555555557745555556645555555555555555555479655554445554555555555656556873455455544554555454444454444554343533764223343222333423221123311123323455788888888888878777645543443
44444444444444446844444444444444444447844555446634444444555555554455579644554555554555555555555445773455555555555555555555554555555555555763334454333544545432224333344433334788888754578865677643554444
33333333333333336953333333333333333336954444445733444444444444444444469644444554544444454555555445774355544455555555554554444455555555555553455555555555556555555555555555555767777654555654577644565445
33333333334333337844343433333333333335953333335743333334444343333333369644344444444444444444444445874344444444455555555555555444455545555653454445544555555555555555555555555655555555655555677644555556
33333333333333337844433444433333333435954333334743333333333333344333369643333333444334433443443444774344444444444444444444444444444444446763355554445555555554555555555555555555555555555555247534555556
33333334433333337843333333333333333334864333334753333333333333344344369644444444444444433444444444873344444444444444444444444433344444446763344444444444444444444554544545554555555555455555347654555555
33333333433333337843333433343433434344963334334753443444444444444444469744444444444444444444444445873344444444444444444444444444444444446754344444444444444444434444444444444444444444444444567644544544
33443444434333337943334433444334444444764443344653444334444444444444468544444444444444444444444445874344443334444444444444444444444444445664344444444444444444444444444444444444444444444444477643444444
44444444444444347844444433344334443334774444344653444444444334444444469644444444444444444444444445873344432246444444444444444444444444445653444444444444444444444444444444444444444433444444577653444444
44444444444444447844444444444444444334884334444753444443444433444444369644443444443444444444444445873344432377644444444444444444444444446763354444444444444444434444444444444434444444444444577653444444
44444444444444447734444444444444444444784444344663444444444434444444369644333444344444444444444445874344423687754444444444444444444444436753344444444444444434444444444444444444444444444444467753444444
44444444444444448744444444444444444444375444444563434444444444444444469644444444444344444444444444874344435877863444444444444444444444446764344444444444443344444444444444444444444444444444467753444444
44444444444444447854444444444444444444655444444564444444444444444444459744444444444444444444444444874344546867954444444444444444444444446753334444444443333344433444444444333344444444444444467754444444
55445454444444447744444444444444444444585444444673444444444444444444438744444444444444444444444444775344668758954444444444444444444444446743344444444443334444444444444444333333344444444443468753444444
44554544444444447744444444444444444444585444444673444444444445444444459644444444444444444444444445874345678569844444434444444334444444446753344444444444444443444444444444444444444444444444468764444444
43444444454444447744444444444444444444686445444663444444444444444444459744444444444454444444444444773345797589844444444444444444444444446754343444434433444444444444444444433344344444444444467764444444
43334343334444447734444333344444444444585444444673444444444444444444459744444445444444444444444443564346996689734444444344444443444444447764343444433443444444444444444444443343344444454444467763444444
43444333333443447744344433343344444444585444444573344444444444444444459644444444444444454444444444774447985678634444454444444444444444446764344444444444344444444444444444444434444434444444468764444344
44444444444444447744444444433344443344444444444464444444444444444444459744444344444444454443344444774438986679535555554444444444444444446764344444444444444444444444444444444444444334444444467753444444
44444444444444447844444444444444444444475334444563444444444444444544459744344444444444444444344445774338885679444444444444444444444444447754344443344334444444445444444444444444444444444444467643443444
44444433333323338844444444444444444433376433334574345555555555555555537745555454444444544444444444775337754688344444444444444444444444447764344444444344443344444444344334444444444444443444467654444344
33334333333333338833233334444444443333344333333574223445544445555665558745565555655555555555445555675337655687454444444444444444444444434754344444444344434444334444344333444344444444343334368754444434
33334444444443335532232225744433323345653333333574222334444344444455559745555555556555555666666555776347666676455555555555555555544444435764444444444444444444444444444444444344444433344343357754334433
44343434444444444443333335743232323456653433333464333443444344443444458745555544455445444554454445775448765677555555555555555555555554446764444454445544455444445445454454444444444444444444457764333344
43344433343434334334444334544444444444445554444555454444455444443444449744343344444455454544444444675458753684444444444544444444555666657864455555555555554555444444445444444544444444444454457764344443
33343434444444344434343334444443444443444444445445554544455544544444448843223344344444443444444443564568644774444444444434444444444555557764466555555555555556555555554444444444445445544444457764354444
33334444444444444444444444454544433344444444554444444554465544544444448743333443433344433344343444754568765865444454544444444444444444447764354434444454455555555555655544444444444444444444457764354454
33434444444443444544544454554444444444444444444444445454345444444434444544544334443333443344444445644568766865445544444455555444444444446764344434434444444445555445555555566555555554444444457764344444
43444444444444344444554554554445445455555454444444444433344335455444444445543334433333343343444444545578778865445544444454554555554444446763344444444333444433444333344444455555555555554554446765344444
45555544556544554354555554454555545555554555555454444444444455545455454445433434433344443333334434445578899765445544444444444445444445546764345444444444444444443333344343334444444445554554423765344444
44545454555555444555454444444444444555555555555555544444444444578744544555454444444444433333334333555479998554444444444444444444433434546764355444445444445555444444555344433433334444444444444765444544
44544455655554455545545544443455445655565444555554445545444554478523544454444445554544444444445446666589996434544344344334433334444434434763354555445444444455454445644445555544444444433344447765445555
55544466664555445445444534545555545556455555555555455545555655445444445444444555445565555566666676557699974334544543334443445444544434435764344445545455444544345444544445445545444444443334447875444445
55554455555445445554555445555555445555554555455544655445566555454554444444444444456666666666666555557788853323554444444443344444544444456864344444564454545544554444434444444533444454444444446775444444
45555445555455455555556656555544435556655555556555555554455445564545545554444444676566666666555545655777632224544445544444444444445454456864345444454454444544444455434444444444434344444445456776444344
44455555444554554445545555544433444556544445555556545554555445554554444454444456766665666665555544553565521134445444544443444434554444446763334333454444444454444444445444444445534344444344546776444455
44455445444544454445555554544544454455544555544445555544555544554554444445456677677665566666666555442354321135445544444444444433344434445753233344455544545444544444444445545444444444444454545775434445
44444444445554444444554554455545555455545444444445455445556544454555455545556677776666566666655665442343211145444444444444454443434444446654333233444444554444444444444454344334333444434556545776434454
44444444445555544545544444444445555553455444444455554455434554455444444445667777766666666665444444432223221254443334445544443344444444565545666433344443444433333343432453444444324434555555555676434544
44444443345444544544444444544445544544444455454565644445333344445444444445887777666666666666655544332222221254332333456654433354434555655556655555334333333332234433444444434434544444445545553576545443
44444444444555555544444445544345545555444444444544444444444344555444445444687777666666655678865553222221211231111223444555454455545655555666665545544323345444444444444433444433434344445554542476534434
44444444444444564454544444544455555444544544444454444444554455455444544542388776666666666766533444322211221110011234454555455544555555655556555554455444344444444454444344444444334434444443444676434434
44445445544433444454443444544445544444445445444444544455554544555554555431587765665555567522111123322111232210012454444454444445656655555556555655444444343444444444443444444343344344443334434776534443
44444434544444445434444443444445544444444445555555544555555555555545444443666556655445457411111011222211233221123443333444445555556556555667676666554444443344444423444434433344444333444334444786533333
44433334443444444334544443343344444444455454445555565555555655656665444446655445555455556522111001212211223321224444444445457666765555666777766666666544444444433333333344444444444444443444444676534433
44444444444443344444545433344444454444444544444544465455555556566554445456565433434455545544311001112211223332244445444544456876655666556777766665566655444444323444444344444334334444444444444676533344
44444434545444444444544444444444554544434444554544454445566665665544454565555543334555433334321111222211122233344444455555568876655666777777666666566555444544334444344333344333433333333444444677532334
44444444544444444444445444455444644444344444445555544445565655556544555887545544444443333333321222222211122223334555566667778776666666777877666776666554445445434334333333343343333344433444433677532234
45444544445444444444445554456544555544444444565443344445554445555556578898855443444333333222221222222211112222334555446877766666666666777776566666655544334443232223333333334433433334333434444676542223
44444334444334334334444444444444545544444445565444445455554554445677897698854333334333223222221121222211112222233334457876655666778666667665566666555543334443443333343323446444443343344334444566432223
44433333444334444443343443344343444444444444554344455455555555555767998889865333333322222233221122122211112222223334444565556556776656666555666655555554223444444444554334566433445444354455444555433333
43344333334443344434344444444444444455434444554344444444544544445679999889864432222221122233321122222111111222222333343345555567886656666666655555444555222444444444455556566443545444464465434544333433
34444443344333333444344444444444344444444444455444444454554544556689998767763343222221122332211122222111111222222233334443455566676665566666555554444455322354444455555445544554555455454554333533343333
44444444443333334433334334443444334433444444444444444444544445535678877654673343322211112321111222222121111122222223333343346676655566666555555544444455432255544445554445444444554544554443333323454443
44444443443334433433443443334444445445544444444444444444544454454446554322254233222221112311111112212121111122222223333333323467655567655555555444333444432235544555544454455554554433434333343222355444
44344433443333434333443334433343334444443444444444444444444444562334432100026323222353111111111111112111111122222222333333332135644556665555555454344434542234444344444444454544445434433333453344455445
44444444444434433344333444444333344345444444443344444433434444642333321000015323312554111111111111222111111122222222233333333123543455665555455444445434542224445444434455544543444444443443444444445445
44444444444444344444333444434444444444454444343443444444444444532333320000135323321234211111111222222111111122222222333323333212343344555455454554444433563223444544444444444443443444444444433444545444
44444444444444444444444444434444444543344444434433444444444334433333222112344223321243121113222223322111111112222222233322232222333234555444444444444433563222443434444444333333433344444444444454443433
34433434434334444443344443334434445444454444445543444444454344443333222223333223221143221122233323421111111111222222223222222221233233455544444454433333343222343334433444434334434434434444454454443433
44444334444344445544443444444545444445454444444434444444444444443333222322222222221132112222233223321121111111222222223222222221233223344444444444444333344222333434433444443444444434334334454354344434
34444444443344343433444443433455443444444554344334444444444444444333222221122222221122112212222212211121111111112222222222222222123322334433444444443333344223333444444434444454455333434444443443343444
43334434333333333444444433334434444443334444433444445444233334445333332122222222222111111211111111211121111111112222222222222222222232233433444445444333333223334434444444444444444443444444344433233445
44434444333343344443433333344334444434324334444445543444443344445433332222222222332111121111111111111111111111111222222222222222223223222333344445433333233223444434444444444443333344445443343434333344
54444543444433333443333443444333444444443344444435544444554555445433331112222222332111111000111111110111111111111222222222222222222222222233344334433332233223444333443444444343444444334333433453344434
44355433343333333333333344444333333343433333334433333433444534446643431111111111232121111101111111111211111111111222222222222222222222222223344333332222222222444444544455443344445433333433444463344434
54443343333334334444333344553333333344333334344433333443444445436786532111100000132111111101111111211211111111111122222222222222221222222222333333332222222222343334443444443344344334433433444333443446
44343343333334333343344443433333343344344444443433434344444345444566532110000000132111111011111111211211111111111122222222222222222232222222223333322222222222344434454433443433434334433333444343333344
33333343333433333343334443334333343334334344443334544334444444444344431000000000132111111011111112212211111111111122222222222222222232222222222223322222222222333344345434334334433333334643444433343333
23333333333343333334344333344333443333433443333433443333434434334334432000000001232121111111111112121111111111111112222222222222222222222222222222222222222222344334334333333334444333334643344444434444
33224434334333444333333333333333344544344333334433333433334333333334332000001110231121111111111122121211111111111112222222222222222222222222222222222222222222344444444433333444443433344433445444444443
23333543433333343433333333333333334443344333333333233333333333333335522100111111221221111111112222112111111111111112222222222222222222222222222222222222222222343343343434333444444433355444445443444433
33333433323433434434443444444334444433333333333433233433333333332333543333211111221221111222333211111111111111111112222222222222222222222122222222222222222222343344433344344344544344544434445434444433
44334333333333344334533344333354334443343333433333334333344334333333334443211111211211112443442111111111111111111112222222222222222222221122222222222222222222344444343344345445654445544433433334333324
33344434334434433444433443333333333433333333343323343444333333333432223321111112211212211112211111111111111111111112222222222222222222211122222222222222222222433444343333445334443446545445544433323224
44444444433435433434443333333444434344443433344333442433433332333333211111111122211122111111111221111111111111111112222222222222222222211122222222222222333222443444443443444334343445434444433323333333
44444334433345334335543343434343444344643333344433333345544322333333321111111121111112332211234331111111111111111111222222222222222222211112112222222222333222444344334433334343343344334333323333433333
33443433333344343354443344544445334434443332333443334344454323333334342111111221111234453333334443111111111111111111222222222222222222211112111122222222333222343245335533333444344333333335432356444344
33334333434344334444344444544334433434333333333544344332433223433433334311112333333344443343344445311111111111111111122222222222222222211111111122222222233222333234334433334344333343333334432347434443
34434433434444344444434455444334444444443334344434444333433434433343444433333433444444443444434436621111111111111111112222222222222222211111111122222222233222443333233433334355333333222333332236433532
33333443333444443444554444564444344444433334334333343333444444433344433433344444444433343333334436842111111111111111112222222222222222211111111222222222233222234454334433433344333333333333332346433432
33323553344333433433444344456443344443443433343333334433433344444444434433345444444444433333435456873111111111111111112222222222222221211111111222222222233222344443444233433333333333333333333343333333
44444444434433444423343443435434544534443444433334544444444555455433333323444433354444444434434336776411111111111111112222222222222222211111122222232122222223454443333324333333333323432333342433323323
44433344343443445434444443445534444444443344544444434445434455444433333212233444344444444344433436776631111111111111112222222222222222211111222222332122222222553443344333322232333333233324342333323223
44433444333343344344543444555534444545644444444444444444334455444433223323334343344443333333344546777652111111112111112222222222222222221111222223343122222222333333334322233333332232323433232333233222
44444433344433344433444444554435445447653344445444454333334455544443344333454433443443334433334436777665211111111111112222222222222222221112222233333222222222333433333333233333333332323322332333323343
34444334344444444433444434554445465446654455444344444432334443444443444544445443342343344433333346777756431111111111111222222222222222221222223334334322222223333333334333334433333333323332343423343233
44444433445544433433334544454434445554553554342334444453343333344443434445444444344443333333343335777765532111111111111122222222222222222222333344334322222223333443343333234443333333334332233422333222
45454334443444334433444555455434444554564544333334434444454333333344444444534433334444333333343335777765642111111111111122222222222222222223333344334422222223334443433333334333333333333233423223323322
34444444443334334333545555555434345445564433444434433443443333333443354544432332334444434443333335777766664111121121111122222222222222222333332344343322222223433233444434434433333323332123333323322312
33344555444444433344454554334444443455344423443333333344433343434442333443332222333443334444333444777665566431111122211122222222222222233333322343443322222223443334345434444333333323333212333323322322
33334446444445554443433444333323433354355334432443434344434444333432344433333333222323343453343443676666556532222222221122222222222222233333222234554432222223444433335533444333233233423334433322343322
33333554444454445433444344333333344333455343323333234344443443332444543343354344322343343443433444566665545432111222221222222222222221234432222224455542222233334443334433344443334222333334334333343333
34444444444443445454433344333444444534464333333334234344443333333434433433443334333433345433333444566665444443321122222222222222222212345532222233444532211233344434434433343344443333344334434433323333
43454344343344445444434343344434544334454343443343233344354433334444445434444333233443344333433445456665443333321122222222222222222112455443222223344422222232443334433444343343433333333343343333322323
44454434444364333423343443444343333323454343334333433344344434444444443334444433336654443344544564445666543333222222322222222222221113455543222222244322222333333234333333334443333333434443343333222224
34444334334444234433223334434553333333334343344435433343344443444443344444444443334554443445544543444666544443333223333322222222221124445644322222245222222333343334344333434323233333434332333233332223
44334543333334334434233334533443333444434333443443343433344343333343443345434433333444444444445444445566566666543233333333322222211125544655445532244322222233343333344433433224324443334443333333333333
33334544333344333333333444433444444334454434334433333343334444444443344443334433334245444444454444444477788887654333333333322222211125643587667653244322222232444444443434433245433443433443332334333334
44434543343445333322333344433444334444444434434333434433344444433333344444334433344334444443333533444588998987544333333333333332211124433487778654234322222223454444445443344444443433443444343334233434
44334443333345332234544444454433333223344553344333433433444344344333343334445554454434554443433534444688999876443322333333333322221224343367776564234422222223544443344443344533443323444433444443442443
33333344333344433444444545433433343444344544433333333333443345433433344443444443334444445434544544444799999864433332333333333322222224454447766674234432222223554333444444443443433334533333334343443434
33333333344444344455454454445433344333344444433345444433444543333443454344344444444554444445443455334899998754333332233332233333222223444447778873224432222223443433443443332345444444433343334343333333
33343333333444434555544543544432224322333333433545433344444444433443443444445354444454444444344444426999999854333332223332223333222224433445888763224432222233333433333333332345444323344444434443333443
33443333323444344334344333433442223223343333333434444343454444433443443444333444334545433443344534447989998974333333223332222332222224443444665432234432222234443233333333334323344324333333333434333334
34333333332233343334444324443442122122334444333433333344445434433443434445433443345434432333454433448988888885333333222222222232222224444443455443223432222233444343333433333333444444433323233343333334
33332342353334333444444334443333222334333344344433444444543443443433444346554444433333333333445433458988887665433333333334432222222224434533346665323332212233443333333333333333344444444333333333344443
43333333443343444344444334344333334333334433343343353344443444444534455445566444433333343343345545469898876555432333345445443222222234444433336665323332111234443333333233333333344443433333334234344653
44334433544444444455444354334544434543344433333442343345444433344454444334454333444334434444444443478899865466433344444444343222222233444433235666422432112234434433333332332223333444433333334333333432
44433444544434444444343354445544434454444444345444334444444443554444344444443444453334343333433543488899865555433434443344433322222233444334345655422332112233333333332332322223443334444433433333333333
44433343555433444434453345455543444334454443354444344444333344534445454444443343344444443334444544588778765454333443443333344332222234443454444655422332112232344433333321123211322334443443333333343333
