33333334433333333333333444333233333444455545899999998579988898667888789999998442234556768864333333333344444444443334333333332233333222222233332222222222222233333333333333332234322221111111111122222111
23332333333333334333333443332233333333445689999999997579988987656888899999998774222444558654333333333444444444443334332233332233333222222233322222222222223333333333344433432344322221111111111122111111
22232233233322333332234433332333333333468999999999996569988987767888999999999996222233346744433333343444444444443344433223322233333322222333222222222222223333333333344444324443223221211111111111121112
22232222222222333223233432223344333456899999999889995469989998899999999999999995232222335754433333464444444444433334433333322233333222222322222222222222223333333333444444445443333223211111111111111112
22332221111223333223334432233344446999999999999878895468999999999999999999999996333322235654433333464344444444433334433333322233332222222222222222222222233333333333444444445433333333211111111111111122
22222211111222223233323443333233379999999999998677786468999999999999999999999997324332223554433333354344444444444334433333322233322222222222222222222223333333344333444444445444444444222211111111111113
32122222112211123333322233443233699999999999998567786357999999999999999998899887533323212454433333343344444444444444433333332232222222222222222222222233333333334334444444445445544444233221111111101112
22111233221111112344433344332224999999999999999546777446899999999999999988898877553322211244433333333344444444444434433333333322222211223222222222222233334334334334433444445555544544333322112111101111
22111233211111112333333454223348999999999999998645676545699899999999989888887766655323211123333322333344444444444433433333333332221136788642222222222333443433444334433334445555545544444332223221111111
12212244211110012323334443222489999999999999998754566645688899998888779888876666655443212212223333333444444444444444344433333332212686599984222222223333433443343333334334444554455544444433343332111111
22221133222111112443334443333577999998876778898854456645589999887877678665666554555553444433333334433444444434444444444443333222236974457774322322233434443443333334333334444444455555555444433432111111
22221112221111111343334442334434699986655667778754445654579888766666566544655444444554565555444434444444333333444444334433332221377653334664442333334333444433333333333344444444555555554455434442111211
22111122212211112223344332334323489765555667777654444654557776555454565444555444443344545555544444444444344333444444334433332223675333333456783333334333444333333333333344444444545555544555444442112211
32122223222224443222333333434212398544555667777664444464446655543444554444455554443344444554444444444444444433444444433333332226753334333459984333333333333333334333333443444444445445545555444432233222
43222212233369854322233322223211496445566567777664444464445664433434444445444554444434444444444444444444444444444344333333332246433344433346995233333333333333434333333343444444444455555555445432332232
22222222244589634322223332223311694445566677777765444454344554333334444466544554444434444443234444444444444444444443333333332264333344433334795333333333333433433333334444444444444444445555555433433433
22333222255676334433223343334312864444556676676765444443333443333334555676664454434333334443233444444444444444444433333333332454233344443333694333333334444433343333333444444444444444445555555444444433
23466432344443244444323455655426843444555666676665434344333443333334556776776444433333333333333333444444444444434333333333333443333333433334673333333344444333343333443333444444454444444555554444455433
45433443344444567654456544433679643444455555666665433334333333333334657655655444333333333333343332333444444444443333332233333443333233333344433333333334444333333333443334333444444344444455554445554333
55423654234567898643454333324898444444454555666666433334333333333334666654434333333333333333444322333344444333333333332223333343332223333444433333333344333344443433334334333444433444444455444455554444
44336765544578853235532333346996333334443445666666543344433333333334665543333333333333333333444333333434443333333333332223433354332222333565333333333344334344444433433444333444433444444554444555554444
44456765555688545666543333447974333334433455566666643456633333333324654333333233333333333333444333444333333333333333322334433244333232335674233333333344334444444444443444344444334444444544444544554444
43455433334665688754454554347843343333444555566666653579733233333323433332233223333333333333333344444333333333333222222344333334444333234533333333333344333444444444444434443333334444444444444544544444
34444444346765565432224553368423333334445555556666665699633222223322332222232223333333333333333334443333333333332222333443333332454333333333333333333343443444444444444434444333333444444444444445544444
45566545678853355543334444365225434444445555555666666698643222222233222222222222333333333333333333333333333333333223344433333332234333323333333333333433443444444444444444443333334444444444444445544444
56776555567743333455444444356224344444555555556666666788643322222233222222222222333333333333333333333333333333333343334333333322222222223333334333334433443444444444344444343333334444443344444444444444
65567653457644443344455544567433344444455555555555556787543222223322222222222233333333333333333333333333333333332343333333333322222222222333334333333433443444333443344443333333344443333444444444444444
45787412466556654334555445566543344444445555555555556876543234422332222222222233333333333333333333333333333443333443333333333332222222222333333333333334333344333443444443333333344443333444444444444444
36897323444466654555654443357443344444445555555555556875443333332222222222222223333333333333333333333333455433445433333443333333322222222333333333334334433334333444444443333333344333334444444444444444
56775445555655666666553322368553444444444555555555555664444322234332222222222222333333333333333333333335643222344443333333333322332222222233333333444334433333333333344443333333344333334444444444444454
55555333445555566676532223458753444444444445555555555554454332323354222222222222333333333333333333333345323333333343333333333332232222222223333334444334433443344434444444333333334333334444444444444444
56765432343444456556632222447854554333334444455455555554444333333335323223222222222223222223333333322343223333322343333333333332222222222222333333433444444444344444443344333333333433334444433444444444
66665444443454445666644432456975564333344443444445555554433322223434434675435544334333333333344444433343223333332233333333333332222222222222333333334444334334344344433333333334333443344444434444444444
66656654455444445666544555566776553233333344333344555544433222222443335764334444444444444443344444444554222333333233333333333322222222222223333333333444334333443334333333333334334444344444444444444444
56655544444444444555544456555676554444433466554444455544433233222234445434444444444444445554444444445553222333333323333333333322222222222223333333333444344343333333333333333344344444344444444444444445
55555566544445676545555555677556555544444456666544444554443233332224555434555555555555566664455444445553222222333323333333343322222222222223333333333444344334433333333333333444344444444444444444444455
66666899865565677546665554456556655554345565554455544454443333332223555433555555666555577554345444444553222222333333343333343332222222222222233233334333344443433334433333333443444344444444444444444455
55566688868876555545666555676566666667765555432356764455443432332223444434555566555444686443344444444553222222333333443333333332222222222222333233334333344433433334333333334433444344444444444444444445
44444456666786665445555567766676544666544555543356665445543443222223333333444455543334775433344444433333212222223333333333333332222222222222332333333333334434333333333333333443443344444444343344444444
34455554555455555445544456655567656764334566543455555645553333322233333333334444443434775444444433333323323443222233333333333333222222222222222333333433334434333333333333333334433334444444334444444444
44444434555555544444443345556666666555455566656665468754554333333333322222222233333334675333333333322222457532223343333333333333322222222222222233333433344443333333333333344333433334444443434444444444
55555544555555554554323345554565555555555555556666898764555543333333221122222222222234675322222222222222375333344433333333333333332222222222222233333333334333333333333344444334333344444433344444444444
66555556545555544663222233444465456666665446656789996433556654333332321112222222222223564222222222222222463344433333333333333323322222222222222233333333333333333333333344333334333344444433344434444444
44455557763344555543322233444467655665456555667988998313556655433332321111222222222233454222222232222222342123222333333323443323322222222222222233333333333333333333333344333444333444444334344434444444
55554447863334565443322223455555555554344565588689997224555666533333321111222222222222344222222222222234442233222333333234443333222222222222222223333333333333333333333333333344443344444334444334444444
55554335664455554443332222335655444555433445696399972234555666543333321122112222222222234222222222222246432243333333333234443333221222222222222222333333333333333333333333333344443344444333443334444444
55443344554355544444333222223455545444444445794397422333455666653333321122222221222222234322222222222235332333333333333234443333211222222222222222233333333333333333333333333334444344444434443444444444
55433344433466545543332222222345565444455578543332222223455666653333332122222221122222223432222222222234443333333333333234443333322122222222222222233333333333333333333333333334434344443344434444444443
44433334654544444433332222222355566544456798322222222222355566654333332122222222222222235432222222222223343332333332332344443333332112222222222222333333333333333333333333333333333444443344433444444433
43333345666555454333334322222245655544556775322222222112233455654333332212222222222222255332222222222222433322233332222344443333332211222233222222333333333333333333333333333433334444444334333444344444
33433333345555556433345422333355555544445643211112211112334555555334333212222222222222233322222222222222333322233332233444433333332221122222222222333333333333333333333333333343444444444344344444444444
33333334555565445543345543443455556544444532111111111123334555555434333212222222222222222222222222222224333233343332233455444443332232112222222222233333333333333333333333333344444444444444344444444444
44322466533565335543345554432333456544445641111111111223333454455534443322222222222222222222222222222234333333443332333455554444333333222222222222233333333333333333333333333344444444444444444444444434
54334444324665434553324554433333455544334674212222222233323443466543333332122222222222222222222222222234333333433333333454465544433333322222232222223333333333333333333333333344434444444434444444444444
34434333457753443444324555533433444544555666522223323333333344566554443332122222222222222332222222222234433333433333333543355444443333322222222222223333333333333333333333333344434444443433444444444444
22332235677644554444323455544543344443345556653333333333334455555554444332112222222223222333332223553244333334433322223554334444333333322222222222223333333333333333333333333344434444433433444334444444
22344444675334444454323445654544444444334566654433333334334555434554444333212222222233323333333334655434223334333322222444334334334433322232233222222333333333333333333333333334434444433333444334444444
33333344553333344555423445665444443354334444455653333333344555444554434333222223333333333333333334323454344344432222222333333234444433322233332223222233333333333333333333333334434444333334444444444444
33444456655654444455532345655554443355334434455665433333444555554444433333322233333333333333333334333344345544443222223322332222223344332233323223332233333333333333333333333334334444443344344444444443
53455565545676333345543345665554443255433324565566554333333444454343443333332233334444444333332123233333333344443322224323333223345665332233323223332223332333333333333333333333333444443334334444444433
44567543334455434433565444566554444566654335664455445544333333344444575333332233444444333233211124433322232334433322234322332357776322333233323333332223333333333333333333333333333443443333333344444334
33333444333455544432688545666665434456887545654444334555555443344444555333333233333322222222222223543333322334433333334322332455422333233233333333333222333333333333333333333333333344344333333344434434
44322345554456665554577534446655544433457765544554445456655543334443333333333334454445544454333333443443333334333333335432224432222333344333333333333232233333333333333333333333333344334333443344443443
34433433445555654444466545445544555433444555456775564456654333233343333233333334444444446886433443433333333324333333334443345422112332344433333333333322333333333333333333333333333343433334444444444444
33333322222235677655455556544434554444544445677754455555665332332234333344333333443234433333323334543333333324333333334432454322223432334543333333333332333333333333333333333333333333443344444444444444
33333333343356667655555556654544555433335666666654345555666433333334333344333332344323443211223446665543333234333334334434554332344444455663233333333333333333333333333333333333333333443444443344444444
33433333334556666775555544555543455543346665555543445555665322332223322222222332232224433322223455545555443343333333335554432223356765444565333333333333333333333333333333333333333333333344333344444444
22233333454456655566667775445554444454456655664444555555664432333332222222343333332234332343233454435555554443333333344344421124555433443455433333333333333333333333333333333333333333333344434444444444
33222334444444455554468886655444444443355555444445555665566555435763322222455543344334332223443443234455554443333333344454334446664333433455543333333333333333333333333333333333333334333334434444444444
55433344444444444456788776555444445543456655665444455555676566447874332211345553334323333213555543344445676543333333333554565566544444444445654333333333333333333333333333333333333334333344444444444444
67544555432333334555677776555544455445567766765445545556666555435653233211346653334444432224555554445544577543333222333345435666434555544556775333333333332333333333333333333333333433333444444444444444
46665543333233445567765666555544554455566787544555555555555554346643343223346753336775543224443566554445578743333222333344445565444434556777665433333332332333333333333333333333333433333444444444444444
55566775345545666666654456555434444455556886334565444443344433335664333322235542356776543224443456655444468853333222333356666556577643447987555543333332222333333333333333333333333444343344444444444444
66567667666666666665544577754344434445555887333454433444554433334433223321234443345776654444422356545555566543333222223467533333346644345775445553333332222233333333333333333333334444334433344444444444
55666656777545565555544456654334555444687787433333333333345433334443333321223443335666775444322345433445555443332222224555557643334564445566555544333332222233333333333333333333334444344333344444444444
56665665677543445554444455654434566556665577543333223454455434455555322442123433356666675333322125534445445543322222225866679953332334433345555545433333332233333333333333333333334443444333344444444344
55666665556653344432333456544444457788744565433333222234444433333345533554113322344555554345443346644555544543332222223687887654422245444333344434543333333223333333333333333333333433333333344444444333
44455555455654333344433345765444456665555764332222211112233443333344555443323322223454433443234444544455555533322222222488898633332224444454444544444333333322333333333333333333333333333334444444443333
66554444566654444434543334566544346544555666433223211122234444344323332212234433222455423432344444434444568733321222232478779753444223432367544543333433333332333333333333333333333333443334444444444444
56666555555443443345554336776765455655444445433332211112234543334322344223345774212456676432122566433333456533321222223566678876653333333344445543334433333332333333333333333333333333333334444443444433
77777754445543332333588637864455567875544455543564222111223333333333344433344687322566688533222345444455346533211222223564356554332233333335443454333433333333233333333333333333333333333344444443333333
88754333333344322234446656655444555543344455443454222222233333333344344544334468743455556434334445433466545433211222234445555676433333234433444444433444333333233333333333333333333333333344444444433333
88853344433333322234433444785443334555553344333344222211122222222233334455543445776544455333334335433345554433211222233334566567764223223443356544443444433333233333333333333333333333333344444444433333
56665444334665543333223455775333223577533444446753222221111112222222224444444445776555454322234544544334555433211222332334356656657975322233335444565444443332233333333333333333333333333344444433333333
44444444445565444443345555774223345556555568888852222221122212344332234555544544566555555322234444564333454432222233333344445653332489852223446644566444343333333333333333333333333333333344443333333333
56665334454445554433455554553233345666335688766553333222223444444433457776654543345554555445434423456554444332222233333345555653232234687333455544678854544333333333333333333333333333333443443333333444
77445544334433332233454356544322345776544677787532222222333343344456654566544543334444455556544421234678544332222233332235665553222233345644454433687665555433333333333333333333333333333443333333333333
53333444233332234443454355544355455676323455666643365421124444333324676564223443367754455554445433225776544432222233343345664356777544443454344444577676556643333233333333333333333333333333333333333333
22334454333444334454443333344676444433333455544444567972122456765567776667655554347875554565445446765655444432222233344567887678864433332234433334577898545554333223333333333333333333333333333333333333
33235644444444332234544433335996333444443466533344566686334556665567655677655433224676554456654447765665444332222223333443456655664233332223333343467778656644433322333333333333333333333333333333333333
44445543444323442236898753335897444443444555543344467646654322466557887655666654333456544335886434444444323322222223433332344455555433334443233344458876656643333333233333333333333333333333333333333334
43466554334433332258963333334676334443334556543334446533332222356677776567656666433256655544577543455443323322222223333322233344455555443334443333456875544443333333233334333333333333433333333333333334
33234554345543323566422222323663234445665555654233334664245555444566788888754445543236777776555555567644434433222233344432333334444455544444542333334566666545433333333333333333333333333333333343333334
23322345345433434565333223333686244543455554444444433333477766666666567766664333344333366677764455666654455333223233455333334544433344554445886544455556555543333333333333333333333333433333333343333344
24555665454444455555676433332466333444455545555554433345898766777654455666555433467643346666655554455554455333223335644323445445667786555444565554356766444554223333333333333333333333333333333333333344
34677554434444434556655544333444323445555544455544434667776666566655557765444445566543222345554444455445444433224335642223455444576555544555676433346655423443222334333333333333333333333333343333333344
57765444444555555676654333333333234555677653355654444468863345566665456775445567777544432145654334456544445433323435654333455445677645554444456543345775433332333455433333333333333333333333333333333344
56777644444444455555665344443222223455555433333445554333445544688888655554445566655443344323443333356766677433323545655443345555555444433455433443334665432232334555443333333333333333333333333333333333
33334443334433344444665677544332244435654333333345665433333444566766555565433443332222223343333333246666775333333445666555445554444444544344433333344454444443345775344333333333333333333333333333333334
33332233444444444456645666543333333455554333333345666433332345554333345554322233354333222223333333445545666433332367666544555444444444445433333333333344445544333454334433333333333333333333333333333334
22223344544565434555666566543334455557654333234444554222233367644333334444422222355554322223334433444433445533333346666655556677777655434443333322334334444455543455434433333333333333333333333333333333
11112343444565433444555457654344445555653223333444454323553223444333345544432222223344332222212344543333345533333324555555455555566666533333322222334554333344554445533444333333333333333333333333333333
22123444456654433344677556665544345544555346664433444469998422333333345444433222223335654222111233445533345533333223455544665444334554343333333222223444433333444543333356433333333333333333333333333333
22112333345544334456557765444544467754333334433455544445788622333333334444322222322233332222114545677753344433322222345664577544567776655544333222223444333333455544334577643333333333333333333333333333
11112233235664334457667875457753466665433454223445544333333323455544444554222222222222222222235555543675443333332223333344333445667887543323333334332333333344444455566556554333333333333333333333333333
33223333223665334567775554444544565555554443476424654333444334432333333443223322222223346532246752134566432344444333333334443345678865433333333233233222333333333445555544444433333333333333333333334444
32211222333576544444554456543345666654444434553112354445555433332223333322122233322222357632355422334555433345544334334455555435666664334443322233344433444422233333444444443443333333333333333333344444
22212222344467655543334555445446788765334457632233345444322334432213443222222224653222367523554223333566555444445544433444578644555445346542222333334455444433333333567886443334333333333333333333344444
22223466544358875555333455654457886776433344566446544444432233443222343221111124555432478744444332223346664333334576443345445565555444444433322222223455333333222334333445443344433333333333333333444444
22246888754467875543344445765467875665554246654489974433322224543222344321111122444333688633332222233223553343333466544333444555334445543323344433333344433335542234456765433344443333333333333334444444
56888888876568865543234544444567766887555467645898643334432234333222344322111112343333576322221113443212344787344566544333346654333444444433333333333444444443444443333344443333454333333333333334444444
79984577666679854455424445544455555676555676799986423443444444322233344322221124676445432124222113433322345554355776543333358963347763333332222222244544323332112211222234433333466433333333333334444444
