58545555456534444555544555544455469644454445554444554555555555774355455433554445444444344432543343432763222244333332323221123322223334578788888788888888676456434434333323345433333222222222222222222235
47644444446524444444444444444444479644544445544455455555555435774355545555555455455455552235555454544763333443223433433221113222234333345788888777888778777445433445222222344664433333322222222222222223
37743333336623334444444443334444369644344444444444444454444445774344444445545444444444562124555555555553344553125455555443334454545444446778888553678645776534644344222222445654233334311132222222332222
37733333335633333333333333333333369643333334443443344444444444774344444444444444545554682014454444455553454453147655555555555555555555556656666555555555777535654454233333544443223323211242121242222223
37743333335633333333333333333333369643333333333333333333333344774343344444444444444444694114445445445653354542266655555455555555555555555555555555555555676445555565555555555555555555544554444365444334
36843333335633333333333333333334369644333333343333333333333344774343434334344444443344697214444444446753344443474654445445544455555555555555554555555553266445555555555555555555556554555555555556555555
35843333334633333333333333344444369644333444444444444444444444773344444444444444444444698514444444446753344445664854444444444444444444444444444554455555476545555555555555445554445544544555554556555555
35743433344643433333343334444444368444444434444444444444444444774344444444444444444444599723544444446753344445745853444444444444444444444444444444444444677434444444445555545555555555545555444455444555
35853333334633343333333333334333369544444334444334444444444444773244444444444444444444589833544444445653344448846743444444444444444444444444444433344444677534444444444444444444445544445444444444444444
35853333334743433333433333444333369544433333333443344434344444774343333433444444444444489942544444446753344449746743444444444444444444444444444433444444676534444444444433444444444444444444444444444444
44863333334652433333443333344343369543333344333444444444344344774344333344443443443334479952544444436653344358755733444444434444444444444334444444444444677534444444444444444444444443444444444444444444
43554444443653434433444433444444469644344444334333333344444344774344444444443343344333469962454444436753344358635734444334444444444444444444444444444444677534444444444444444444444444444334444444444444
44644444444653444444444444444444459644444444443434443334434434774344444344444444444444468972454444446653344346446634433344434444444444334444444444444444677534444444444444444444444444444444444444444444
34764444444653444444444444444444338644444444444444444434444444774344443334444444444444568984344444346632345356555643333344433444444443333333444344444434677644444444444444444444444444444444444444444444
43764444344743433444434344444444368544444444444444444434444434774344433334444444434344567995434444446643344357645644334444444444444443333343444444444444687534444444444444444444444444444444344444444344
44774444444743434443444444444444459634444344444444444444444434773344444444444444443344577897432244446754443467436534344443444444444444444444344444444444677644444444444444444444444444444444444443444444
44764444444653443444444444443444469644444444444444444444444443563344444444444443443343468998432224446754433467547443444444344444444444433443444444444444577634444444444434434344444444444333333333333333
43664444444752443444444344434444469534444444444334444444444444664344444444444444444444468999533212446743334477557543344444444444444444444443444434544444577644444444444443333344443444444344343344434433
33434434443553434444444433333444369644433333344434444443334334774244444444454444454444479999632211446732334577687444444444444444444444344444444334444444677643443444444444343344344444444334344444444444
43663233344552344444444444444444359643334343444434444443333445774334444444444444444444468999643443247633444478996444444444444444444444444444444343444443687434444444443444443333344344434333344444434434
32563322233653344444555555555554438644444443444344444444444444774344444444444444344433447999856776467655655489964444443334444444444444444444444444444444576534433444444444444443344334334333333333333334
33343333333662223444444345455555458645555555555454544444444445664344444444444444444444444799877655666666655689854343443344334443343333444443444444433334576544443434433444334434444444334444443333333333
56532333333662212333433333444445459634555555555555555566555555774344444555555455554444554578876666666665555777654444443444334444444334443444444433443333587543443343333433333434344444444444444443333444
55533333333552233333444344333344458535545544455444444555554445763344444555555555554455555568765665555555444565445544444444444444444444443444444344443434577543333434433443343333344333344444444443333344
44444444444554444434454444433444359634343344444455444444444444763344444444444444444444455677676655555555444244355544554444444445554554445445444444444444577643433433343343444444444443333444444443344444
34344444444344444444455444433443359643223343344434443444443452663343444444344444444434555566776655555555554223455555555555555544444444444444444444444544577644444444444444444444444444433344334443444444
34443334444344444544554444434444448533333333333333333344333344763243333444443444444444566667766555555654455322455554555555555555554444444444444444444444577644555544454444544444444444444444434443443444
44444444444343444443344433444334444544444333433333333343344445763234444455444444444455677777766555555665443322344444444555555555555555555544444444444444577643444444455555545555554444444444443444444444
44554444443443443332343344454444344445533334333333333333443444764233344444445434444455335877765555545687453222344333444444444444455555566655555554444444577643444444444444444445555555555554544444444444
55544545454443443444444444454444444345333334333344433333333334764233343334444444444443115777665555556654233211244333434433433334444444444444455554555544357653444444444444444444444444444454444444455544
55544444444544444444444444577534444554444444444344333333333335653222233343334444444444247666656544447311001221244444445554444444555444443434344444544544337654444444444444444444444444444434444444444444
55544445545544444444444544577324444454444444444443333433334333343233333333423334344333576654455543446210001222254444445555545655554456655433344334434444467654555444444444444444444444444444444444433444
54454545454544455444544544455344445343444544444554444444434322233333332223334433333333655555444444545442001212344444444444555555545555555554444444433344478653455554545544444444444444444444444444444444
55444444445445554444555554444444444443444444444544554433433432323333333334433334443434545555543335543243112211344454445554545555455555554355444444443343478653444444444555555554444444444444444444444444
65555554555445444544554445544444444444444444445444443233334444444433344334433444443445557865444444332222122211244444444666665555556665555434444444444554467653443343344444455566555555444444444444444445
55444444445555445544554444544544444454444444444444433444554445544433444444444444444565588898533333322212121211234565545676555555567776666543344444434444567654444444444334444344455555444455555544544444
44344445444454445434444444444543444454334444444343344444444444433333433454344434435654897798533233221122122211234565566775555666667776666665444444444445467754344554544433544453334444455555666555554444
45444444444444544444455444444554455444444444444444455444434454444444444554444444444658999889643222111122122211123346676666556567777766666565545443345554457754444444444454444553344444334434444444444445
34454333444444544444345444544443444444444444443444554444444455555445545644544444445578999777733222111221122111112346655556776666777656666666554434445455457754344444443455554444444433443344333333333334
34444444444555434443333444445444344433233334443344443444344454454444434455544444556556787764643221211111112121112333455556766556666556666555444445565455556754445444444445444654433444444455443343333333
44344444444444434443443444444444444443334433344444343454434543344443444443444444546223454431252222321111111211112333235556775556555555555555433344455455425754454345443445444444444444544444444453343333
44444334444444443444444454454444444555444454444544444444444444443444444433444554545223333100044212431111112221111333323555665556666555554555532344445435435654344444454444543344443354434444334444344333
44443444444444444445444434445444554445444554445444444444444444454444444443344444444222332000143211331112222221111233332246544566655555544444532234443344357764344334344444444434444445435333333345444454
43444454444445444454544444455444444444344444454444444444445444433444444444443433333333322111343211331122323221111233333124435665445554444444542234433343457765334334444444444344444445444443344444444444
44544444445455554555455555555554444444443444444444445555554445444434444344433443444333222323322211211222322111111233223213324556545554443334443224344443447765343334444444334343444455554444444433354444
44444433444444554445445555555543444455454554555444555444444445554443344445444444444432322222222221111211212111111223222222333455554444444443443223434444447764343444444333334343544444454444444443344444
44334445544433444444565555654444444544455545544443554434544455554444434444444444444553322212222321111111111011111222222222332345444444444443354222434444457764233344444433343343444433333444444433334444
43334444455554444445656545555444444444444544554544544555544454544445434444444443444553323212222321111011111111111222222221232234444444444433364222334444346765223344443343334333334334334334343334333434
33344334544433344345544455454454454445544444455554454454345554544455444444445544444453333111211211111111111111111222222222222223344444444333244222334444346765223334443333333334224344343233332233423333
33444445554433444554444444445454454454564454334444464444344444544454443333433344554455653111000211111111111211111222222222223222333444444333233212333344446764222234333333332322223334323434333333434344
44444444543444554444544554545433444444554555554454454443444544445454433344543355444444542100000211111111111211111222222222222222223344444333333222343453445653222333322323332123333433334544443434434333
44334444433344443444445444444444454444455445555555445454455444455444434444444455444434300000111112111112112111111222222222222222222333443333233212444554444443333333232233443334434333444444443434434434
43344344543333444444545444555455444444455444445444454454444444554554455544444554444434421011111111111122111111111222222222222222222333333232223212545543345333333343333233433333443334344444343433444334
44444343344434444434434445444344444444454444444454444554444444444444444554444444454433232111111122111211111111111122222222222222222233232222222213545543333334434433433233334433333333344444443333334333
44343444443444443344433444333334444433455554454454445444444544444444444544444444444443122111111121111111111111111222222222222222222222222222222123443433332234544434443333344433334444444343443333334434
44333443344443444444444344443344433343334345444554444444444444444444444544544444454553211111111111111111111111111122222222222222222222222222222122333344423334544455443333334433333433333333334333333444
44333333433444334433334345444444343344344444545544444454444444445444544445544445544544321111111233221111111111111222222222222222222222222222221222333344444444544464432333333433333333333333333333333334
43443333433434444333443444444344543444444444444444444444444334444443343454544455544444421113323465333111111111111122222222222221222222222222222223444444334445453443322233343332333333333333333332333333
33443343334333333443343333433444444344444444444433444444444444443443443445445454555554443346555565445311111111111122222222222221122222222222222213434444344444443333332123333333333333333333333322233333
33434444444334444444533343444444443334443333434433443344444444443444443343443454445543443444555567545411111111111122222222222211112222222222222223344444445444433333332333333343333433333444344333233233
44543444444334434434444443445445444333334444444433444444434444443334443333444433444444443444445577654421111111111122222222222211111122222222222223343444535443443334432343443333333333333344443344333334
34445433433344444444444434444445554444443334444444444433444444444434434444444453444445444434444677655531111111111122222222222211121122222222322224343344434433444444434343344343334433333343233333333343
33344543333344444442343344334443344444443333444444443344444444333334444444444544334444434333333677656422111111111222222222222111111111112222332234333444434333334444445543345444344343454443234333433343
32243333444444444343333333343334343335444344444444444443433333234333333443334444444333444344434677755432111111111222222222222111111111111222332243444433444333334444444444434544444454444454434433334443
43333343443464333444444444444434443343444344333333333544433433344444344443334433333344444444445677755532211111111222222222221111111111112222332244444434333433333433333344433443443443334443344433443443
33333333333233343334445444444444443454444443444433444444444343444444444444444444333434443334434777765543321111111222222222221111111112222222332233333334334633443344444544444443454444444433433344433543
33233333333333233334444343343344434444433434444333434434334434354444544444554544433433544443345777765642211111111222222222221211111122221222332244334344444544444464444444435443444444334434433443333232
33433333334333333334433344444334434444333344443444433443343344435544443444454433544443544433345777765652211111111222222222211211111222311222322344333334443343334454334344444344434444444334434432323332
33443334433334333333433354444334444433334433444444544444433443343434323444344434653444433334344777765565221111111122222222221211122223421222222333344334343333333334354334344333333334434333222443222342
33333433323335443334444343343334433433344444433343444454444444443444333433444543553444443354444676665556421111111112222222222111222333431222222333356333444344344433354333334333333433333442345343233432
33333332334333333333333343333333434324433443443333334444444444454455433433444443544334444444444566665444322112211122222222222222233334432222222333344333444344444443343343343433333333333433445433332333
33433333333322333332343332323333433344444333444543333443334433444455434434434334334444445454444456654334442122221222222222222222333333332222222334544334454334444343343344433443433443343335433443334443
33333333333222323332233433322333333333343333343334433333333323344445434344443444333444443332233456765333332122222222222222212233332343332222223344444454444343443333444444356444453444443445434543334443
33332333333223333333433333322332334333332333333333333333444333444454433334454444444434433343433445665433322222222222222222212333222243452222223445443344333334432333444444465346444544443445444443354443
23332233333223333333433333333333334433333333333323323443344334433454344344444444444444434333443445665666553223322222222222113322222233452222224465454444333333222434563444434335454443455434444443344443
23323232432234423333323322333233344333343334333333335343343334323444444344333434543334434333343434678887765333333222222221125532222124422221224554444453433232323334545434223344554433444334443433333443
44343333443233323334332223332233332332343434333333445333333344344444343233333344333334434543433445889887655433333322222211145552111223422221233443343332333243233334435444234344554334443445543434334543
45333323333333332344432223332433432233334334333344433333333333333333333322334336333334444334433436999875433323332332222211243553211222322222233333333343333444434444422333345455543445455645444334333434
33332222224333333334432233333433334333333333333433444333344342333223333332243344433233333334333327999864333323333333222211232554321222322222323433332343224753434344333333333334433343333534433223343234
33333333344333433224322233334334343332333334333443334444334442333333433334334433423333323333333338998853332323333333322221233355422222222222233332223333322653443334323333543432342243333445423223233234
44333333443334433333334343333434343333334334344333333333344333333334433333333334433333233333434349899884322222332222332222244456544322222222223333333323333553334235423343553343333264323333233333343233
44333333322323333234333443333344334333444443433443333333334433443433334433344333333433333333344359888885332222333222332222344448767421232222233334333333333432443234434234433333332353322232235323333223
34344333322343334333333444444343344333454334433443333234353433333433334443333333334443444333454269887764332222233222332222344347777521232222233223233333333322332333232233433332332133223332223223223335
43333343332344343334445553444323322223344333444443444344333243333444334443333343344433444333344378887644433333323332222222334436876741232222333333232334333332332332323234334333322233323422224223223344
44333344444443344443344443344322232122233443344433432333334444433344333344434443433333333333343388887644433334333332222222333335867862232112323222233433333332321232323233335433332233333323233222333453
55443444444434433433344444444332333333343333444433333333334343334333333344333433434333333333343477677544434443333333222222333333788752222112324222232233223332223232233333344333322432355433233313324564
55333443443444433333334445434333443333443334323332344333333332333333344334222334324434443344343587634544334433343443322222333233565332331122333232333224333333333323233454232332322333443435333323222332
55345544323434444323334323343333345443344432323433444332333433433334433334433333434444443344444676543444443443354433332222333433466553321122333333333233333233322233323343332322322223432223323343233233
45344433323334334434333323333433344444443433344343332333433333334444543334443343334444444443444676554334443343344333332222344434356653321123323332333232332233322223322333332222222245533223222334232333
45444333323344344434433323333343445444334322244433333333333333333342433333323333433434234344435865554423334343344223322222333334356653321123333333322343332232221133333323333233222235332223222363132233
44433234343333333333333333333323444443222223333443334433333332333333233333323343443333333344437766654434344433432333222213333443456654311123332233321132332232232233333333334232232123223212332464232442
33332344333323333343333333334323334333322223234322344442333433323344333333224444444343443334457666665434334434433443221123343334466546311123223343332333332233332233332333213321222123322222222342222233
34532332224333333433334433324333444333333332122223334433334432333344444543345543443444345444367666777644444344544443221122444333356547311123332232233343332234333333323332222211111222211122222222122333
34433322233322342434334333224344323333433433223433433333333444543344434434544443333444345443366566666543443343444443211112344333346547411123433323333443433333333323223422211111222232222221111111111223
45433323323422333434333323234333334233333333334333444333334344433333433444444333333333344344466666655344443444344442211112243344346546621123333333333433333332232333233322122222312222221211111110011112
34433333323322324433433332334344443333433322344433333334334544333343433345343433333232333334456766664333544434444432211112233343346546641123333333343334333322232433333232232222212111111111111110111122
34433323333333333333444333433433333334344323355444433445444543444444434334343443433443334333456656664344444334444432211112222443356546442123333344443333322333222333333233222222101100111110111111111121
23433333433443233333443433333333333443333333334443334444444433344444444433443434443354344444456556553244444333444432211111233333357557432122344333443333323223223333333223212111101000000000111111111111
33333234333333233333433333333334333443344333333344444444454444443434554444333344343344444554566655542344454434443332111111233334366556543223344333334333223333333332321211111111111100000000000110011112
34433333343332333333334443333333444333343333342444444434544333344444443444333444454444544544446665532344443344443333111111344344466556543234344343333333223423333322111111110110011111101000000111111122
33443333332333343323434443332333433333344333443344444333335334445444433333333344444344444434535555532334443344343344111111444333576555433224342344343333233322222111101111111110011011100000011111101123
24444333433333333334333333333323433334444444443345533333345334444443433333343434433344443433445755422333344333344345311112443334665553322234322344233233111111111111111111111111100111000011111111111134
33344443332333323334333443333333333333334333334344443344344443444333433443233434434443333434434766543334334333444433531112433345544453211344322232222211111111111111111111101011001100111110111011222233
33343433333443433333444333334435433333443434345444444444333543333333444443333433443334434334434766643444343443444434661112234345543354211333211111123332221111111101111111111111111100111000111111222333
22232333343444333444444333234334333334443434334444334433344443233333433343344434444334434433334665543434543434434333572222333336653334321111111122333321221111111111111111111110111111011111112111222333
23333333333343433334434343334333334432333333444443334332344344334343344334335433444333444433344665553334422333333333673112433345544213311011222333322121111111111111111110101111111111101111112112223333
23333333233333333334443343333333343443234433443233233234444234333443343343235333445444333344456676553333223433433333585212333334433222321222212222111011111111111111110111111111111101111111111122123223
33333333443334343354333333333334443555444443322332333333454434345533333333334533445344464345344676553333333333333343586422433343333232223332222121121111111111122111011111011111111001111111111111112223
33343333333234323444333344354334444444653333333333333433444344345333333433343433444443564444333576543332333334334444686532333333333332322233334322233111111111111111111111111111101111111111101101111112
33443333234223333444433334344544333334433333433333344333334333335332334333343433443444344333333576544433333333344444576642232323223223222334333444333111111111110111011111011111111111011111111111111122
33433333444333334444343335443434334344333433433333333334344334344334443343334334333343333333333577655543444333434433477653232333332111222223223344443221111111111110111111111111111111111111111111111111
44343334434333443433333343333434443343324333434444333344344334344434333233333325433323432322334677665434433333343343465543133322332112211222223333333320001111111111111111111111111111100011111101111111
