44444444444444444444444444333433444434433369543444444444444444448843444447634444444444444444444696444444444444444445444444458853544454445544444544444444444444444457653444444444444444444444444444444444
44444444444444444444444444444444444444443369544444344444344444447744444446544444444444444444444696444444444444444444444444458843444444444544444444544444444444444456653444444444444444444444444444444444
44444444444444444444544444444444444444444469544444444444444444445544444446634444444444444433444697444444444444444444444444458843444444444444444444444444444444444457653444444444444444444444444444444444
44444444444445444444444444444554444444444469544444444444444445433344444446734444444444443223444697444434444444444444444444457853444444444444444444444444444444444357653444444444444444444444444444444444
44444444444444444445444444444444444444444468444444444444444457321244444446734444444444443223664697444444444444444444444444447853444444444444444444444444444444444457653444444444444443344444444444444444
55554444444345545544445444444555445444455479555444444544444468311244445545744444444544543225766697544444444444444444444444447853444444444444444444444444444444444457643434444444443333444433444444444433
44444444555555555555555455554455554444555469554444444544444478311234454446744454545555542237867687555444444444444444444444447853444444444444444444444444444444444457533444443444433334444444444444444333
44444434555555555555656555555555544455455468555544444444444489511235444446844444544445542268767787445555454445555444444444447863444444444444444444444444444444444457643444444444444444444444444444444444
44443334444445554455544544445555545555544468545444454555544489621234555456734444444444443477668787444444454454555444554444447853444444444444444444444444444444444457753444444444433444444444444444444444
44344433333433343344444433443444444454554469545554444444554699841145555446744444444555554587569778444444455455545444554544435743444444444444444444444444443444444458753444444434443444444444444444444443
44334333343333334344444444443343433334444469444444334444444699962145544456844444455544565685469667445444455544444444444544446753445555444444444544444444444444444457653444444434443344444444444444444444
44444444444444444444444444444444444344444469544444444444444799983145544555744444554444455884589657444444444544445545444444447853455555545555554554444444444444444457753444444444444444444444444444444444
44444444444444444444444444444444444444445469544444444444444699995135444454644444444555557964799647444443444444444444543444457853444444444544444444444444444444444458753444443344344444444445444444444444
44444443444444444444444444444444444444334369544544445444444699996235443445743455555555579955788547555454544544444444454444457853444554444444444444444444444444444458753444444444444443444444444344444444
44454444444444444344444443443444334333223369534444444444445699996235433444753345555555589855778547555655555555555554444544557753444444455444444444444444444444444447753444444443344444444434444344433444
44444444444333333334444443344444344443433368422232336544454599997235444434752233445444589856779448555655666666666666666665557753555555555555555555545555555444444436653444444444444444444444444444444444
34444444444344444444455543443444444444444444433333348633323589997235444445752233444443599865679348456556555565455555655555557753555555565555555555556555556555554457753444555445544555444455445455454444
44544434444455445555455434544444444444444444444444446533444579997235444444554444444552599854678348444444444554565555544445557743444444444444444455545455445556666558753555555555555554554444545455455444
55434344444444444444344433433344444444444444444443344544545579998234444555555545545562487644678358543333544444444544544544535753544444444444444444444444444455566568753566555556555555655555555544444444
44444444445545444443334433333344445454454444444444444555545679998334554554445545554652476544677358433334444444444433454444446753444444454444545444444444444444444458753455444445554555665565555655544444
44444544444443454443224444444444444445544545555544554555445679998444454454554555554563476555677356444444344433434434444445447753344454555445444444555554444444444457753444444444444554555555555555555566
44444443433333444444444444444444455444444455545555655555455779999644454454544544433453486655677554556544444333344444444444447753444454455455444444554554555544444457753444444444433445444444444445555555
44444444444444444444444433444555445555555554555555655555556778999754444455554444454554487744577454455334444334444433444444347753343434444455544544444545555544445457653445444444444444444443343444444344
55555444555444544445554444555565545666555554555555555555556878899854433345655554555555488633585355554555445444444444444344356643232333444445444444555444444434445557653455444454455445555444444455333333
44455555455444444455555544455554555655654556555565554444555888999854333235655555555445587543585445554555555445444444433443333443243333334433444344444444344444444447753554555455454444455454455654445654
54454455555544544445444544455544576654555555455455445555556788999964332223555555555446588754785555444455555555544545544444333333343333233345443344434444444444444436753445445545454444444345444644446545
44445556545544554554344444455544555666455455555555455456566788999964432222456665554345588765875555544455544545545554444444433334434433344433444444433455445544444457753444445554454545545454444434444445
45555556656555554555455554455555456565455565655566566655555799999974333211256555543445687656986555544455555555445543333344444444434444444444445444444444434455554457763345444454554444545544454334444444
44444544555545555554455554444456555544555555555556556555334699999984333221156556544446588789965555554554555455454444555655455545434444445544445544444444444554454457763344333554444544554444454445444444
55544454455555554445555554444555555555545554455555555445544589999974433332135556434455589999865444554444555444444444554455445444444444554454444444444444334454434457742344344455544545444544444444455545
55555554455544455555565555444554455455544544545655655556555569999985445654313655446565579999654455554555555545445555444445555544454445654454544444444454433444434456643223343544445554344454454454454444
55545445455544444445444445445444455456555445556545555555555568999996778866535776676565689998543444555555455444555554455455555555555556645554554455444444444444444357643122233444433444434434443433454444
45444455455544444354434434445445544455555545555544455545555556899998776666677666776576699996433434453344344444455443544455554555544444565544545566554333454444444346543233233344433433322244343443454434
55445554444544444443444545444445444455555555545444455554446555799986666666766666666468789985323333354444444455454444554445644455544444444545445555654453455444344434334333334334223345443445444444443444
54455554444454445444454445443445444445566654555544445544556555588776666666666666555657878863223323355555555545544445455555554444444544444555655545555455544544445444334433334444444344444445444444444444
55555544444454444455555555444455555444444545555544445544555554687566666666665555454554766642112223235555555555544545445555455554544444444444554444554445544455555456444433333433444344444444444443444444
54445544434444455455564445444444445444445455444444444554456456776666665666555555444453365431111223124454555555544554555555545444554544444444444344444445544455554555444444344433444443444345434444445443
44444433333444444444455445544443345444554454345554443544455677667666556666555555444442254322111112112444445554545555555555455454445444444544655457765545545555555566455444544344444444444444322344445434
44433333333433333443434444444444444444444444445555434445677876677765566666665565554433133322111111112444445665545565545554455555444455555655545566666666555565445566555544443454444444444333444444344434
34433333333333433334444444544555445555444444445545444456666677877666655666666666665443222222111111111334345555544555445555555655555545655554556666655546655555545555555554455555444444444334445444444444
32322233333334433344444444444444445545554444444445455566666777776666656666766545555433222222211111111223245445555555555545555555555555555655565665666554555454444454545544544544534345445434334344444344
32333344333344433333434544455445645555544444444455555567777777766666666666665445444432222123322221111122243246655555554456655554566555555655555665556655445554444454445434544444544444444334224323334343
33443444434433344444433344444554444455444444444444554469877777766666666666666555544322221123333332211111322245555564454445554544564456566555666666666666554555444444554444444444544444443333333444333445
33333333333443344344434445445444444444344444444444443445787777766666666667778755543222211122333332321112222355555554444555555765566555566666667767666666665555555445554444445554555444444444444554334566
33333333434444443434444344344344444344544445444454444323687777666666666457888755544322211122233333322122211455566555555554556766666555555666778776666666666555444345544555544544455444444444444455445566
43333344444444543434444444444444443444344334444445444313888777566666656677654322223322211122222333332222212455555554565554467886665566666666777776666656666654334555444554544544445544454444455455556555
43344444445544433434444444444444454444433344444444344424887766666655556785221100011222221122222223333333212355565555775554578775665666677777787766666666666555445444444544554444444334555544455555445444
44444444544434443444444443344444443443344444444444444457776665665544444674111101001221221122222222333333212245665556755477778766566666677888877666667666666554444444445554445444323322355555555544455555
44444434433344454444454444444454544444434444444444444477665555655444564564221100001211221112222222233333221135543333467567666656666666667777776666777766565544434444444554444443224432135555444544454554
54544444334434444454444444444444444444444433444434444677654445555445555565343110000112221112222222223333321123333345667666555567777766767777776566666666665544434444555444443333344432114555444444455544
44444444444444444544444444444444444444454344454444444566544433454445565455444211111222221111222222222233332223343444766655555557777766666676666666665555655543333455555533333333455554112445555445455544
44444443344344344344445444455454444444444444444445545566665543332345554333344322222222221111122222222223333333343333455555555567776656666666666666665555555553222335555554455444456654212344444444444433
44444443344433344335444444434444444444344444453455555555555544333345543333333221222222221112122222222222333333333332234445555578876666566666666655555554444554222233444554555556776653112343434443444433
44443444443333343334433444344444344544444455554456657875544444444444333333222221121122211111222222222222233333333332123445545666766666666766665555555445444554322232245666666777766652123343444443444544
44334444434433333344334445444445444444355444445665579997544444444433333222222221112112211111112222222222223333333333212345555565554677666665555555554444444554322232224688888887776643234433444444444444
44444445544334444455444454444434434444343334457865799898855533333333332222222222122222211111111222222222222333333333321234556655455677665555555555544443344444432222211246788887765544445433433444444444
54443334444444444444334445444444454434443444577658987898864323332333222222223221122222211111111222222222222233333333332123555654445666665555555555554444444345432222322112356654444444444444434444444444
43444444343333433444444444454545543445443444466589987898854333323232211122233211122222212111111222222222222223333333332112344554455565666555555555445544444345542222343321123334434444433444433444444444
44544444434444444443344444444465443444333333346899999889865443222321111112232111122221211111111222222222222223333333333211233343345555565555554555554544443334542122245544322222233333334444444554455444
33434434443334344344434444454443444343344434446999998879864343222221111112321111111111211111111222222222222223333233333211233333334445555545445544554444443335653122244444443333233333344444344544455444
44444433334334333344334444454444443444334444448999998767764333222221111112211111111112211111111122122222222223322223333321233333334444555554544544444444443333443122244444544445444333454444334454444454
44333333434444444444434344333333344334444344467898987765574333322222111111111111111122221111111122222222222223222233333321233333333444555554455555544434333333433222244444444444544444355434344456444444
44433333444444334444333333333333433343444434544576666543365223322112211111111111111122221111111122222222222223222222323222133333323334445545445445444444344333443222234444444444433444443344344334344334
34444344434444333443333332333324444444443446534455443211126322321114521111111111112222211111111122222222222222222222222222123333222333344444455544444443333433443212244444444444334444444434444434443344
44433333334434444333333333333334544434443446333344431000004422331124541111111112222322112111111122222222222222222222222222123333222233334444445554454454333433333212244444444443444444444444444444434333
35543434444543344434344344444334444334443445332333320000004523332112442111112222322322112111111112222122222222222222222222213332222222333333445554455434333332333212244444444444444444444443344334444334
44444444443444333433333444444444434433434445322333210000014423332112431111112233222321111111111111121122222222222222222222212222222222223333345544454333333222332212245444444444444444444444444444444345
33444434443344433333333445434445444435444444333323210000135323322112332111212223211221111211111111111222222222222222222222221222222222222333344444444332233222232112244443344444434644444444444343444345
44444444544444445434443444444454445434445444433322222212344222222111221112212222111221012111111112111222222222222222222222221232222222222223334434333332222222232111244433444444333544445533444443443444
44343444444443333334454344444554434444355444433332222223332222222211210012111111111121011111111111111222222222222222222222221232222222222222333333333322222222222111244334443333344443345444444444443444
44333443444544444445654445443444434343344444433332222322222222222211111112111111111112011111111111111222222222222222222222222222222222222222222333433222222222222111234333333433233342333344345335433344
23433342233344444456655543344345334444344344543332222211122222223211111211100111111121011111111112111211222222222222222222222122222222222222222223333322222222221111244333323444323333443343245435633433
23422332222333334344444533344444434444554444543333222111122222223211111111000111111121021111111112111212222222222222222222222222222222222222222222223222222222221111243334333333334443443443333233433334
22221134422223333344444544444433543343444544553333232111222222233211111111001111111121121111111111111212222222222222222222222223222222222222222222222222222222221111234333333443554333344344443334433434
33432332233123434343444544433423554444344433553332321111222222223311121111001111111221221111111111111112222222222222222222222223222222222222222222222222222222221111233334444445643334444234454434333433
22233222333223433333344544344444444444434444564333321111222111123311111111111111111211111111111112111112212222222222222222222223222222222222222222222222222222211111233344443445544444444344443443324433
23334333212211332334344445444443444344444445577644421111110000012311111111111111112211111111111112211112222222222222222222222222222222222222222222222222222222221111243343344444344444442454443343334333
24223333323322333333444445444444444343343445467876421111000000002311111111111111122211221111111111211112222222222222222222222222222222222222222222222222222222222112244344444433333434444443343344333223
33323232344322333444343444444444444344434444445776432110000000013321111111111112222211111111111111111122222222222222222222222222222222222222222222222222222222222221344344444433333443334333333333333233
43434233343333442343223444334454444445544444444444432110000000013311211111121234321111111111111111111122222222222222222222222222222222222222222222222222222223222222343334444334344443332333423333333333
44543324334234354421113344445454434555545544443445435300000000013211211111333444211111111111111111111122222222222222222222222222221111122222222222222222222233222222343344344335444454332333343344334335
44445434444334344232333444445454334454444444434454332100000111013212211111113321112111111111111111111111122222222222222222222222221111122222222222222222222333222222344444444344443345333334444343333334
34444444434434443242344333334544444454444344444554422110001111012212211211101111234211111111111111111111122222222222222222222222211111111221222222222222222333222222344334444344433455444334333443344434
44445544444434444443233343333345555444544443355545422320011111012112112111111223445421111111111111111111222222222222222222222222211111111211222222222222222333322222244434443443334333334433334445434444
44443444333544444453332333333334556444445554444435433342111000112112122231333524454441111111111111111121122222222222222222222222111111111111112112222222222233222222243434444444444343443444434445544454
34445443334323434455443333333433554445555555543434444444321011122111223332343334355454211111111111111111112222222222222222222222111111111111111122222222221222222222344444444565555343444444443344533444
34344433434334333443334433334555445444444455554333334443221111121111343332343344444444521111111111111111112222222222222222222222111111111111111222222222421222222222344444344455554444444334544434433344
44334443334454334443433334454454444444445445445433223322111111211122443433443343454454541111111111111111112222222222222222222221111111111111111222222223422222222222344444444444444434444544434433444344
44433333333355443454332433444554434444464344433333321111111112322354443444444444444454454211111111111111112222222222222222222221111111111111122222222233432222222222343454544444554334333443334433434344
43444433444444454445433334444444444344444245533333443211111123444344444444445434443454445421111111111211112222222222222222222221111111111111122222222334442222222222344454443444554334444333234434333434
44443444434444344555333434454435644433344334444233344422111334444444334544444433443454444532211111111111112222222222222222222221111111111112222222233444453222222222344444433344443344443343334344443444
44443334445444434434444544443434645344444344333334444433334443444554434444433334443344455565321111111111122222222222222222222221111111111122222223334554454222222222244545544444433333334443333443533443
54434444444444444433434444444445544343445343333434444444444334444445444445334435433454555457521111111111112222222222222222222221111111111222222333334555554222222222344444444444333432345555444444534343
45444543444444444455444443344434443333355432345545555555433333233444553344334444444444444457742221112111112222222222222222222221111112222222233333322345444322222223334444334444444543444455444445553344
43444543444434444444334444333433344444455444555555555544433344444345555444334443334543455447775322111111112222222222222222222222222222222223333332222234444322222223334334434445544544444554443344444444
33444334443444434444434434433344433344544444555555455555444444334444444433345444433445544447777532112111112222222222222222222222222222223333333322222223444422222223334433443444444434553554333444444444
33443443344434333433333344333444343333545444555545544544432234322333334434555444344554444446777763211221112222222222222222222222222233333333333222222222344432222222334434444444444444454332444344443332
34333333344333333444443346434444333333445444334444334443542223223344344444444444344554444445777667322222222222222222222222222222333333333333332222222222343332222222334554443544433334444343343333333333
34444444444444443333344566533443343343344444444544434543442222223344444333433334344455445434667667743222222222222222222222222223333333333333222222222222343332222222333443243344433433333444233433443333
33344444444554443345442346643433343354444444445444334444333333344444444354433444445544434444557777763333222222222222222222222233333333333333322222222222244543222222333332344344343333333444343344443334
43334444444443443344445445654334443544344444455544444344434344443445434443443453444544444445446776674344542222222222222222122223333333333335443222222222345643221223332333333444334444434543334433333333
34434454443443334343333445555444544544544454455544454434544434554445443443433443445454433444555777676434664322222222222221111223333334444334676322222222444443222222332243333443444444444443433333233333
44444443442343345543433444454433444554434445444453355446544445455444444456444444444544443654454566666666887533322222222211111223333444444334787643222212444333222222332244333334444543344434433333332332
44444432344434444534444444454444344555444554444564344545544454344554443454444444444343344544454566666898999953333222222211111124444444334334687763322222344443222223331244444444444334333344334332332222
44444445443444444433344555445444355643343543344445434445444443444455443443445555554444555555534455667998899984333222222211111124444333333343478775322222333333222233321343343344434433333333433323321123
44444335444444455333444454455455345445433443344543344555444443443355443344555554554444544433344454567998899996333333222221111124433333233334458887432222344432222233322464343444543443334323333332332353
44444454454444445455444455545433345333343445544443344454445455543344434435454554454444434234354445557898789997433333222222111123443344333334348998532222343342223333322453334443433444444433344443344353
43344433444444544444444455554433434434432334556544443334445455643443444444555544445545445454354445545778779996433333222222211123443334333233335888742223333432222233322443433333444444444444434333333333
54445334444444444444544344444444444444443333445544434444544444433554445444565444444544445443443444454677888897444332222222221123443444553322334899962223444433222222222333333334444434433343434433343333
54454444444444444343454333333444434344334453455544544444444433344444445444565444444434444334444555554568899779544322222222222134434553343333332799983223443333222222222333334433333323333333444333444444
44454444554544444444444332444344444444335554444433443444444444444444454444554455455445332234334546543568899647755323222222222233444453343333444788885223443444322222222333444333334334344343333334444445
44454444554443554554444544344344444444444454434454444444444444554444544444454454444444333444444445544567898644764433222222222333344444444333443688886323444434422222222354434444334444433433334333444434
