44334555545555555556765555555566689999986688876643333225778866899999653234312224545555566666555555555666666665555555545566555566666565556665556666555554444554455555555555666666665555665566656665566655
44444555556666656666655555555566689999998898887756677667868866899998653234311223445555566666666555444566666655555665555656555566555565555555555544555554444554444444445555556556666555555555556655566655
55555555566667667777655555555554579999988888888888899988768866999997642224411123445655456656665456656666676655555555555555555555555665555555554444555333445554445555555566666666566665666665556656666665
55565666666666667666555555555556678888777776788888888886668977999986532224411222344654456656766666556666655555555666555555555555555566555555555555555455555555445555545555666666666666666666666666666665
55556665666666777666666555566568887777777777888877788877557988999985422223421222234544356535777766666666655555556566665555556556655665555555455555555555555555555555555555566666666677666666666655555665
55555555556666666666654455566888877887777778888877776666656998899875322223321222233544345535767667667666666655666665555555555556555556655555555566554444445545555555655655455666666655566665555555566666
44455556555555556655555455677887788877777778888766666667765898889874322223211122223544245524667666566676666655666555555566655666555555555555555665555554555555555565555555556666665555555655555555555566
55555555544444455555555556785677888777788777877666666676654788767763322222111111122434245523556666566676666666665556666556666656665556666566656665555555555555556666555555555555555555555566566665555555
55555444444444445555555678877777777778777777777655655676654367765663222211111111112433234422446666666666666666676556766666666665666567666665556666665555555566666665555555555555566666555556555555555655
55555444445554445555456788777777788888777776677665555567644347765553222211111111112433234422445666655666666665665555566666666665665555655555566666665555555666555655555565555555665566655555555555555665
55554445555544444566677888877777888887777777776665555666533337765542222211111111111223123321335555555666556655655566666556665555555555565555566666666666655555555666555555555555555665555555555555555555
55555555555444556888877888877778888888777777776655554555531236655442222212211111111112112321234555544556567666555667666555555555555655565555566655666556655555555566565556556765556665555555555555555555
55555556654345789988888888777778888888777777777766544555531245544332222222211122111111111211122344434445566666566666666655555555566555556566666666555566665555666555555445557766666655555555555555555555
56555555543235888888998877877788888888888888888776555555532234543332222222222222111111111111112334333345566555666555566555556666665556666656776776655566666556655555445434566766666665556555555555555556
66555444544456888888887788888888889888776678888765444555432233333322222222222332222111111111111224322234455555555555555555555555566666555666765555555666555555654445544444456676666676677666556666556666
55444556556668898888777788888899888776555555667765433444332223222221222222233332233211222111111223222234445566666666555555556665555555655655555455555555555555555555545444444567666688778766666666677655
44333456666689999887777888888998887765555655445665543333332223222221222222223333333322333111111123222245445555555544455455555555555555666556655555666555566655555555444433443457756679988987766666666444
44445566655898899887888888888888877766555655554453333333322222222221222212223333333333333222211123211244345556655544454455455554555555555566555555666665556766555565555543344456766657998888766654455566
44556665546998988888888878888888777776666665565443233333332222222221222212223333333333333223222222211233345555555555665566566555665445655666665666666555555566555665555544455566677766877755655555566776
55556554445899887888877788888888888886566666554432222333332222212212222112222333333333433333322222222233244455566666566665565555655555555655555565555566555555555555556555556766677765556656665556667766
44444554445898877888777887767888889997566666544332222233333221112112221112222333333343343334322222232233233344566766655556666655555444455565555555555555555555555555555555567777676655566567665566666677
45445554557988778887777878865788899986666666544332222223332221112112221112222333333333344434433222332333332333555665556656666555555665555556655555555555555555555566566555567766556666666666565566667777
44445566789877788877788888888887777754556555554432222223332222111112211112222233333333334444433322332333322333555555556666556655556666655555555555556555555555555555576666654444567666666665566666777777
44545678888778887777777778889865544323333444444332222223332222122113431112223233333333333344444323433333322223455665556655566665556665455665555555555555555555776566787655675566677666776655566777777777
55656788887788776666677788898643222101122222334432222222332222222124542212233333333333333344444434433333321222344556666655556666655565555665555666555666656555788667776667787666666667776666666777888777
45566788877887777665666678897521110000011122223332222222333222222125333222233333333333333333444444444443221122343455555555545556665555666545666545666566555666678777787777876666665666667777777788888778
45567777767776666555677657886311121000011111122332222222233222222134223432233333333333333333333344444443221122333554565555554555555665556545665566677776656766678888777777766666666666667777888999877777
55676656666666665556787777886333331000001111112332212222233222221132123432222223333333333333343334444444222122223533556655554455445556555666556788777665557886789987677766666667666776666777888999987777
66666655555555555567777777776544542101100111111222112222233222221032222332222222333333333333333333444444322222224423445655554446664455545665678886676555678987899866676666655677777777776777888889988777
66555554556545554577777766676655554211110000111122122222223222221022122222222222233333333333333333434444433223224222335655554566665566666677777744689777899987888766666666666677788888877788889888877777
67665444554334444566776655566555554321111100011122222222222222211022112222222222233333333333333333333444444333223222223566556544455554554566678746899888888887777766667667777777788999888888999887776777
76665444443333455666665444543455554432211211112222222222222222211122111223222222233333333333333333333334444444332232222444334334444443443578899778888777777776677766677667776667788899988998888887777777
76566544443334455566544444444455554333222222333322222222222222211112211123222222233333333333333333333334444444433333322333233334444454776789888887777777777776677666777667776677788889899988887777777788
66556654444445555555444444434444443332222233333322222222222222211112321123222222222333333333333333333333344444444444433334434433344445888888877766766666667777778777778877777777778888888987777676678888
56545665544454555544444334444334433222122222222222222222222222112222321122222222222233332233333333333333344344444444443344445532223334567777776666666666666666789888888876678877888889888887666667778888
55544566554444554443333334333223333222222222222222222222222221122122232122222222222233223333333333333333333344444444444444445443322222345556666666766666666667788887898766667777888888888886556777777888
44554455555444444444333344322223333222222122222122222222222221122112222122222222222233223333333333333333333333444444444444444444432222234455556666666666667778877777777666677777788877777666667777777777
34444344455444444443333333322222222222222122222222222222222221232111122222222222222222222333333333333333333333343344444444444444443222233444455666566666667889987776666666777777777766677666777777777777
34443333345544443333333333322233222222222222222222222222222221222111112222222222222222222332333333333333333333343344444444444444443221123444456665566666667899987677666677777777676666677777777777776666
33343333334554433333322333223334333222222222222222222222222222222222111222222222222222222322333333333333333333333344444444444444434321123445566665556666645788877567766676677777676677777777777766766665
33333334333454332222222233233444444322222222222222222222222122222222111222222222222222222222333333333333333333333334444443344444444431122345666665566666644677766556766666666777777777877777666666666555
53332334433343222222222333334444433222222222222222222222222222212222111222222222222222222222233333333333333333333333443443334444444431112344566665667666664567655556677766777778777777777766666666655555
54332223443333222222222233334433332222222222222222222222232232211222111222222222222222222222223333333333333333333333443333334444444432111234556666668766565456654566677777777777777777776666666666555445
54332222333333222222222233344433222222222222222222222222321122221222111221222222222222222222223233333333333333333333443333333444444333221133455666567765555446656677788777877777666677666666666665555544
64432222223222222222222234444322222222222222222222222223321112221221111221222222222222222222222233333333333333333333343333333444444433321123344555557755554445667788898777777666666667666666666655555544
65433222222222222222222234443222211122222222222222222223221111221221111221122122222222222222222223333333333333333333333333333344444443321122334444445655443344677888898777776666666666666666555555544443
55433222222222222222222234332111211122222222222222222232222111121221112221122122222222222222222223333333333333333333333333333334444443321112334444444554333345678888888877766555666666666666555555544444
44433222222222222222211223321111111122222222222211222233222211121221112211111122222222222222222222333333333333333333333333333333344433332112334444444444333356677877888877666655666666666665555555544444
44333222222232222222111112211111111112222222222222222233222222221221112211111112222222222222222222333333333333333333333333333333333433332112334444444443333356667777777766555555566666666655555555554455
33333222222234421111111111111111111112222212211222222233222222221221112211111112222222222222222222322333333333333333333333333333333333332112334444444443333456666666666656545555656555666655555555555555
33333322222256632211111111111111111112222211122222222233222222221221112211111112222222222222222222222333333333333333333333333333333333332212333444444433333455665666656655444555555655656666555556555555
33333322222687632211111111111111111111112222222233222233212222221221112211111111222222222222222222222332333333333333333333333333333333333212333444444333333344555566655655544555545665555666555555555555
33333332224666532211111111111111111112222222233333322222211222221221112111111111222222222222222222222332333333333333333333333333333333333211333444443333333344455556655655544555555555555565555555555555
33333332223345532222111111111111122222222223334433222222112222111211122111111111122222222222222222222232333333333333333333333333333333333211233444433333333333444556665555555555555555555565555555555555
33333332212345532232212211111134223222233333334432222111114322111111122111111111122222222222222222222223333333333333333333333333333333333211233334433333333333344455665555556555555555665665555555554445
33333333211245432111222321222464222223333332234433221111124322111111222211111111112222222222222222222223333333333333333333333333333333333211233333333333333333334455555555556655555555665655555554444444
33333333211245422112222221222232223333333222234333211111122232111111222211111111111222222222222222222233333333333333333333333333333333333211233333333333333333333454555544455556654455665555556555544444
33333333222245432222222222222223333344322222234322111111123322111111222211111111111222222222222222222233333333333333333333333333333333333311233333333333333333333344455554455556655555665555555555545444
33333333222244432212221222232223333333322221123321111111123322111111112211111111111122222222222222222233333333333333333333333333333333333321233333333333333333333333345555555555555565555555665555544444
33333333322234321111111233322222222222222221113322111111123322111111112111111111111122222222222222222233333333333333333333333333333333333321233333333333333333333333334444456555555665555566556655544444
33333333322223221111111233322222222222111111111332111111122322111111122111111111111122222222222222222233223333333333333333333333333333333331133333333333333333333333333444455555565565556666655665544444
33333333322222222111011233221121111111111111112232211111122322111111222111111111111112222222222222222233223333333333333333333333333333333332133333333333333333333333333334444555565555556666655555544444
33333333332222222211011122221111111111111111112112211111122221111111221111111111111111222222222222222233223333333333333333333333333333333332123333333333333333333333333333344555665555556666655555444444
33333333332222222211112112211111111111111111111111111111123221111111111111111111111111122222222222222222233333333333333333333333333333333332123333333333333333333333333333334456655555556665555444444444
33333333332222222211122221111111111111111111111111111111223221111111111111111111111111122222222222222222233333333333333333333333333333333332123333333333333333333333333333333445655445555555544443333344
22333333333222112221112111111111111111111111111111111122223221111111121111111111111111122222222222222222233332333333333333333333333333333333123333333333333333333333333333333344454444555554444333333333
22233333333222212222111111111111111111111111111111111222233221111111221111111111111111122222222222222222223333333333333333333333333333333333223333333333333333333333333333333333444444555544344333333333
22222333333222222222111111111111111111111111111111111222233211111221221111111111111111122222222222222222223323333333333333333333333333333333223333333333333333333333333333333333334444454444443333223332
11122233333321122222111111111111111111111111111111112223332211111222211111111111111111122222222222222222223333333333333333333333333333333333222333333333333333333333333333333333333344444433444332332222
00011233333321122221111111111111111111111111111111112343333211111222111111111111111111122222222222222222222223333333333333333333333333333333222333333333333333333333333333333333333333344443333332333223
00001123333321122222111111111111111111111111111111113432332211111122111111111111111111222222222222222222222223333333333333333333333333333333222333333333333332332233233332333333333333333443333332233333
00000123333322121221111111111111111111111111111111123334443211112222111111111111111111122222222222222222222223333333333333333333333333333333222333333333332232332222222232333333333333333333333332233333
00001123333332122221111111111111111111111111111111223334553211112222111111111111111111112222222222222222222223333333333323333333333333333333222333333333322333332222222232333333333333333333332222233333
00001123333332122222111111111111111111111111111111232223332331112221111111111111111111122222222222222222222222233333333322333333333333333333222333333333222222222222222233333333333333323333332222233333
00011123344332222222111111111111111111111111111122322222223542112221111111111111111111122222222222222222222222223333333322333333333333333333322333333322222222222222222333333333333333322332232222223333
00111123344332122222111111111111111111111111122334212222223654211221111111111111111111112222222222222222222222223333332233333333333333333333322333333222222222222222222333333332222333222332232232222233
11111123444332122222111111111111112222111112334442122221234465311122111112111111111111112222222222222222222222223333332333333333333333333333222333333222222222222222222222233322222222222332222233322222
11111133444322122222111111111111222222222234554322221113455565411111111112111111111111112222222222222222222222222333332333333333333333333333222333332222222222222222222222233222222222223332222233322222
11111123333322222222111111111122222221223355532122221235666654421111111112111111111111111222222222222222222222222333332333333333333333333333222333332222222222222222222222222222222222222222222233322222
11001122333322222222111111111222222111112233212222113456666555421111111111111111111111111222222222222222222222223333332333333333333333333333222333322222222222222222222222222222222222222222222233322222
11111123333321122222111111122222221001111111122211245557655544321111211111111111111111111222222222222222222222222333333333333333333333333222223333322222222222222222222222222222222222222222222222222222
11011123333321122222211122222222211012332212212223565556445543211211211111111111111111111122222222222222222222222333323333333333333333333322223333322222222222222222222222222222222222222222222222222222
01111122233321122222212222222221111134332111112345555555544344211221211111111111111111111112222222222222222222222223223333333333333333323332223333322222222222222222222222222222222222222222222222222222
01111222333321222222222222222111244344432322344455555556555454112322222111111111111111111122222222222222222222223322223333333333333333222222223333222222222222222222222222222222222222222222222222222222
11111222333321222222222222211234564335543344543455544455555543212333332211111122222111111122222222222222222222223222223333333333333332222222223333222222222222222222222222222222222222222222222222222222
11112232333321222222222221234665565446655544434554665456555542222333454322222222221111211112222222222222222222332222223333333333333333222222223333222222222222222222222222222222222222222222222222222222
22222233222221222222221234566544665444576555445555566566555542222332455432222222222222211122222222222222222222222222223333333333333333222222223333222222222222222222222222222222222222222222222222222222
22223333322211222221234555444554566544675454455445677654554432222222345553222121122222211111222222222222222222222222223333333333333333322222223332222222222222222222222222222222222222222222222222222223
22223333322211111123555555444665555434454454445556756543443322323222456665322111111122222111222222222222222222222222223333333333333333322222223332222222222222222222222222222222222222222222222222222233
22234555554322223335677655555554555443455566555565554445544423333213455667532111111122222212222222222222222222222222223333333333333333322222223332222222222222222222222222222222222222222222222222222345
22234545544545656556755545555567554444543344455554554544444323342124545666543211111112222222222222222222222222223222233333333333333333322222223332222222222222222222222222222222222222222222222222333344
22345544444644445676444443344455555555545555544554576655465323432135555555555321111111222222221222222222222222223332233333333333333333322221223322222222222222222222222222222222222222222222222223333455
34545544445445455653444444333454666665555445554444674455454323332245554554455532221111222222221222222222222222223332233333333333333333222221223322222222222222222222222222222222222222222222223333333354
44544445543346554334555555334455555655465445656555775555443322332344554445555554322111112222222222222222222222233333333333333333333332222221223322222222222222111222222222222222222222222233333333433333
55443445444445454335753565555555554556532454555566766656445323443455665543224665532211111222222211222222222222233333333333333333333332222222223322222222222222111122222222222222222222233333333334333433
44334445555555456567764555565555455556655544644555555435545423434555545544346666654221111122222122222222222222333333333333333333333332222222233222222222222222111122222222222222222222333333333443333444
45555555545546654557656666555555455555555445444444554433454323434544544555554445665322211112222111112222222222333333333333333333333322222222233222222222222222211222222222222222222223333333344433333445
34565533445556655445444555544565555554434334544544544456666433345564445555543544654332222122222111111222222222333333333333333333333322222222233222222222222222222222222222222222233333333334444333333466
45554311234435555555556656655674244454543334455766655565565432345666666555556644445433222222222221111222222222333333333333333333323322222222233222222222222222222222222222233333333333333344443333333476
55454423434334544454555565544653345444655553555556677766555532224567655566776554345545332222222222222222222222333333333333333333323322222222332222222222222222222222222223333333333334444444433333333365
64444435643335444454345433444443554454554344555444557665555532344457654556665454555555543222222222222222222223333333333333333333333222222222332222222222222222222222223333333333333444444444333333333345
44354444333445244564453443444544544543454455555445676555554533443456665556655543455555666432222222222222222223333333333333333333332222222222232222232222222222223332233333333333344444444443333333333345
55345444335565355565543334455543334543444345543556665544456543346665346666655554356545677643222222222222222222333333333333333333322222222222232222232222222223333333333333333444444444444333333333333346
44555445545675555665543444555444445555543455554545555655556554457766644655556665455444578864333222222222222223333333333333333333322222222222222223333333333333333333333333444444444445543333333333333334
44665445444565444554444555554444555655455566665555565545545675445565654455566665555454578886543333222222222223333333333333333333322222222222222333333333333333333333334444444444444545833333333333333333
46543334543454542444444445544435766556566677655555555544445665456443575567655654445665557888764333332222222233333333333333333333322222222222233333333333444433333344444444444444554555953333333333333333
43222333434554433333334334333345445335655567655445756654555555555665666666666544555555546888876433333222222233333333333333333333322222222222233333344444444443334444444444444445555655873333333333333333
33223434434546433322233334322235544444654446556446566656666555555755556555457445545545545789887654333322222233333333333333333332222222222222233334444444444444444444444444444445556555695333333333333333
43333555556556322243223222335345544455555566555567555336645556655755555565354445433455554689887766443332222333333333333333333332222222222222333334444444444433444444444445555555554445698333333333333333
53244555567665233333342122433456555565555655554466555334434556655653663555444444433345545678877776654433333333333333333333333333332222222222333344444444444433344444444445555555545455599633333333333333
43455444678664234333433245555555644565554554455444554555546655555555666656645543444434544567876667655444333333333333333333333333332222222222334444444444444433334444445556655664455345589953333333333333
45443343445554232222445355554455543455556544355544554466556654555656555556533555554434335557766556666654443333333333333333333332233222222222334444444444444434344444456656665754554454469973333333333333
