44444444444444444444334444684555555555555555555774555555664555555555555555555557965555555555455555565555554687346555555565555555555555555555545454476333345332244444432111332323443333468888886658887677
44444444444444444444444444685443444444444444444685444444663444444445555444455547964455455555455555555555544587345554555555545445555554455555555555665334456455455555654444545555555454577777775446676457
43333443333333333333333333695333333333333333343595444443573344444444444444444446964444444444444444455455444587345444555555555555555444445555554555555345555555455555555555555555555555565556665565555567
33333334333443333434433443694444443333343333343595333333574333333444333333433336964433444444444444444444444587444444444444444554555455544445555554576435555554555555555555555555555555555555555555555544
33333333333333333443333433694444344443433333344595443333575333333333333334443436964333333444443444344444444487434444444444444444444444443344444444676335444444444444554554455555555555555555555555555532
33333333343334333443334333684333333344443333344496443433475343444334343334444446964444444444444432234444444587334444444444444444444444444344444444676434444444444444444444444444444444444444445444555555
44444443333334333443333333694333343344443344444487434444475344444444444444444447964444444444444432256544444587444444444444444444444444444444444444676434444444444444444444444444444444444444444444444446
44444444444434344444443333694434443344443444444476444444465344434344434444444446854444444444444432377764444587334444444455444444444444444444444444566434444444444444444444444444444444444444444334444446
44444444444444444444444444784444443444444344333477444444465344444444443444444446964444444444444422686775444587334444444444444444444444444444444444675334444444444444444444444444444444444444444444444456
44444444444444444444444444784444444444444444444488434444476344444444443444444436964444344444444423776785444587434444444444444444444444444444444444676335444444444444444443444444444444444444444444444446
44444444444444444444444444773444444444444444444468544444466344444444444444444446964434444444444535765795444587434444444444444444444444444444444443676434444444444444433444444444444444444444444444444446
54444454444444444444444444784444444444444444444446544444456344444444444444444446964444444444444556855895444587434444444444444444444444444444444444676334444444444433334443344444444443344444444444444446
44445444554444554444444444785544444444444444444466544444467444444444445433345444974444444444444557745884444587434444444444444444444444444444444444674234444444444333334444444444444433333334444444444346
55556554555544545444444444784554444444444444444458544444467444444444445433334444864544444444444568647984444587534444444444444444444444444444444444675334444444444443444444444444444433444434444444444446
45555454444455555444544444784444444445454444444469645444466344444444445433344446964444444544444589557884444587434444444444444444344444444444444444675334344444443444444444444444444443444443444444444445
34445444334344544444545444784444444444445444444468544544466344444444446543455446974444444444554698458883444367334444444444444444444444444344444444676434344443443344444444444444444444334434444444444445
33334444344333433333344444783444433344444445544459544444467344444454446753465446974444444544454698357783344467434454444444444444444444444444444444676434444443344434444444444444444444444434444344444445
44444444444444443333444444784444444444334444444447544444457344444444445963475546964444444444443798557883444587434545554445444445444444444444443444676434444444444444444444444444444444444444443344444445
44444444444444444444444444784444444444444444444445444444446344444444445983476545974444434444452788546883444587434444444455544445444444444444444444776434444333444444444444444444444444444444443434444445
44444444444444444444444344784444444444444444444448533434456344544445546983576544874444444444442676436873444587434444444444444434444444444444444444775434444444444444334444444444444444444444444444444445
34444444444334443333332333884444444444434454433336543333357433455555556983567554874555555455552575446773444577435444444544444444444444444444444444676434444444434444444443444433433334444444444444333345
33334444333443433433333333783222323454444543333344433333357422344554435983467666974556556666652575556764555577434444555555445554454454444444444443476444444444444444444443444433443344434444444334434344
44444444334433444444444433553223322584333322334665333333357422233344434895467766974555555555653576646785555577435555555555555555555565655655544444676444445444554444444444544444544444434444443444444344
44544544344444443444344444444343344574333333445555444434356444444444544796466766874554454445554587535763554587334444445555544444555454554555566554786445445555555555444444444544545444454444444444445444
44434443344334443334443444433444433444444444444444455544455545454445554798666566674433334445445586535754445367445444444444444444444444444444556655776446555555555555555555555544444444444444544554445445
44433343333333344444444444444434434445454343443444444444544455454456554699765445664332344444435577645855444476434444444444445454444444444444444444775435554444555445566555555565544444444444444444444444
44332243333344444444454444455454444445454444344444434454444444455445554599765423455443434444445577655855444587434444445544454454445554444344444444676434443444444445555555555555555555555544444444444444
44433444443343444444444344554455455455544445454445544444444444444334443689865422234555434444345687547865454576424445445544554444445455444444444444676434444443434344444444444444555556666555555554454454
43444444344345544454544445445455555555555554555555545445545444444444434699965432222343343443445587779755554477434444444445554444444445455555444554676434444444444344444344433334344444444444554445555443
44444444445555554455655455445555555455554554555655455555555544444544444699974432221144444434545579899754554576422323334444554444444544444444444554776435544444444544455544444444433333333333444445455444
45455545444455445555556544555545555444445545565556555555555555444544444589985344443225444445555479997544443455533333333343334444444443433444443454676435445545545444555545444565544454454433444444344444
44444454445455455665555445554554554444445554555556555555555444554544455589985456675333556667665589996433343445534333332333443333433443443444443443476434454554544444444544544454444555555544444444333444
45543444445555446566554544554544453554555654566545555555555556654556566689996677776566666677566689985322333355444344333444343444444334554454444444676434444555445544554444544444444444454444445444444443
55544544434555445555644555555555655555555544565665555555554565544456655589998766666666666666558789863221234454455444443444444544444334443444544445686434544445445444454554445443444444453344444444445554
55444555444445555555445555555555665555553444555665555555655555555446545569986666666666666555556878742112234543455444444444444454444444443455445444676433543345444444445444445544544434444553444445434444
44444555444445555544455455444555555554443344455654444554555654555455444557765666666665555544553565531111134422344454445444544454443344444554566654676223433445554454444454443445444554544544444444444455
54555545544445445544554445444455555554464555445554455554454545554455656676676655666665555544453355421111134312334564455544554444444444566545666655665422334344444455444455445444445444443544344444455554
44455444444444444444555444454465455445555555555455544444445556555556777777776655566666566555443244321111124212334665565455545544544555654456666565565321223334444344443444444333345334334433344354545555
34443443444444445444545554454554444454444555555345544445455555445556566777766666666676666666443233222111012112334654445555545555655655555565655665445422322334444343333223434343345443454443544455655556
44443344444444444334554455554444444554444554555444445544455554444556677777666665666666544545443222222111011101224544444445454455556555655555655566554543333433432334443344444444444344443444434444555555
43344444544444444444455555554554444454444564555544454444444444444468877777666666666666555544432221122211111011123445444444555545665555555666665666666554333343433434444444544444444444444333443444455354
44544444444444444444444455455554444454445555544454444444445444445557877776666666666667754543322221123322221111123444444444445544545656655566767666766665433334344434344444444444334444444433444444433444
44555444544444444554444444444444444455444554544444545544444554455424887776666666646788855554322211123333322111123444444444445755666555566678877766666666554333344333344444443444444444433434434444433443
44445544554444443444444444543444444344444544544444444555555555555215887766666665667654422233322211122333323211222344434444446666665555656678877776666665556654444444333444442234344443434444433344344444
44334444444443333444444344433454444344334444443455555444555556555427777656665555577421100012322211122233333212222344544554456786665566667778776667666665544567776545445433333434334443444434444444444444
33443444444444444444444444444454543344444455444443444455454445455577655566554455466211111001222221222222333322221344446755457886666666788888766677766655443357888776555433444544434444433333443434444444
33444444454444443554544444444444544445445565454444444455554545444676544455554455566322111001211221122222223333321244578755677876666666677788656667665565533335788777665554433434434434444343334343344443
33344444444444455454445444444444554445654464544444444345555444444666544334444555556544211001112211122222223333312234355566876666667766777777656666655655542222477767777765543432323434343333333443343443
34343344444445554445544444444444555455554455554444454466554344555555655433334555434344321112222211112222222233322112223587666666787766666656666665555555642223346666888877665454433344554344434333333444
34443333444444443444433434444444344334443454544444445556544455557655555443345543333334321222222211111222222223332222123466655655677666666556666555545445553223444555678899887666433455644444444334534544
33443444444433433444444444454434443434434444444544444454444456689975455444444433333223221122222211111222222223333333322234555556887666666666665555544445554322444454556788898877655556643354544445546644
43344333433444444333445433344444444444444444445443444455446766998988554433443333333222221121122211111222222222333333332223345556777666566766655555443444555322344444445567778888876665555455544545446543
43343444443444444434433333444434443444444334444444444444567679967987533333343322222222221122122211111122222222223333333222345555655556666655555555444444455422244444455455666778876665445555454555455434
43444343334444444444334433444333444443444444444444444444466699988897543333333222222233321122222111111112222222223333333321245666555567766555555545554554445532245555455555555456777666655456444344443333
44444444433444454344333444443444443433444444444554444444557999988897644322332221222333211122222111111112222222222333333332124677654566676655555555554444346742235555444455444334455555554445433343333444
44434444444434444444443343434443333444433333444444344444458999988787633332222211123332111122221211111112222222222233333333212345543556666555555555544544435642225555543344444322333455542344544443333345
54444444444444444444444443344433444434443444434544444444467999887667633433222111113321111112212111111112212222223233333333321123443455555555544444444444434542224544444444554422233344443223344444454444
44443444444444444444444434444444444443444444444445444445545666665434632333222211112211111111112211111111212222222333333333332123443444455544444555454444434653223433344444444433223323432222234444444443
33444544334444444444444444444444444433444445554345444446343554432110452232222331111111111111222211111111222222222233332333332123333344445555444555444444443553222423333333333443222332233322223343444445
33443444433444433454443444445434444443454544544445444454233433310000163232114651111111111111222211111111222222222223332223222212333234444444455444455544443443223443433333343443333343223333332233444445
33433334434444444444434544444443444444455544344444454443233333100000253233124442111111112222322211111111222222222223322222222211333234444544445554554444433343223443444433344444443444333223443222333444
44443444444443444444333433344444444333444544344334455443333332100001343333112342111113222323322111111111221222222223222222222211233323344444444555554433433333223443344433333344444444443322233332223434
44433434444343433433334333444443443334443444444333444443333322221123442232211341221123233223321122111111221222222222222222222221232332334444445544454333333323224444444334443444444444445332222334322224
44433344445443454443444333444343343344434444444433434444333232322333322232211332212222233222211111111111111122222222222222222221232232223344445544443332222322224444443444433444344434444343333333433333
33334444445445554344543333334333344444433344444443334444333332223332222222211220013212222111211122111111111112222222222222222222123222223333345554443332222222224444444444433454344544434444433323333344
33333344434445433334333333333333334554433333444443333334433322222111222222211121112111111111211121111111111112222222222222222222223222222223344444443332222222224434444444334454445444334434442332333344
33433444445444344334333443444433344444334434344444434444533332321112222222221111111111111111121111111111111112222222222222222222222222222222234443334322222222223443344444433444344444344433433342333334
34333344444433334333333433333334454333333334334434444444543333321122222223321111111001111111121211111111111112222222222222222222212322222222233334332222222222224434335543434445543444343343332333243344
44343333333333334333344433344434444334433334333433434444543323211122222223321111111001111111221211111111111112222222222222222222222322222222222333222222222222223334334334434433433434433443343233364334
44333233333332343333334344433444433334333444343343344333654333211111111112321121111001111111211211111111111111222222222222222222222232222222222223222222222222234444443443434433443334344444433333343333
33333333233322444334334344433333333333333334454435433334677554211111000001321111111011111111212211111111111111122222222222222222222223222222222222222222222222244444444444444444343333344444343334443344
33333333343333354333333334343343334433443344343333443333457764211100000001321111110011111112221111111111111111122222222222222222222222222222222222222222222232244334444444334333334433344444443444544544
33333334344333443333343343443444334544435434443334333343343343310000000001321111111111111112121211111111111111111222222222222222222222222222222222222222222233344444444444444444344434534565434454443443
33333344444434433333333434444443335333335333443334333333333334310000000012321211111111111122112111111111111111111222222222222222222222222212222222222222222332333454444443444434344434544454444654554444
33333344443444443433444543344443343333333333344333333334433443420000001102311211111111122221111111111111111111222222222222222222222222222212222222222222222332333354444443344444344344432444344654444554
33344334444445444443444544443554333333344444434454443445433443210000011102211211111222343211111111111111111111222222222222222222222222221112222222222222222332334444334543444444443344433434343443444433
33445434444444443443345444444544334444434444444454333333444442121001111012212211112333321111111111111111111111222222222222222222222222211121222122222222222333223333233334434433543333443334433333433433
45564444434334333333334434345444334455444533333433333323354454233222111012112211211112111122111111111111111111222222222222222222222222211211111111222222223333432333343334324543553343344434433334332543
45555454334334533344435433444434445444433444444443333333444334445432111112112222111111122344211111111111111111112222222222222222222222211111111111222222223332333344343343333323443334434433333333333343
34444443333443343343444444444544445545433444444443334434433333343221111122112111231222344444311111111111111111111222222222222222222222211111111112222222222232354333334434344333443333445433333332233333
44444343333332355334344443343455444457544434344443333334333322221111111221111233442334344444431111111111111111111122222222222222222222211111111112222222222222454333444423445443433443333333334334333334
33344454434343454444433443343444444445544444453343444343333442111111112211112444433344443444443111111111111111111122222222222222222222211111111112222222222223553344444334443344323443323333333233333333
33233343434444444433343444533344444344543454444444344444433544311111114432333333332334444434466211111111111111111122222222222222222212211111111222222232223223434433443255344333333333233333333333232434
33334444544443334434344334544454444445553445454454344555444444442111235544443323322223444434468521111111111111111112222222222222222212211111111222222222223323333443334344333334423223222233333223333434
33344434544444444434333334433454445455543444445664444444544444444223445544443333333344433344468741111111111111111112222222222222222212211111111222223322222323333344333433333333333223343333333232333323
44333344443444443334443444443444544454444555545764345444444445433334445454444345443345443453267764211111111111111112222222222222222212211111112222233222233323434443333233332333333333333333332332333234
33212334333444444444544444443333454455454545455664456444344344443234443344444343455544444333367876421111111111121122222222222222222212221111122223332222233334544444333233333334433334443333333433443334
32112334344444443444544543443344454445443454555465454333233444445444433334344433445454444334467876642111111121111112222222222222222222221112222233342222233334444334533333444333333333444333233323433232
22233344444445433444334433443444555555533445555566454334334543454455333233344445554443443334578786664211111121111111222222222222222222221222222333332222233333443245543333433443333433433333333333223342
33234433333443455444443333334455656545534344445545443354434433444344433343444244444432222234468887664211111111111111122222222222222222222222233333332222223334323334333443333445443443443333332333222333
44213333233334545544444444335443444433444444345434433444343243344543344343442233443433222332467877666421111111112221122222222222222222222223333333332222223334334434344344443445543454434323333333332333
44332333333333445544444555444343444443322444344346534432243333435443445433353444443343334321257877755653211111122211122222222222222222222333333333333222222235444434344444443333543344433333323342333433
45433333333443455444555445544344334433334444443356434333334223434443444332343543344344334433347777765564221222222221122222222222222222233333332223333222222245444434444433444333443344444444433333333433
43333333433445434444444445555433334334444454444545434333334323344344433333443444443443333333346677665444221112222221112222222222222212233334322222233222222243444443444443433443444434334444343334434433
43333333344345434444435443543544344345433444333445334344344334344445443434454445434444433224556677765444432112222222222222222222222211233344422222222222222344454333333443333433434434344343333333334334
44332332343444433434445324342333243444444333332335434344433443344344443444444444444444443334655668876543344211222222222222222222222211233345533222222222122344454333444334234433333333434333333343443334
44433323444444444433443424543323334443454343443434444444444443344344444433444344445444444334354567787655433221222222222222222222222211334454565333222222222344444334444334333334443344423322443334433333
44333433444333553433334433443333334443344343344344433343443343343334444444343344344434443334444567777666654332222222222222222222222112345555676566432222223444433333333443333343443443323433444333444433
33444444443333554434444434333233444543344444444555543433433333444334445544443334444334433334335467877778877763222333222222222222221112455445557665443222223444433333234555444443443443334543444443344333
33334443334443554343344433323333444444444434433444544444433443443345444443333344334444544444433457888889888776422333333222222222211113443455347654553322233344434443344445444444544334453344343444444344
45444443334333443433335533234554554554443333333344454334333343344444344444333334334444554445444456788899877656532233333322222222221113444445446666653322233344444444444454444344444434443344323454443444
34333434333343343444444444445445455544443334444334455443333434333444344433443344444434444333454444678898876544432233333332222222211223434344334777643332233344444433454355333344344444344443334443333333
33433433333333433333444434455555445455543333433333443343335544443344554343444454444435444444455444678887665443332233333333222222212223443444443454333332233344444444454343344344444333234544444444344443
32333334333444333332444444455444443343343222422233333343444444334454444443344444344444445444454443688766444333223333333333322222222222444333444454333332333244443334444343343333333333333444432344444343
33343335433444333333334434433444423444353222212334444333343434334345444543344343444433344334544543589888654333112233333333322322222223444333444446433322333234333433333444333343343333323334433433333333
33344456543333343233234333344444433444344222222334444433443344444544443443443344435543444334433432589999876433212223322222233332222222334444654445323322233234333333333344333334343334343334444444332323
45443234553333343344334334444444433444333333333433344435443344444554443444443454545555444433333333589999986432211222222222333333222222443553444335333332222344333443433453333433333333333334444343433333
33444544654333442353334344344544434434444434443344543343343344344444334444544454434456433443333433689999875332222222222223333333222222444443344445433332222343444444444444343333323333223334444343343333
43333344454444454453444445454544345443454433554444444334443334344544443354445344444443333444333433689999875333223333333333333333222222343434344345433222222333444444344433433333233232222333344443333333
43433344444443344354433445444444345445544444444444444345544434444444443454445444444443344345443443689999875333333444433433432333222222334444443344423222222444344333333343424332232122222343333444443343
43334444444443344455443454343455333444554344334455443344344444544434344554554445444444443344444453689999975333344443333433343233222222233233443344433222222344433343332333433322331112211221233344343333
43344455434434334553233443343434434444434443344446434343345655555444355554443444453444454444344454689999875433343332223334343232222222333433343344433322222334453343323322333332232244222311232344333433
