44444444444444444434444447745555555555555555559655555557545555555555555554555598555555555554555555656555556862555555555655555554555554445554444535753334453223434434221124222234333335788888775788877777
44444444444444444444444448744444444444444444448644555457435444444555554544555588545544555555555555555555446863555455555554554555555544555555556556643444554445555556443345454555444446777888654466754677
43433433333333333333333338843333333333333333338844444447634444444444444444444488544444444544444444545554446863445455555555555555544444455555545555543555555555555555555555655555555556656666655555655677
33343333344333333344334448744444333333333333437843333336633333334443333333333488544344444444444444444444446863444444444444455555554555444555555556653455555445555555555555555555555555555555555555555467
33333333333333334433344348744433444433333334437844433336733333333333333344434488543333334444334443334444446863444444444444444444444444433444444446753454544445455555545554555555555555555555555555554147
33333333333333334433433348733333334444433333436854433336733343433333333344444489544444434444444432235444446853444444444444444444444444433444444447653444444444444444444444444444444444444444554445555467
34444333333333334433333348743333433444433444446953344445744443444444444444444489544444444444444432257654446863444444444444444444444444444444444447653344444444444444444444444444444444444444444444444577
44444444443433444444333338743344333444334444445854444445644444343443344444444487444444444444444432487775446863444444444544444444444444444444444456653444444444444444444444444444444444444444443434444577
44444444444444444444444448644444444444334443335864444345634444444444334444444488544444444444444422686786446862444444444444444444444444444444444446653444444444444444444444444444444444444444433444444577
44444444444444444444444449644444444444444444345964344445743444444444434444443488544443444444444433775796446863444444444444444444444444444444444447653454444444444444444434444444444444434444444444444577
44444444444444444444444448534444444444444444445874444445753444444444444444444488543334444444444545765795446863444444444444444444434444444444444347653444444444444444334444444444444444444444444444444577
44444444444444444444444459644444444444444444443564444444753444444444444444444488544444444444344556854795446863444444444444444444444444444444444457653434444444444333344444444444444434444444444444444577
44444445444445444444444459744444444444444444444754444444754444444444444444444469544444444444444557845995346863344444444444444444444444444444444457632334444444433333444433444444444333333444344444443478
55555545554445444444444458645544444444444444444774444444763444444444554445444368545444444444444569757995346873444444444444444444444444444444444457643444444444444334444444444444444334343444444444444578
55545544445555544445444458644444444544444444444785454445753444444444454444444489544444444444554579747885346863444444444444444444444444444444444457653444444444444444443444444444444444444444444444444467
44444433443455444454444458644444444444554444444785445444753444444444444444443479544444444444554589647795344853444444444444444443444444443444444447753444444434433444444444444444444443343344444444444467
33344443443334333334444458534444333444444454444784444444753444444544444444343489544444445444444589547794344753444444444444444443444444443444444457653444444434443344444444444444444444444344444454444468
44444444444444433334444449644344434443344444444675544444763444444444444443334579544444444444444489745794346863454455544454444544444444444444344457753444444444443444444444444444444444444444434444444477
44444444444444444444444458644444444444444444444444444454553444445444444454336679544443343444444487645784346863344444445554454554444444444444444457753444443344444444444444444444444444444444344344444467
44444444444444444444434458644444444444444444444584334444653445444455445467436679544444444444444276535784356863344444444444444444444444444444344457653444443444334443444445444444444444444444444444444467
44444444443444333333323349644444444444444444333474433334663345555555556579537668545554544554454276555674446763454454444444444444444444444444444457753344444443344443344434444344333344444444444443334467
33344433343434334333333349633233334444455433333444333333663233445444345479547768645665666655565276655676556763444445555544444544444444444444444426753444444444444444444334444344333444344444443344334368
34444443443334444444443345432232227643333323356643333333662222344444344479546767545555555565555468744684456863455555555555555555556655555544444446653444444445444444444445444444444443344444434444443467
45455443444444444434444444443333436633333334465544433334553344444444444469646777645545545454455468643674547863444444555555555555555555555555555457753444454555544554444444455554454444444444444444444467
44344433443444433444444344334443344444444444454444554444555454544455545459746777753333444454554568654674544763544444444444444444444444444455666568753565555555555555555554544444444444444444444444554467
34334433333344444444444444444343344444544444444444444454444544544565545548867766665233443444444568764775544753444444444444444444344444444444454558653565555555554555665565555554444444444444444444444467
43223333333344444444444444554444444454544433444444344544444544554564544547987654566434344433434568654885446763344444444444545444545444444444444457753444434444444455555555555555555555454444444444444457
43334444434434444444443445544544554554444454544454444444444454443354444446987653334554344433434568767965446763344454455445444444554554444444444447753444444344344444444444444455555566655555555444444457
44444433443445445454444454544555655554555454555554454454444444433343345555987653222344444333444558889965546763344444444455444444444544555544444447753444444444433444434444333344444444544455554555554435
44444444445555544566544554455555555555545455556554556555554444445444455556897544322224444443455547999755556764233333444445444444444444454444445457653455444444444444554433344444333333434444444454554424
54554444545554555656565445555454554444454455555655555555555554454444444689998544455323445554656558999545555654243333344434444444444444344434434547753554454454444445555444455554444544433334344444444446
44444544455544556555554555555445544443555545555655545555554445455444554577999645667644566667756658997544444554343333334334434344334334344444434426753445445445444444454454445544455555554444444433334457
54434444455544565664545445455445445445556445565555555555555555555555654446899777766666666666755778996332345544433433234334434444433455445544444446753344445554454445544454444444445445544444444444344447
54455444355554455556445455555555455555555446555645555555445654445665555556999776666666666665555688875222334434543444344444444444433344434444444457753344444554444445545544444334444445433444454445455447
54445554454555455554555555555556556555444446567655555566555555554565455655897656666666655554555467663111224324544445444444445444444444434455454457764345434544454444554444454445444344445434344444444457
44455554444455555444544555455555545444433454556544455555556545544554454555776666566666555554445436542111223124445444444444444544434444445654466657742344344454444444444544444444445444445444344444444546
45565454444554455455544444445645555445545554455445555545455455444555556677667765566666655555444325432111112123345444554455444444444454466545566656643233343444445554344554444454445444444444544444555546
45554454444444444445554444545545554555555555545555444444455555555555666677777666656666666666654323322211111123345545645554554444444455664456666565563122233444434444344444443443543353343333434444556545
44444444444444454445555444545544444544455555543455444454555544454335666677776666566667654455554322222211101012234545555554455455544565555565665665545322223344433433333333343433553434544335444455545655
44433434444444443445445545544444445544445545544444455454656544454345777777766666666666654454444322222221111011223444454554544556555555555555655566555543334344333344333344434444444434434544444445545542
33444445444445444445555555545444445444445545555444544444544444444445887777766666666666675455433222112232221111123444444445554543565565555566666666666554333433334344444445444444443444433334344444543543
44444444443444444444444554555544444544455554454544444444554454445554378777666666665577887455432221112333332211123444444444555654545655666667777666666665433444444344444444444433444444444234444444444445
55554454444445445444434444544444444544456554444454455444445544555541278777666666665577654344432221112233332221122344444444445765676555566778877776666666543433443333444444444444444443343444344543344345
45554445444444435444444454434444443444445444444444455555555555555541387776666555556853221111232221112223333221222344444445445677665566666677876776666665555543444433344444323434444343344443334444444344
43444444444433334444444454345544443443344444444555544445555564555554676665665544546741111100122122122222233322221344445555446787665566777778776677776665444566554444444433333343344344444444444443444444
34334444444444444444433444445545433444444544444444544544444564555557765545555445655642211110122122112222223333321244458865557887666666778888766677766555443467775555554334454444444443334334444444444444
44444444444445345455444444444444444454545645544444455555544454445666654444454445555654431100011122111222222333321234567655787776666666677777656666665565533335776665554334344344343344443433333433444444
44444444444444545444444444444345544465445645444444444455555445455556666543333455553444442111122222011222222233321124433367676666677776667766556666555655542223676665544433234233343343433433344333444434
33334444454455544455444444344455554565545555444445444665433345565565555544333455433333432222222221111122222223332113323567665555677766666655666665555555543222345556655443323343333345433443333333334444
43333344445444434444333344444434543444445445444444455664444455665897544544444444333333322122222221111122222222333223323466555655677656666666666555545545553223333446777654444453234566444444443344344444
34334444444334334444434444443344433343344444444444444544444576679999855543344333333322222112112221111122222222333333332345555556788666556666665555544444554322444335677776655554345565334455454454465344
34443344344444443344443334444444444444444544454334444554344786798788864333334433322322222112211221111112222222223333333323455555666556666665655555444344455322344444456788766555566555544545444554565443
34434434334444444343343334444344444444543344444444444455445767998798865333333332222223332112222221111112222222222333333322245556655556766555555555544444445422244444544567777655545444555555555554654333
34544433345444444443333344433334334434444444434444444444445679999889865443233322122223332112222211111111222222222333333333113567654456776555555544454554445532245555554455677776555455545654434444443333
34444343344444533443334444444444434334444444345444444445454699998878875343222222112233211112222121211111222222222233333333321356654456667655555555554444336742235544445444456676555544554554334334334442
43444444443344443444333444344433334433333344444433444444445789998766774343322211111232111111222121111111222222222233333333322123443455556555545545545544434542224555434444333456665554544444444433334554
44444444444444444443444333444334444344333444445444444443455568776654474233322221111221111111111221111111221222222233333333332113343344455554544444444444434542223444344455322334555544433443444444444434
44344444444444444444444344444344444344444444444444444444453445544321136323222223111111111111112221111111122222222223333233333212343344445544444555444444433553223434454444421222344443343433444444444434
34445443344444444444444444444445444344444445443444444444642334432100005423321256211111111111122221111111122222222223333223333222333334445554455445455444443453222332334443421222334432223333444334444454
35444444344433334444344444453444444334445455444454444455522333331000004423321345311111111122232221111111121222222222332222322221233323444444445554455544443343223343333343322223323433222334334434444454
34333444344444344444344445444434444445555444455444443444432233320000024323321224321111222222232211211111122122222222322222222221233323344454444554555444433333224444433333322224422232222234334444334443
44334444434444444443344334434444433334454443443444554444333333221111234323321124212112322332232111211111122122222222222222222222123232234444344555554433433333224334444333332334442222222223333434454443
44344444443434334333343334444444333344444444433344444444443333223223333223321124221222223322232111211111111112222222222222222222123233223444444544444333323222223444443334433444443332223222223444443344
53334444344434444334443344443433434444344444344334344444443333222233322222222122101221222221121111211111111111222222222222222222213222222334444554443332222222224444434444334444444443222322232345443443
33444444454545533444333333443333443444334444444433344444333333222222122222222112111221111111122101111111111111222222222222222222212222222233344544443332222222223444444444334544454443333333333233334433
33334443343454333433333333333333444444333334444333333334334333222111122222222111111111111111112111111111111111222222222222222222222222222222334443444322222222223444444443344544554443343333223332334444
44334444444433443343334344444333444543333333444443344444445333332222222222232111111100011111112112111111111111222222222222222222221222222222233434333322222222223444444443334443444443443334223333323444
43334444444343343433334333333344544333333333443444444444445333332122222222232111111100111111112112111111112111222222222222222222222232222222223333332222222222223443455344344454334433433334223333333444
34333333333333343333443333434344443344333343344343444433346533331111222111233112111110111111122121111111111111122222222222222222222233222222222233222222222222223443443434344344344343334334332336633344
43333333323334333333343434334343433343334443334433433334447765431111110000123112111100111111122221111111111111112222222222222222222222222222222222222222222222224344433344344344433344444444333235533344
32333322333224443343334444333333333333333344444353343344435787632110000000023111111100111111121212111111111111112222222222222222222222222222222222222222222223234444444444444444433333444443433244433455
33333333333334444333333444433333343333333334433344333333333344432110000000133111111111111111221212111111111111112122222222222222222222222222222222222222222233233444444443343333344334444444333344444445
43333443433334443334433434434433454444344444433343333434332333442100000000133122111111111112221121111111111111111122222222222222222222222211222222222222222233244444444444444343443444345544345434334444
33333444443444334333333344345433453343453345433343333334333344333100000010132121111111111222211111111111111111112222222222222222222222222211222222222222222333245444444444444343444355345545455445434433
33333444334344434334445334444334433333343334433333333343233444331100001110131121111122223321111111111111111111122222222222222222222222222111222222222222222333334544444434444433434444234434456445445444
33433444444444444334355434345443333334444343454444433454334445422200011110121121111133343111111111111111111111122222222222222222222222221111222222222222222333344433345434444444434443234443444434444334
44443444444444334333454444455443344343434444445533333344433334533322211111121121122110111112211111111111111111112222222222222222222222221111221221222222223333343422333343344345333344333343333343334333
55544444343434343333344443444433344443454344344433332233533433344454311111221121211111111234421111111111111111112222222222222222222222221111111111222222223333233333433442354346433434444344333333245332
55555433343344333444353344444444454444334434444433333334443433333432111111211111122222232444442111111111111111111112222222222222222222221111111111222222222333234443433433333334333344344333333333334432
44444433334434334434444444444444454444334444444433344344344433222211111112211113343324433444444111111111111111111112222222222222222222221111111112222222222232343333344443333234433344454333333223333333
44434433333324543333444434444544445664443344444433333343333333321111111121111134433335344444445411111111111111111111222222222222222222221111111112222222222222433333443244544344334433343333333433333333
33434444343324543444334434334444454465444444433434433333334334432111111244233344333345334444447731111111111111111111222222222222222222221111111112222222222322434434443344333443234333343333333433333333
23334443444444444334434445333444433345345434445444444433345445444321113455433333233344433454447863111011111111111111222222222222222221221111111222222222222332344344432544433433234332343333323323333332
43334355444433343343433445444445444445444554544443445454444445454333344344432233122334444344447875211111111111111111222222222222222222221111111222222322222332344334334533433343233232223333332333333333
33444354444444444343433444345544445555434444456544444454444444443344554444433333333343333454436776421111111111111111222222222222222222221111112222223222222223333433334333333333322333433432422324333323
43433444444444433344334444334444445544445555366543454444444543333344455544433444434554334533446787652111111111111111222222222222222221221111112222333222223333443433333334333333333333323333423223332433
32223333344444344445444444433445445544554554556645554443444444423344434444433445544444433433447787664311111111221111222222222222222222222111122233333222223333434443332333333443343344333334333333333334
11123343444444334445455434433444544554444445555635453332344444543443333444444344455544443344447888666421111111111111222222222222222222222122222333343222233333443454333334443433333334443333333244332234
22333444444453344443344334434445555554344555555654443333345435444543332333444455544434433344447878766521111111111111122222222222222222222222223333333222223324333455333344334433334344333333323332234333
23443333334444444444343333444556565554343454455544434444444334433443333334433544444322323343447887766642111111111111122222222222222222222222333333333222222233233343334333334444434345433333223332223343
32233333333345564444444432454444454344444444554444334443333433445333433434423434433332223334436787765565321111112211122222222222222222222233333333333222222233343333443434344455434544333333223333223333
42223333333334464444445554444334444333234443443454344323433343444334444334433445433333343223334777776555422112222221112222222222222222223333332223333222222234453333344444333345434444333332334323334333
44333333334334554454554455334443344333343443333554343333342244344434443324445433433543444333443677766544322111222222212222222222222221223333322222333222222235443444443345433344333444444343232333334343
33333333334554444444444454544333343444444545445553333333342243443444333334434344434433333334333567876543333211222222222222222222222221123344422222223222222234444444444434334334444343344443333343344344
33333334443554443444444345345443333454344543344553433433443343443444343344544454344443332334533566887654334321122222222222222222222211123444432222222222212344443333334433334334343443444433333333343433
43323323434444344443553334333333434443433333234453433443344343443444444444444444444445433356554456778765433322122222222222222222222211133544554222222222222344543334433332344333333334333333334434433433
44333234444344344344443254433233344345543434433343444444354334433444444344433444544444443344544356778766665443222222222222222222222111144443576455432222222344443444442443343444434444232334434344323333
43333344443335433333344344443333344433433434433443334434433434433443444333434433454344333344445446887776777776322233332222222222222111355555576566543222223344333333334433333435334432243334433334443333
44444444433335444343444343333334445333544444444554344344333334433344455444433344443344333343354445788877888877642233333322222222221111554555467655553322223343334332345444444434334432445434444434443322
34344343434345443434454333333344444434444344444445444444334334333444444333333443443445443444344544678888987665543233333332222222221112444543458545663322233344344433445554444444443444444434334434343433
44444333343344433333454322345445444545433333233444543443334434444443444443333443344455544444344544577888877544443233333332222222221122444444447777753332233245445444444544433444443444433443234544334444
43333433334333444344444444554555555434333444443445444433343333334433454334333444434444433334445454577877655443333233333333322222222222443443345766433333233244434345544543334443444443443433344433333344
44344333333334333445444344555554455554433343333344443433354444333445443334444544444354444445544444689876644333212233333333322222222222344443434453223332233244444434543433444444433332455444344333444334
33333333334443433334454445655445434444422234222333334435444443344544444434434433444453444444544434789998754333212223333222322232222222344344444355323322233344343444443433433333333333344444233444443434
44333454334443333334343443343443234433522232223444343334344443443554445343434434443334443345454434799999976433211122332222223333222222342334444445423332223344333333334442333334333333233443234333333334
33444555333333333332343434344444334433431122223344444334333343444454444334333444454334443454334323799999975333211222222222223333222222344446444445433332223343333333333443333334433343433444444443323233
54423456433333433443343344444443344443332323344333443354333444445534434445334544465544444333333333799999875333222222222223222333322222235445443345433322222443333433334433334333333333333344444444333333
44443356543334324433343443444443344344333344433345333433433543444444344445444544354664334333333433799999875333323333333334432233322222245434444435523222222334344344434433333332333332333344443433333443
33334455444445435535444444545443444335444335544444443434433443444444333544554443444433334443344344799999885433333334433344443223222222244343434444523222222334444443444334332333323322223334444333333334
34333444444334444544334454444443454455444344444444443454443344444444434544443444444433443443434433799998876643334444344234344222222222234344434444533322222443444343333333343323322222323433334444434333
34344434444433444554335444444543344445444443344544433543444445344343445445444444444434433444444433799988888633444433334334434422222222233344334434433222222444343333323434333223211132112223334443434333
33444443344343455533434433434454334444444433444564334433455555454444555554444444434445544443444544799988877644433322333343433432222222233334333444433222223345434433343233332323212522223112323533334333
