44444434433444447844444444444444444344444444444445444444454444579999851255444444444433436964579975788973554444366443334575345555555556666665547855555554555545555544444444677435445544544444444444444444
44444333333344336844444444444444444444444343334444444444444444479999951245444444444444436964689974778963443444455444334475333455554445555666658855666566666666565555555555677434444555555544554445444444
44433322233344336753333333333333333334443443444455544454444445579999961244544455444454445654689975778962333357764343443575222344554444444455558955666565556655556666666655687445555555555555555555556555
44444443344343335753443333344444443444444444554555544454455555469999961244544444444455455453699975678953444556655544444565444444555455544445458855555554555545555555555555687344444555555555555555555555
44544444444444454555544555544455555554555554545554444444444455469999962244444554444444444453699975678943445555555555555566555555556555554444448954434345445455555554555454477345444444444444444444444444
44554444444455555555445555544444544544455555545554455545555555568999962244444445555555544552588864578843544444555555555445555555566555554544448954333444444544444445444444476444444444444445444444444444
54555544434454455455555545775554454455444555554445555455544445568999961244444455555555555552587655578843544444555444555455555565566554554545547853434444444344444445444444687434444444544445454445554444
45555554444554555545554557843455454444555554445445455444444445668999962343444555555554455552477655668734555555555545545454455554345444555544544555654444444343444444444454676434445445554554444445555544
55554555555555555545544555544454444554555554455444545445444455768999973343334555556555555552487566668744655566665555555455454444444345566555545446643444433344444444444443587434444444455554545444445545
45554454444444454444555555555444445555555555555555554555555456778999984433334555566655555553487665567865656666665566656565555555555555556665555555544544544444544444434433576423333344444554444444444454
55554455455555544444444455555555555555556555555555555655554456777899985433333566666666556654488764567845555666665556555665555555445555589844554556555555555544444444434434555423333334444344444444444444
55554445555545555655556566555656665555555555555545555655555556877789996433333466666565566655489753468535655666666555655665555555555565567634555555445555555554444554444433334334333333443444433443344443
55555555565544555555554665555555455555555555554445555665555556887889996533333356666655555555588654468546656666555556555555566655666665555555555554445555555565555555454443333334343333444444344444444555
55555555545555555555555555544455555455655655554555555676665556777899997533222245666656666546578764478556545666665565566655665555566556565555555554445554555554555434344444333443344443444444444444334544
55555555555555555555555545555455554445655555555555555556655555777999997532222224665556566446579876588654555657766665566666655665566555565555555555455555555545554334455545555554344544454444554444444444
55555555555554444445555544555455545555565555555555555545555556888999998543222213555565565445578765598654555556655555555656655655565555555565455455454455545445444455555545554444444445544544455444444444
55555555444444444455544445555554555555566554555656655445555556899999999643222212455655555456678766898555665556655655655555555555556655555565455555454555554444445544444555544444444455544554444444444544
55454455444445444555544544444555555545556655655555555555555555799999999643322111355666554446578888997555566555555545555555565555556655555555456555565554554454556545544556555555555565555545444544445544
54444454455555445554544444454545555555555655455555555555654444699999998644322210255555654446578899986655555554456555555566655555434565555554455555445544544345555455545555555555555555565445555554444444
55455445454565545544445445554444554555555444445655555544554445579999998544323322135655545555479999975555655655554555555666654555444455555555555444334444444445544355544555445554444445555454455665543434
44454455545555455544444455544544555555665445556555665444455445569999999655566543225566556565579999855455656555555555455555455455554455555555555555555555555555544455554565444454455444445555555556544544
44444445544444455544554444544444455545554455655555555544455445558999999778888776557766677675589999755556655555555555555555555555555555555555555556655556555554555545555545555444454444444555555556555555
44444455544554444455544444544544444544335555545545555444444455556899999877666666777777876576689998545556644455555556555555555556665554555555555555545555556554455455555555555555455444444444444445544455
55445555555444445554444444444545444443334544444544444334445444555699987666666677776666666568789987534444434455555555566666666566656665666655555555445445555555455555555554554445554444444444434444444455
44444444444444444444444454455455444544444544444444443343344444444579877666666666666666655657888876334333234434466555455655576555656666667675455556555555565555555665555545555544445544544445444444554465
55545544544334444445444445554444444544445534444443333443333343334588666666666666666655555655776775223321343333345555655554465555666666666665555566655555665555566554455545555555444444555444554445555555
55544444444443333445444455444454444444444333344333334443334444445787666666666666655555444453366554222112322223344555556655555555677765666554554555455655655555455555565455555555554445554444445555555555
44554444444544444444444454444454434444443434444344344444344444567777666666666665555555444453246543211122111222334444566665555555676656666555555555655555556665555555555565555556654455455555444445665455
45555444444444444444333444433455443354334444434444344453445667876678776656666666555555544443134432211111111122233444566664455566655555555556555555666555445555556555545655555555545554444554455545555555
54544444444444444444444444444454444444444444443333333444466788777777766665666666666666655444223332211111111112223334566555555555565665565655455556666565444455556555555555555555554434445444556555565565
54444444445444554444444444444445544444434454443343343445665667778887666666666667676666665444222222211111111111222344554334565556565665555554455554566555554455555655544577666655554444555435555544455565
44444444455444433444444444444444444445444444444444444445666777777776666666666677655444455533222222221111111111234444321345455555565555556655555555556655555456656644456666665665555555444446555544446555
54445444444444344444454444544445554444444555454444444445787788877766666666666666655555443433222222221111110011343321124555555555655555656555555555555555665556555555566665555456655555555555555544555555
54445444554445544544554544454455544554455554454444444455898888877766666666666676776555444322222212222221111012321111245555555455554555544445555654555556665555555566666665554434555555554544445545554555
44444555554444545544554454454444444444455455555555544445688887877666666666666777887555543222321112332222111111100012345555555555555544554445554444445556655566555556666666655433444555544444445555545555
44444544444444454544544444444443444444445545455445544444358878886666666666536788988544443222321122233332222111000123444445544544444445654455544455555556566555555566665555665544333455555444555555445545
55434444444444554434444344444443444444455444444445544432269888776666666665656777765444333322221122233333332211111134444444555544454455555545555456655566565555566666666666655554433444555455555555445555
54444455444555545544444444445444444444565466444445545421278887666776666555678644321112222322221212223333332221111245555544445555445444454444565556655665566665566677666666666655444444555555555555554455
44444444455544445444444444544445545544664454444455444442588777666766544445678521100001111222222212222333333322122355555554555555554445445556676667766555566667667787777766676666554444455546545555544455
33444444455434444344444444444544444444544334444444444446877656567655444454467411111100011221222112222323333322222455555544554554555555456667877666655666666666778887666666666666655444444444445555545444
22333444444444443434444454344433554544444345554544445558766555566555445565566533320000001221222112222222333332333455454444555555556655557878876665555666666666777887776666666666666544434445444455555545
23333444545444444334444444344444444444444434455554444566664444445554445555556544421100001112222112222222233333332345545555555556666776678878766665666667788777788776666666666666655543333456444454554444
44444444444433334334334443344334444445444445455444444566665544334433445565435434432111011222222012222222223333332235555555455566766898778877766666676667788888877776666676666666655554333454444444444443
54444444444333344344344444444333444454444445444455455566666655433322345654333334332211222222222111122222223333333224544444445688876777666666666666666666777888876666677777666666555443333344443444444443
54444454444445544455444444444444434454444444344455555665555554433333445543333333322212222222222112122222223333333223334444457877766666666666788778766777777877775566667776665665544443233344433344444544
44444444444555544444454544444433334444454444444456558986554444444444444433323322222111222222222111112232222233333333334543334666665566665666778778766666677767765566666666665655544443233334443334444444
32333444444554444444554444444455444444444444445666689998754554433444343333323222222111121222221111212222223233333333333444443455555556566667887666656666666656666666666665555665554333323334444444446444
33333444343344444555444444444455444444443443468767998898875543333334333332222222222211222112221111222222222223233333333334443334555555566668898666666666666566666666665555555555554322223333456445445454
33455554454444434554444544344445434445444445787679987898885432333323333222212222122221222222221111112222222223233333333333333322355655566666777666666556766677666655565555554555664322222333456445444433
34444555544444455454444454554444444544445555775699986898864432332332332211112112222211222222211211112222222222233333333333333331124566676666666556666666776666665555555444554445554322222333346545445544
44444455543334444444433444445444444443354444676999998888966433322233221111111122222111222222211211111222222222322333333333333333212456678665556556676666665556655555554444554445554332222233345544444544
44444444433334444334433334434344443454454345579999998779976433322223211111111122221111222222211211111222222222222223333333333333321235667765545666776666555555665555544444444445554332222222344445444555
44444444444445444544333334433333443444334444489999988777876433322222211111111122111112222222222211111222222222222223333333333333321123445654444566677665555555555555544443334444554432222222344444444433
54445444444444444444444322344222322334444434699999987766676333332221111111111111111111122221221211111222222222223333233333333333332113344554334556667765555555555545554444444444455443222222234444444444
44344434334444455444343221233322432222223345789999877665577333332222221111111111111111111111211111111222222222222323233333233333332112334444334555666665555555455555455544454443455443212222234444444443
44333344444455554445433222233333332122211255556777666543357423332222112211111111111111111112221111111222222222222333333333222333333212333444333445555655455555555555545554554434445543222222224333454444
43333344444345444454322223334442223224321464445655544321115632233211124421111111111111111222221111111222222222222223323332222233333211233333323344555555545544555555554544444433455543222222223333465355
33434433343444444444332232233433313322123643434444431111001652233211235631111111111111111222221111111211222222222222233322222232223211233333333334455554544554445444444555444433367643222222223333444444
34544434434444554543223232454324323321224632434443310000000462333311223532111111111112222322221111111111222222222222233222222222222221223333333333445555554455455555444444444333345533321222223333334333
34443344444444544554322122564223235533435522323333200000000463333321122432111111122222333322211111111111222222222222223222222222222221122223332223344444455454445554445444433333334433221222223333333344
44433433434333444443322232334222234355535433323333200000002453333321122421121111222233323322112211111111122222222222222222222222222222122223322222334443344555545544444444444433334433221222223334333444
43334333444433333334443433454433442244444433333332211000124542333221112322211121223333223321112211111111112222222222222222222222222222122222233222233444444445554444455444334433334433221222223444344433
34444433344444323344444444554555444334334344333232232212344432333221112322112222222332222321111211121111111122222222222222222222222222212222233222222333344445454455544544333443334333221222223444444443
22333544443344433444444444444455544344334443333232232223333223333321112210112211222222111321111311111111111122222222222222222222222222212222222222222233333445544445544444334333233333211122224444444443
34444455444444333455544444444355444444444543333332222333322222222222112221112211111111111221002211111111111122222222222222222222222222222233222222222233333344444455444333344332233323211222224443434434
44333434434555454445555555444545444444444444333332222221122222222222111112111211111111111121011111111111111112222222222222222222222222221233222222222222333344444444443333333222223333211222223443444443
44433334444444444444444455444555554444333346333332222111122222222332111111211111111111111121011111111111111122222222222222222222222222221233222222222222233344434344333322222222223332212222223444455434
54444444444543434444444454444545543443444446434332232221222222223332111111211100111111111121012111111111111122222222222222222222222222221233322222222222223333333333333222222222222332112222224444545444
54444444444443333434444444444555444444444545543333332211222222222333121111111100111111111121022111111111111112222222222222222222222222222233322222222222222233333333333322222222222322122222233444444444
44455444433323334434434444444555444444444445533333331111222222222233112111111100111111111221022111111111111112222222222222222222222222222223322222222222222222333333332322222222222321122222234443443444
44445443433333444444544444433445544444443345543333321111122222111233111221111001111111111221022112111111111112222222222222222222222222222223332222222222222222232233332222222222222221112222234443344443
44334564444444444455544333444443443334533334655444421111111110000133111111111101111111112211232111111111111111222222222222222222222222222223332222222222222222222222322222222222222221112222235444444544
44443455444434443444433434433345443434344445778655532111110000000133111111111111111111112211212111111111111111222222222222222222222222222222332222222222222222222222222222222222222222222222234344444565
44433444444444444543333444434444334334444444568987532111000000000133112111111111111111122212213111111111111111222222222222222222222222222222322222222222222222222222222222222222222222222222233444444555
44444444555544445543444344454454444344333444444665422111000000000133112211111111111112222212222111111111111111222222222222222222222222222222222222222222222222222222222222222222222222222222234433334543
44444445544443444444544444345555444334444444445544332100000000001133122211111111111222222211222111111111111111222222222222222222222222222222222222222222222222222222222222222222222222222222244433343343
44544445545444433445556555444454443344455555445554454100000000000232122211111111123343222111211111111111111112222222222222222222222222222222222222211222222222222222222222222222222222222222344445443444
23444444345444433343355444444444444444554555445543321010000111110231122211111233334444211111111111111111111112222222222222222222222222222222222222111222222222222222222222222222233222222222344434544545
44344444344454344444443444455434444444545444445544211110001111111221122111122343444432111111111111111111111112222222222222222222222222222222222221112222222222222222222222222222233322222222444554555455
44344434433333444334434444454443444555544444444553222311011111101221122112221100122111122111111111111111111111222222222222222222222222222222222111112222222222222222222222222222233333222222455554454455
54334344433333444445443334533334444455443444443564223342111111101221122222211111111112344211111111111111111111122222222222222222222222222222222111111222222222222222222222222222223333322222554344454444
54334334444433444345444444433333333344454544433445554465421111111211122221122122122345445421111111111111111111122122222222222222222222222222222111111212222222222222222222222222223333322223454444444444
43344434433444554334344344333443333334444433443333445544321111112211121212454234343355445652111111111111111111112222222222222222222222222222222111111111111222222222222222222322223333322223444444444444
33433443333444444344333334444443444445445433443333333332211111122211112444443334333344444664111111111111111211111122222222222222222222222222222111111111111222222222222222222421222333322223445443444444
33334443344454434454433443344344444444444444443321222221111111221111125654443334344444444564111111111111111111111122222222222222222222222212222111111111111122222222222222223421222333322223455444444444
44434444443464444444443433343344444444554444444442211111111111221112345765434433554444454464111111111111111111111112222222222222222222222212222111111111111122222222222222233431222333322223344444443344
44444446644543443433443332344344334444554443333344421111111123453333455555545444554544555563111111111111111111111112222222222222222222222212222111111111111122222222222222344652222333322222344554544434
34333444445334333543343444444443464344444444444455442111111235554443444455544454565444555553121111111111111111111122222222222222222222222211222111111111111122222222222223445642222333322222345555447643
54344554434444344544443444444443554344443454444555544421123444543445554554544455665444554443122122111111111111111112222222222222222222222211222111111111111222222222222333344642222222322222345455446544
54455554445444454443444455444433544455444555554444435544344444443344555445445455654444543452212232111111211111111122222222222222222222222211222111111111122222222222223333345543222222222222344344444443
44554444444555554444543554444434544454434455555455454455444455444444555555555455545444444453212432211111121111111122222222222222222222222212222111111111222222222222333323335444222222222222333444344344
54444443334444444443444544444445544434444443453444454444445554455455555655544345433444455544214664421111111111111112222222222222222222222212222211111111222222222233333222334444322222222222333333234333
44454433445454344333444444444455554443444433454444533445444454555554455555543444444443345557214776432111111211111112222222222222222222222112222211122222222222222333332222333443422222222223333333333344
35555444443444344443444454444455544455554334455455545545544554444554444444444445444444444456313777522211112211111112222222222222222222222111222211222222222223333333322222232443342222222223333233333334
65444434543334445553344544453345444465444344445455454555555544444454432343444444445345554557522356652211111111111111222222222222222222222112222222222222222333333333222222223333444222222223333223333333
44443344454445445444444444344444433444555445445455454555544454554544544444345444544445554556742235675221111111111111222222222222222222222212222222222222333333333332222222223234553322222222333223334344
33334444455555334443455433454445544445565445455444444544344554454445555454444454445554555446874344568532211122111111222222222222222222222222222222222233333333344222222222222223453342222222333223454443
44444455445444344434566434344334344445654444444454444444454444443345554554444443344555555456777776657753222222221111222222222222222222222222223333333333333334445322222222222223444443222222333222433444
54454454443444344344444224443344444444564433334544443444434454333444445555544544443445555554777776655664222222222211222222222222222222222222233333333333333444444522222222222222334443222223333312433344
44454433444434454445444433444444334444564444444555444543445555444433355555544535544345444433677766554566322222222222222222222222222222222222233333333333333444444442222222222222233433221222333322444334
54454444444444543454445544444444444444544444455665444544445544444433445534434444544334343323567766554456642222222222222222222222222222221222233333333334444335544343222222222222223332222223333323545444
54444344444465433444445544434444444444444333454553555544555533444334345335553444444454443344556776655445652222222222222222222222222222221222333333333334444434444445422222222222222333222223333324443333
45544343444454333444544443444444344444454444533454555544443444435433444444343344445445444344446777655444443222333222222222222222222222211112333333333433544444445423542222222222222333222223333333333434
44444444543445432444544554434444444345434434444555556556444445444444344454444444545444444444454677765444443222333333332222222222222222111112333333444434444433344322464222222222222343222222333333433334
44444455544444433455654555434444434444444444455555544555544444444554454344455566655544445444555567765566556543333333333332222222222221111113334433334444544433333443366422222222222343222222233233444234
54333455454433334445644444434455544454554444444444544555544555444443454435555555555543434445444357767777778986434443333333322222222211111113344443334444443334433355447742322222222333222222232234344443
43433445444343344445554444444445434455544444543345554544454554344444544445533445665434444444434445788889999987766775333333332222222111111123333334444442344544434455435973332222222334322222222234445543
33344444443444454444455534443345434456654554454445544544554544444445544444544454554334333434545444799999999987666798643333332222222111111223333334323443333332234345544885332222212344322222222234344532
44455444333345544434444444444444445555655544444444455444545545544445533444544454433444432346554435899999988776556798744443333333222221112223344334433444324332233434544887532222222344422222222234334433
54455445544455433344444445445445445554545544444444554443455444455455544444434544334443433344434336989999887665433688644443333333222221222223345334423333233332233444444588643222222233332222222343334333
44444445654345434454444434434544444434454444444444444544444444466456645544435643333343334543434349999999865444433466543443333333222222222224345334434322323422444554434378654322222234432222222333333333
33444445554454445444433334334555454444444544344444444444345555554355345444544443344433334544444369999999755434333355433333333333322222222234345444444433333333444445444468896322222244432222223333233333
