22332223224952222222234333333333542233323633322233322323222333249743232222222111111111113332774234222332224853323333323353323122235763322233322222237621122122234788888888888888888888787547886433332367
22222122225952322232334433232325743233225633233444333343344433239744323223422222121111243442585333333321223665322333334232322123345863222234222233347631112322223567788888888888888888787647875333333344
33333333336854445555545444444446844445456744555555544555554554459755443334544444443444555555685355445432443444333333344232543344443774222234222332333431123322223434678888888878888888777647643443433333
44444444446844444444444444444446845555545634544555555555554455569745554555554555555555555545784355555555655555454555455444554444543764333344322333433321123322124323345788888877788878777645543444423222
33333333336953333333333333343335854444445734444444444444444444459744444555554454455555555445774355545555555443334555554455555555555663344454444555555532334344444444434788888754477855677643554435422222
33333333336943333333333333333334963333334743333344444443333444359744444444444444444444444444564344444444555542244454444445555544555553455555555555555555555555555555556666666655555654677644565445433333
33333333336944343434333333333334953333334753333333333333333333359744333333444334444444444444344444444444444431266555555444455545545664355544544555555555555555555555555555555555555555577534555566555555
33433333336843333334433333333334964333334753333333333333333334359744333333444434433343333354213444444444444432477644444433444444445764354444445445555545554555555555555555555455555554247544555555555555
33433333336843333333333433333344874333334753333343343443344444459744444444444444443444444475113344444444444422666754444443344444445764344444444444444444444444444444444444545555445555457644555555555555
34433333336943333333333333444444874333344653443333444444444444459644444444444444444444444486112444444444444433766854444444444444446764344444444444444444434444444444444444444444444444577644444444444555
44444333336843344333334333444444674444334653434334343334444444459644444444444444444444444487212444444444444445755964444444444444445664344444444444444444444444444444444444444443444444477644444444444444
44444444447844434444334443443333774334433653444444444433444433359744444344444444444444444588413544444444444456746964444444444444446654344444444444444444444444444444444444444433444444577643444444443444
44444444447744444444444444444444784333333663444443444433444444359744443344343444444444444589623544434444444457758963444444444444436764344444444444444444434444444444444434444444444444577653444444444444
44444444447734444444444444444444475444444563344444444444444444459744334444444444444444444489723654444444444469757863444444444444436754344444444444444433444444444444444444444444444444477653444444444444
44444444447844444444444444444444555444444464444444444444444444459744444444444434444344444489833654444444444479757773444444444444446763343444444444433344434444444444433444444444444444467753444444444444
44444444447744444444444444444444575444444574444444444444444444438744444444444444444444444599834544444444444378766763444444444444446642334444344443333344433444444444333333444444444443477754444444444444
44444444447744444444444444444444585444444574444444444444444444448744444444444444444444444489824544443344444368855773444444444444446743344444444444434444444444444444333343444444444443478653444444444444
44444444447744444444444444444444586444444663444444444444444444459744444444444454444444444589824544444444444258645773444444444444446753344444444444444443444444444444444444434444444444477653444444444444
43444444447734444334444444444444585444444573444444444444444444459744444444444444444444444589824555444444444337555674444443444444446764343444434433444444444444444444433343344444444444467753444444444443
33333333447734443333343344444444585444444573344444444444444444459744444444444444444444444589834565544444445437665666444444444443446764344444433443344444444444444444443444344444454444468753444444444444
44444444448744344444433333443444455444444474344444444444444444459744444444444444454443444579854555555444455536764574444444444434446764344444444444344444444444444444444434444434444444468753443444444444
44444444447744444444444444444444464334444463334444444444444444449744334343444444444443333679964445544444555446853474444444444444446764344443334444444444444444444444444444444334344444467643444444444444
44443333338744444444444444444443376333334574345544455555545554437744444444444444444444444678975434444444444445865475544444444444447754344444444334443444445444444444444444444444444444467643443444444444
33333223338733333344444344443332344333333474334445555456555555547745555555555454544444444689975432344444444345876586544444444444446764344444443344443344434444344333344444444444443334467653444343444344
34343333336632222224644444433334444333333474222344444334444555558745565566666565655555555689985432223455554345775696544444444444434764344444444344444444334444344333444344444444343334368654434344343343
34444444344433333325843222223356653333333464222333444344444444458745555555456445555555655689985431111455553345777896655555544444445764444454445544444443444444444444443344444433444343467654333343443344
34333444344333443444543344444455454444443454444444445444433444448744444444445445544544444799995431111255543445689985545545555555546764444444555544554444444445444455444444444444444444467754333343334334
33444434344334343334443443444443444544445555454444455544544444448843223344344444454444454699985333221144434444589964444444455566557764465555555555555555554444444444444444444444444554467764444444444444
44444444344444443344454543433344444444444344544544465544544444448743323443334434433345343489995466654346557655589964444444444444457754365545555554555656555555554444444444444444444444467764454544444444
44444443444444444444454434444444444334444444444554455444444434446643434334433333433344344479997776666666667656689844444444444444446764344434444444455555555555555554554444444444444444457764444444455555
44444443344444554554554445444444455444444344444443344334444444444445544333433333333343444459987666666666655556888634554444444444446764344434434344444444444444455555566655555554444444457753344444444444
44455444454454555554554555445555554455555454444444444345455444444345433334433344443333343447875666555555554455566424544555554444446763344444444333444433444333344444445554455544555544446764344444444444
44556555444455454444444444445555555555555555444444444444556655544555444444444344433333334467676665555555555445355324544444444445547763345444444444444554333344444333333333344444454554424764344444444444
55555554455545455544443454445555555445555554444445444454579623544455444444444444333433456776777655556666666654234324544334444434546763464445455454445555454445554444533433334344444444446765345544444444
66554555455445445534444555545555555555555554445545444555456434445444444555554554444444555667776655566665545554323223444334444434424753344544555455544445454445544445555554444444433344457765345555454444
55555445445544445445445555445555444555445545555545565555444444444444444544444554555444677777666555666665544444322223545444544444446753344455654456655544355444544445445545444444444334347765344444454555
45555455455555556555555554435556655555455545554544565545554544544444444444444544554235787777766655655678755533221123444434445444456864345555445566555555554444334444445433444454445454447765344344344444
55444544555445545545544433445556555445555556545554455445554555545454444444445445443344358777656555555677644443221112444434454454446764355545455565555455444454445444344444434344444454457765444344444433
54444544544445545555443533444455544445544446545543554445444554444445444455444444444441168776566555557632111223211212344434444444446655654555555565555544444434444444444445444344443444546765444455454434
44445544444444544554445544554445545444544445455444456544554564445444444554444444445432377655565544447411110012221222344433344434456446455555455666666554454444444445545444444544444554546765444444444445
44445554444545544544454445555544455444444445555454445544454544445444454444443454555444666544555445546522111012122232344443434444678545555565556776666665444444444443353343333434444556545775434444444445
44345445444444444444444445544443455444444555544445333455545444444444234434444344454445555554343345554544210011121223333344434555556566655556667876666566554343432453434544335434555545655665434544444344
43445445545544444445444345545554444445444555544444343344444444444443334433344444344445654554433355533334311112221122343344445654456766555565667776666555555443444444434434544344445545543665445434544344
43444455554444444444543344545444444544444444444444444455454444544455545454444544445558986454444444333333321222221122344454567654477855556667767776666655654444444433444433334344444544532565444444445444
44444333544554434444544445544444444444444444444445554544455544555555545554545544565698798643333333332222211222221112234444587556677665666667777666667665654444433444444444333444444444445775434434444444
45444444444444444434444445544444444455444444544555554444455544454455444444455456767997898643333333222222211211221112223555455667766655665666777655666665554334443444443333344344443344335776534433444444
34443444444334444433443444444444454444455555555555555555556555444455444444454456669999889754322322222223321222221112223344457876555567776666766655556555554323444444443344444334434434345776534333444444
34343433444344544433443444444434455543445544564445555555566664444455454554555455799998777743322222111233211222211111222334435665555567765555655556655555455322333344344444444444443444445776434333444433
44444444444444544333444444554444434444554444454445556565665544444555555545554445678887655753432221111232111222211111122233333345555578755666555665555444445322344444444334334444443444445776434344444443
45444444444444444444454444644444444444455545454444566655665444444444444544554554446655432363332222111221111222211111122233333223455557655556666655554444345422244333344333433333333444434776423334444334
44444444444344345544456444645444444433455544444445655545555455455445554545455562334432110044222224311111111111211111122223333312345655545666655555554433344432233333333433333344334434434676422334444334
44455444344344444444455544555444444444665443344455544444445555445454565454444552223331000044232145411111111112221111122223333321245564445665555555444333334432234333344433433333333334444676532233433333
33444334444433343433343334445444444444554344455444564555555544444455555565554432323221001243232123421111111222221111112222333332123454346665545554444344433542233234455444344443344344444665323233332333
33334444444434344434344343444444434444543444454455545554445444445544455555555433332222223332232113422112222223221111122222332333212343235666544445444444433553224345565433455444454465444554333333232222
33344343333444344444444444444444334444454343444444555544556445444444455545545443332222223222222113321112233223211111122222332233212333234555444444444444333563224556555544544444554555344533333334434323
44343333344433344334444443344434444444445444444444544545545344445444455445444454333222221222222212211222233222111111122222232222222333323454434444444444432343224445444554545555554654334433443433343333
33443334334343334433334444444344444444444444444444444454433334445544455555455455333222111222222211111212212112111111111222222222221233322344443344444433333343224445455444655434444443333223454443344333
33443333434334433334333443344345444444444444444444444444444444443444344445454456433232222222223211111111111111111111111222222222222233322233434434444443333343224444544554553334334343442233454445555333
43433334333343333334443333333445433344443444434434334434544444444344434445554555433332112222223211111101111111111111111122222222222122222223333444444443333333223454444544444434333334554444454446443333
43343444333444333443344434444445444444343444444434444444544444554444444454454545543331112221123211111001111111011111111122222222222222222222333344445443333233224454444433443444444444434444545345442233
34444443344444444444434444444444454444444433444444344344443444444344444444454445676542111100013211211001111111121111111222222222222222222222222344444433332222224444333343433444444444434444544343332222
34434344444343344443334434455443443444444434444444444344444444544334444444444443466532100000002211111101111111121111111122222222222222222222222344334332222222123444333333333444344444454544444333333223
34444344445453443444344445444444454444445444444444444444445545544433434444444443454310000000013211111011111111221111111122222222222222222222222333333322222222123444443344434334434444454544444433343234
44443354444434434343434554433444444543444334444444444444444545555444444444444444454320000001013112111011111112111111111112222222222222222222222233333322222222124434443454444334444334443543344444543334
33333343334444444333334444443433344554333444444444334344444444444444444334444454455310000111112112111111111211121111111112222222222222232222222222333322222222124444444444454333434453443433333444444554
44333343334433334333343334444433334344344444444443333344444434444335544444444444434432221111111121111111112211111111111112222222222222232222222222222222222222124444444443334534444443344433333454444444
43444333334443333433344343444344334344444456443444544544454434443344444444433333333344432111121121112211111111111111111112222222222222222222222222222222222221124444444443333444455443444443333343333434
33444333333333334444344334433444333343334324344444545545444444444455544443444443332222211111121121122321111111111111111112222222222222222222222222222222222222124454443344444433333334433553444334444344
33333333333333333344543333343343333333344334333333444445344344444444444444544343443111101112221122210111111111111111111122222222222222222222222222222222222222124554443344444334334334443553444454344454
33343334433433334434443343333444444343344433334443444445444434444444333344544443433311111111211112211111111111111111111122222222222222222111222222222222222222124434443444444334333334443334434465443434
33333333333333344543333332343333344443443334443333443354444434444443444433444444444421111111011133322442211111111111111112222222222222221111111222222222222222135334433424333233333334444343333344433434
33333433333433344433334333343334333443333334543333445444344334544443344444544444445442111243122344333333321111111111111111222222222222221111111122222222222222134344343345434332337534344434433333336533
33333333443333443333333334433433333433334434333433333334334333433433543443443333334444324454455455533434441111111111111111222222222222221111111111222222222222234433333444444333335433344444444444334433
33333334443333333233333333344433353333333333333333344332323333333344444433444544333444334433344455434434554111111111111111122222222222221111111111122222222222234433334444434333444333455434444433334434
33333333334433433334334334333333334333333332333333333433332333333444444333434344443333333333344444544444554211111111111111122222222222211111111111112222222222233343334444444334454444455434344333344444
33333434344334433454443453344433343333433322333333343333333333333433433343333333333433444334444455433434455431111111111111122222222222211111111111122222222222233443444345543445434344444434444333244444
33334333344444333443333443334432343333333333333343343333333333333444433334333323323443444443444455344445466421111111111111122222222222211111111112222222222222233443354345544455445434433343433243465334
44334445334444433333333333333443333333343333433433333332333334344433344434443443435444334333433444444444476322111111111111222222222222211111111122222232222222233434444234434456444456444323232233455433
44333354334345433433333444343345534333354333433334433222333333332342334444433443445433333344434445443333477432111111111111222222222222211111112222222342222222234434443333443444334444333323323333443543
33333443343445433344343343344344533333333433343355543232333353343234344434433344433433334333333334333432477632211111111111222222222222211111122222223332222222235333334433343433343344333334444334453343
33332343333444443345543444333343333332233533343333443233333443334443433333343443444433344343333223333433366653321111111111222222222222211111222223333433222222236433334443343333333244323464443445433243
33434453344443343444443334434444433333334443443323433333334444444333333334434444334444333443333334443333466664321112211111222222222222211122222233333433222222234333344344333333333333322375344433433443
33334444444444444454543333444444433343344334443333434444333444444433334434444433433333334433343344443334466665222111111111222222222222222222233333333343222222234333333454333333223322333365344423542343
32333444434434543444564443433444433333342333343433443344433344434433445444444444433333334443454434434433566556422111111111222222222222222223333334333443212222234334333333333333433333333354343323543433
34344334334333333444454444444433434433333334434433334445444444344333454334444444333334345443432444334444467655642222221111222222222222233333333334434443222222233234333333333323333333333432333233333323
43333334444333444433345335434444443444443345444444545554454433332223344433344444444444334344333444344444466665663222222211222222222222333333334344344433521122233233332333333334323233423333233233223223
43333433444344444444455334454445443444454444444444334454444433233222233443344443343343334445443344443444466665565222222222222222222222333333333334334334421112233232232223332322333343423333232133232332
43333333444335434445555334444456544444454444443343344454544433333334444333444433333333434444334433334344456665667422222222222222222222333333233333433333222112233322333433332423223332223332232223223323
33444334444334444345544455555366533454443444443333344444434433444433444334423443344333334332333333444334345666666522333322222222222222333322243344433332322222233333333333333323233323423333233333323343
44444444443433335444544444554555545554433443444432333433444433434544344433333433444433333433433434444334444676655532333333345222222222432222245444443332322222333343344333334333333333334223432333333344
34444444334333444444554334445545635443322344434443443232433444344444444443344443333333443333434444544334444566554333544445787422222212752223234443354333322222322333334433332333243323234323333233332233
33433343334334445555554344454455654433333345434444543332333444445544434423244443333333333433333443343333333456444457657899997432222112775222334333455343322222323334344333333333332234232233223223333343
44444333333444556554454343444454544334444333333333433333434432444443322223343444344443333433333333333333323345434799547899877432222113887422223233343334322222323334344333333222332223343233223223433333
54444344433444334443344344333553344234433433433444333433333423334433332223224432344543333433333434433433324544435877658899977533222114998732233443333443422222223434443332233333333223333233223223333333
53444445544434334433333233443443554343223433343344434444324433444333433343212333434543334433343344444454344544556767767689765433222114998962223453333344432222223334444333332224233334333223433233333233
44454543454334433343333343444334543333232332244344434433323444433433543444233343444433433444554344444444444554555555675457644333222214999973223443344443332222223333443434343232333344343333333332332343
43444434454543333333434444544444543333332342333443443333334434344434433333333433344333434444443333443344445433567633554334665443322224899986222444344444443222224443333344433333443343343333233333322343
33443444344344433433443334443334443433333443343443444343343444443344443332345433433334434554333344443435444343578874333433899887422224888898522443333334433222224343433433333333333333433333223233333333
43344542334233323434344433333233453433443344333443444334444444434434444433345554433445544644444444544434344444578985533333599998422224789999622443334443332221123333344333333334434333433332222243333333
43344342354333233344344433334433343334444344333433444443343433433454444443334544344444444433444444544443454444578995533233499998533234699999622443443433433211124334343232234433344323332333322233334433
33333343344342333344333433434433443334434433433333343434333433443344344333343445444444454454454444554444443344577995333334599997544334687877533433333334433211124334332243334433334433333333333333334433
43343443333323334444233444444444554344334333334433334455443333344433344333343354444443544434344444454454433344577896433334599997654334478877742334332345544211124343433445434434434433322343333343333333
33334453332233344444444443333343444443443334334333444434333233433343445443444344544433434434445544443333333334477886443334589997654234469888852344433445454311124433445434434334434343323332333333333333
33333443323345444444444333332233444533333333333334433344443323443344444444444344544334335444444444443343334444468887543334489988653233358899753445444444544311113443444434433234444334433322222223333333
33434444444454444444434333444443445444433343343334433444334333444433344434334444444345444454444433443343333444457897543334489987643234437888743434335534543411113444433443333344333333343332211111432223
33344443344555544444454333343233334343333354343333445433334444543334353444445544444544433453333333444444343444457898543334489987643334336888633443334443324511113433323454444343433443344433322221111211
33234453345544444434334322233222333334335344433344544434333434433443443444434444434433344444334334443444344443456798543334389987543334446778743343343443433621112333333344443233444443334333343433332333
33333343343343443234434422221123433333333333443333444444333433334443333433345444334433445334434444444434335533445687533323389987543334545767643333333334443521112233333233443333333333334444333344533444
23322333334344443344433421221223343443334333343344444334334333344364334443444333323334544334433453344343335434446676544324489986433333324766643333333334443511112233333334444434443332333433333443333334
23433443344444443344443332323343333343444333444445434434435334544455544444333333333333455444445643333333334543456576433325489976422333335666643334434334433511111233333333444434443333333333445433332323
35333434433444433443344333334333344333423423433444443344445444444344563334333333334443454444345533333443334443455576522335499875332333335666543444444434433411111232322333344433333323343333345433333212
35344344444444433443335443335433444433334323433444444333544554433444433334443333334434334434335433334433344444446677643333488775433342335655533444433443344421111223322233333443333333334333333223222111
