75212222222222577643232223323333213222475322234323222346533323324788888888888888888888888877657888755556665666886443343333332222333353223688888888888888888888888888888888888888888888888777777777777543
75222222222211478843222232322212123222474222335432223245733222223678888888888888888888888887537888645566567777787533332344423222323454334688888888888888888888888888888888888888888888888778887777787556
75221122222224778864322333212221123221475222333332222233421122232357788888888888888888888888646888764443467788787533332353333312333443345788888888888888888888888888888888888888888888888778888777777766
74221222222213676443222332233221222222475322333322222223321112221136888888888888888888888878646888743333467765455433333343223312222322246888888888888888865767888888888888888888888888888777887777777766
74223222222222574322333322234232211132575322223322232223752112212224578888888888888888888887646886433332367753222333333333322222222222226888888888888888654444688888888887888888888888888777788887777767
75323222321121464422233333323222211233585322224322223234762111222222356778888888888888888877646875433333344544432333332223322222232222246786678888888887543333367888888887777568888888888777788887887777
75344333431232244423233333322143223343476422224422223233343112332222333457878888878888888867645643443433322334544443322232222222222223334654578888888886443343446877888888776568888888888778888888887777
75255545544455445544444445433455444353276422334322233332322111332212333234578888877688877877744543444422222244676443334422222222222232222334568888888886443334435856888887777458888888887657778888888777
75244444455554444444444554445555555555565333445444455544543222434445444443578888864467774577753464435422222254654323423321133222232322333333468888888887533333456755888887776468888887885445556787568756
75244444444444444444444444444544544455545345555455455555555555555555555555666666655565555578754565556444444554444444544433354333354333334433578888888776433334566544887887776468888887764333334466357534
75344444444444444444444444444444444444565334444554455555545555555555555555555555555555555557644555556555556665555555655555555555556555555555566666666675444443555554665677776367767776644344333444334333
75333333433333344444344444443344444444576334444444454455554454445555555555555555555555555327644555555555555555555555554555555555557555555555555555555565555555555555555556776455555555555555555555555555
75233333333334433333333433443334444343575334444444444444444444444444444444444444555445555547654544555555555555555555555555555555555555555555555555554555555555555555445556776555555444455444444555555555
75233444444444444444444444444444444344575434434444444344444443444444444444444444444444444468743444444444545555555555555555555554444555555544444445554445555555555555545555776445554544444444444444455444
75344444444444444444444444444444444444566434444444444333344444444444444444444444443344444467753444444444444444444444545444555544544455555555555555554555554555555555555545776435555555444444444444444444
75234344444344444444444444444444444444565334444444444444444444444444444444444444444444444467753444444444444444444444444444444445444444444444555555554444444444544545555555776534554444444454444444444444
75233333333333343443333444444443443443576434444444444444444443444444444444444444444444444467753444444444444444444444444444444444444444444444444444445444444444444444444544676434444444444444444444444444
75234333333433343333333343334333434433575434444444444344433333444444444444444444444444444467763444444444444444444444444444444444444444444444444444444444444444444444444541376444444444444444444444444444
75234344434433334333433343334333334444576434344444444443333344344444444433344444444444444467764444444444444444444444444444444444444444444444444444444444444444444444444443475434444444444444444444444444
75234344333443334444333444344443334444564333344433443333334433344444444433333334434444444358764444444444444444444444444444444444444444444444444444444444444444444444444445676444444444444444444444444444
76333333333443344443434444443344433344664334444434444333344444444444444433344344444444444468764444444444444444444444444444444444444444444444444444444444444444444444444445676554444443434444444444444444
76334333333433333433333344433334444444575434334444443333444334444444444443444444444444444457764444444444444444444444444344443444443444444343344444444444444444444444444445776544444444444434444444444443
75234433444333333444333333444334444444576434444443343334444443444444444444334334444444444457764444444444444443434444444444434444444444434333434444333344333444444444444445766544444444444334444444444444
75334444443333434334333333443334444334676434334343344334444444444444444444444434444444444458764444444444444444444444444444444434444444444444444444444444444444444444444435655543344444344444344344434444
75334444444434444444334444444444333434576434444444444434444444444444444434444444443444444457764444444444444444444444444444444444444444444444444444444444444444444444444434765544333333344443343344343344
76334444444444444444444444433334443434676434344333434444444444444444444444444444434444444457753444444444444444444344444434444444443444444444444444444444444444444444444435776544344333433333333333333334
75333344344444444434444343433333443344676434444333333334333444444434444444444444444444344457754344444444444444444444444434444444443333334444434434444444433334433334433335886544334334433333333333333334
76334444444433344434443343443444434444676434444444433433333443344433433334434444444443333448764344344343334343444434444444444444444443444444444444444444433333433334433335877544333334333333343333333333
66334444444444444444444444444344444443376434444444434443444443444433433344434444443344434447865334433344344344333334434444444444444333344434444444444444444444444454444445776333333333333333344443333333
76334444454555445455444455554554444443476434444444444444444344544444444444434444444444444447765343343344344334444444444334444444444444444444444444455555555556656655555545666544443333333333444444344443
76334444455555554444444555554555555444576434444444444445444444444445545544444444444444454447765344444444444444444444444443434444443444444455555656666667666666666666666666666554444444443434443344344444
75233334444444444344444444444444555655676435555555555555555555444444444444444445444544454457775355444444444444444444444444444444444444455566667777766666666666666656566666666664454444444444443343344444
65344334344433444444333334444444444555676435554544555545555556555555444444444444444444443347875455455555555555555555544444444444444456777777777766666667666666656666566666666666654444444444444343343334
65333333343434344444344443444433444334676434443334444444555555555555555555555544454444423337875344444445555555455555555555555544457788777766677766666676666666666655666666666655665544444444433443333333
65223434445443443344445445444334444433576434443433333444444444444444555556666555555555425645765345444555554444444444444554555555467766777777666666666666666666666555666666666666555654444444443333334434
65323334434444443434434445444554444444576434444344433334443334333334334444444445345555434564676445555555444444444443344443467874466777777777666666666656666666665555666666666666555665433333333334334433
75323333333444444444443434444544333444676434544444444444445533334444433333333334336654455465476444455444333333455544454566898873477787777666666666655555665666654565667666666666655676644443333333343334
64312223233333343333444443433433333344576435544444444444555545444564444454444333335775345457365444444433333444666667677898888873578887777676666665666666666666645666676666666666666777764443443444443333
43313233223332333333433333333444343343376434454444544444444544544454444554555544543678645546446443234444666766777788788887777773587887777776666666666666666666555666777766666676666777775444444544444433
23223233222333443333333343444444333443476433443455445544444444444443444444454444474567865524534432345567887887887877777777777863787777777777666666666666666666556666788766666666677777776455455554444444
22333233322333333333333233443344444344576433443445444444444454445433334434443344357456665444433421457888777777777776677766677854877777777777766666666666666666566667888876666666777777777555444555555554
33333334433333334444334333333334444444576533443334444444445444344544444434343543435655332455342421367777666666666666666666677745777777777777766666666666666666666667778877766666777777677545554455445545
44443333443344444444333334433344434344576323333334544344444444433344444554543444444566421354442211256666665666665666666666677746777777777777766666666666666666777667677777777666777776677644444444444444
43333333334433443343443334433333433333565322333334444455443444434444445444443433344445644467642111245566555566566666666666677747777777777777777776666666667767766676677777777777777775577644444444444444
44334433445434444334443334443333343333565321222334333344433444334333345334344333443446767768531111256566555566666666666666677757777777677777777776667667777667666666567777777777777765258654544444444444
55444554464454444444443344334343344343565422222233433333332223333343335443443444444445777768432111256666656665566566666666677757877777777787777777777676676777656666667777666777777664148655444444445444
45444343445544444444554433334443344433454432322333332233433333444344443344433444434444567646443212466666666566566666666667777767877777777777777666676776666776556766676666666777776554258645444444444444
34443333344334444444455434434454433343332333333333332333444444444444333444444433334444566654553235656666655555555666666777777777887777777777777666677776666665556776666666667777765442278535554444344443
33343444433334445444445544444444444444443333233334344433334443444443334444443334444445676654442255445556544554455666666777777777776677777777776677767766766555456776667766666777654331486435454445444444
44443343333333444433334443444434545444553334333333234433333433443344344444333444434445666665443244423344444544556566667767777767666666677776766667667766655555456776667766666776554322876444445444444555
43344444343434333333333444444334445434543443444433334434333344442233344434444444443446755666555444431233345445555566677767767767667666777666666666666666554554456766667776666666543347865444333333344444
44333444334433334334334444454454554545545554444333443434444433333434333444433434444446655566666555431223333444555566677677666776566666777776666666666665555554456766667777766667777776654433333433333333
44443333443443444444444444454445543444554455444444544444444433344434433344433343433346545555554445532223333444455556666666667765567776666776667656655555555553457876667777766665555443454334333333333333
55444443334444344444444454444444444444444445444445343333444443333433434334334343334457555445434435532224555555555556666666667754577777666666666666655545555444557976667777664333234444444444334443333333
44444443344444444334444554443444443434444444344433344433444433332332333433343343333456443345324443432213455444555555566666666753577777766666666665555545555455567876667776432222353354334444434444334344
44444443444444444444435555444444544434444443334333344333334323233334432334554444344346445544224433443222354444444445456766666654677777765666666565555555555666677676667654211333432542234333433343334334
54444344433333333445544455555444444444445444344444344444444344443445433445644444545446445111144444432232244333323334446766666655777777766676566555555556678777777587666543123455333322234344333333333243
44445443324344333544444345555544454543455444444344444444444444444445544555644454544446443133444445432232233332223434334566566656777667766775556666665676888777776577666433246765322222233454333433333343
44544443344333334544443335554443333333444344444344444444444444434445555654455454545556444475433455432223433333443434433345555556777766666886567776777777777766664347666422467654212222243333334445443344
44444434444443445444443445454432122344433344444444444444445544444554544444444465454556434544433365232224433433444443444433433446666665556787777777777766687766543237666334778653122222233333333344354344
54444444444444444444444444444433344444334444444444444455444555544554445445555455443345444443433463131124433333444333343334332235555544455577777876767545677655432227776345788641122222333433333443444445
43444344444443434444444434545444344444444444443444455454444444444444444445455444433434555433422562132134333433444333434343333224555544444346566886434335666532222226776456887631112222344433334544444344
44444344454444444444555444444544344433344444433334555545543344444443344444454344444445555333222651131233223444333333333333333335656555444213445664322223564332244435865567877511112233444333444444433333
44444445444454444454445444544543444434444444333444444544443444444443445444444334344445554333234530242333322333333333333323333435766665554223333443334333444334444334774588777521112233344444344444433343
43444344334444444455444444444565545445555554434455443433334444434444444433333343344448875333334320332333323333333433334343334445766675554334344444445443344334444434574788787531112334343334334444334434
44334333334444544544555543444565554445444444345444444332323333333344344443433443444446888643445410432343223444444333343333334435766775554333344433444333344434343333465788887632122357443443344433333433
34334434333433434444445434334455553444334344333334444343433333343443334344344444443445556655432211533454344434444444444344444325766766544333444434443333434333333332456898788733223398543333343444333333
34433443333333333333444444434443444323344433344334444443444333344444443444445445533365555554532311534444454444454444544444455435776766544445445433344333344334333333336898788822222586543434333444333324
34333433344443335434444444443334444344443344444444444343344443333344444444444444444377886443324312544444444454445444445444445535876765434444343333334344333334333332336887788851322785444434334443334334
33333343344344444333343333333333234454444444444444444443444433443444344444444333434468776665322112544333433454434345434434444335776775323333344333334344433333333233325998888852323863433333334433334434
32332333334333344343343333433344344443344444333344334444443344443344344444434344444346553685211123334444445444444445445444454356766675223233343333333333333333333332334999888853323854433333333433334334
33433333343333333332333444443334443343334445443444443444444444444455345544434444443344223564111244335544444444444344444443443346776664134233223333333233333333333333333798898744323854333433333333334333
33334434344433433333233344333344344444334454444433444443444443333444444444334434433443112242011333345543343444443344344453443347866553233223222223333333343333333333333599988634322653454454333322333333
34434444444445544343333335444433443434333444344434443344334443433444443344343343433333321011012334333343543443343233234343432248877642233212222333333333333334333333333389988636632554664333333333433333
33543444434444434334434434444333444343333444444334444434334543333434543443433443333233463223333334334334543433333233333333322358888742333432323443343332333333343443334469988557632445765333333333433333
33344342334433434346434443333333444444333333434334443334434333333433433333433444433333454334443443444434433433334334333333333367788864333434444443433344444334443333334349967566532335874333333334344433
34323332334444434335534444433443444433334434444344433333343343443444444333344444333334443344543344433334434443353334432333333457777774233333333333333354444344433344334448965666642235874333333333333333
44434543333333434335433344443343444444344334333343333344444444334434333333344444443345544444544434433334434443464344432234343357666444233333334333433343433334333334334458965776532235764333333433332333
44444543343343333333344343444433344434433444434343344434444433333333334434433454444453433443433444322334433433353233322223432346654344333333345333334333333433333343333335965776532226774333333323322332
33334443343443333443334344333322334434444443433333443444434444344443334434543455445644544443333333223234433322232144412124232344544555433333344233333334333454433333333335878876432224874334343433333332
33434443333344444443343344333434334433443444333433443345444444343433334334443443345644445543332323232233342321232225312124332453334655653232333233422344333344432323223223778886423223774334333333433332
43334544333443444434433344343333434433344333334343333345443444244444334344433334344433444423233432232343321221343435222435563443334566776432322333322233224343232333221222688876433222463223333223333332
43334433343433333344433344343333433333333333334333333434332444343433443343433335333433334433334444244443221322343335223433354433343455668863332221121222223233221232221221488876333222363222222223333443
42343434333333323443223344345433334443333333334333212334223334433533453333343433433333324433236533343442222334333234312333244554353346577875322231121213212222111132111211387775321222352111111122333333
33333433333223333353232344333333334333443333323233332233334333323433453333434433333333333333236543442243234336434333222642233332333335567653422331222113323331221231111210588776321222331111111111222213
22222333333222333354332333333333233223443333333223333234434334333322343333435432333332333233335633443345233445333433324532233223542345457644332231222113434322431231112212588775221222342110121111121223
33332233333333334333233333233333233324333333333333335433333433435433343343334333334334433333334434333334332334333333323432232432232346545543354231133223457323331342132324687765352222452320221221111124
22333334332333333344223332233333334344433322233333345333334432444444433343333333333232333333343223323332322344333332322322344333332345655444443252132343445334322443332342687765452222542331211321111112
33433333333333433333334333333333443334333222344333454343344324444334332333233433332333323333333333322333232333653332332333333332332343555564333253353433545543553543343333777775422223642232211211011121
34333333343333333333333434343233443333333333333344343443443245334333332333223233323222334333333233212333332343443333223333544322433342465456432255433345445644444534435545678764333223643122111111111122
33334433343433333433343333343333443344333333333334333333333343323333332223333333233231333332333323333332333333333333334434545433553332333334444446333334433444333444435645678764233235652111152433101124
33333433343333334433333333333333433333333433434433333334332332333333333223333333332222333244333333333333334643323333233333323333334432433333454343334435633343333454344435678764432246651111253631111222
43333333333443334334333333333233333333334433334333333434323323332333333333443343333333343333332333322333233333323433223332222232323542323344433333543334534333334434455435677753432247651211122422122222
23333333433342223333244344433343443333234323434433443344333223334334433323344433333323433223332333322333333333333332322231231133336632233344323434544553324421334444335445567642432236542220254323112333
23333334333333322344334444433333443333333334433443444433443333344344333333433333333333223433323321221343333234343333323332343233236533233334323333422343434323435533333345566652423655431232334322225444
33333344333344433433334444444433433333433343343433343224543333333344343342443333332323221333332322322333332334333234233333354332234442323333224323332334443332434433434556655422313445353312535542356332
33334334333333333333333343343344333333333433344334332333333333333434543344433333333333332333332233323324323344223233344333433344333332233333223323432334344333335533465455654413342544454333335553343222
23333323322322233333333233333344333333232333344334333433334334343333453344344333433242333433332343333334334333322325343333553233433332233324533433432234464333334433476345543324434553344343333353343222
23232332333222234333433333433344433443343334343445444433333443444333443334434434432233333444443333333333234222233355333443443233433323333333533455363333454433433344554343433334433444333333333332235422
32233433334433344444433343354443343432454334443444544433444433443343343434334444333334334333334332333333343322333356443343333333333344434344334323464334445334333433434333323433333333333433333333334423
23333444334334445433333343354443333344433334433444344443333344332343344433334333332333444344333322324333333344343344333223333233333444345433344333343333445334224443334322224456534443345334334443233334
45433433333444443333333333343344334444333334444444444433333343332443333333333333333343443333323332323333343344333333431223322233333434233323443333333332334423323423334222222245345444446333337523333565
43223234333434443333332223333344335433344334544343444433344333423433433333432323443333443333332333233333443344333433443333332323224433333333334433333332333334423222233334312244345343334332324323433564
33233334333453434433333333333334443334444344443333444433333324333334343343322433344333344433233433334333433343433423333334332122224422333333333332333233333233323333323434322333333232323432332334345465
33344334343334434334433443443444433344433444454333333333322344433344343333324553444444444343334333444334333333333533433433323332334322333443234333232232233232234544323334534335433433332433333346455454
33444344444344433433432444444544554454334434444344433333323455444444445434444344343345433344344343344444343434433333333333323433323323333433333322243133222233233333243233344224332553432343333345434343
34334345534443333444444344445444443443333344433333343344334444444433455433444344332344333344444443344444344443333343333233333332233334333333333433356443322223323222333232132353332563332432233233244443
33434443433433333444433344343334433433333333443333354444344444443343444444334443333443333333334333333333343333333333333333333333343333333333234333333333322223223223333232233343333346333333323333333333
43444334333322333344333344433333433334433333333334444343345434333344434333234544443444444443444333443343334333333333443332232344343333333343333323433233223333332322333222334332323233223223433433332233
33343333333332334344334433333334323344334343334433444434344423234333333333333444432334443333344433334464344433233333443343232344332343344433333333432232333233322232321323334433122332223232433333323223
33333334333432333333434334333344334333344344443444443333333434333334333333433334433433333333444334435433433433333333443344333343433443464433333343433333333233222333332333333343244333332233334433322211
33323333334433444333433334333333333443343335533333333333333334423333444333334343444444433333333334453333233332333234443244434343233233554333443343433332232233234433334443333334544432231222234333322223
