44444444434444444444444333444444444443444444445557869999852245555454444454444544578995478888435555555555555555555555555557965555555555555555554565555555464444555555555555554558965445444455555555555444
44444444444444444444444434444444444444444444445557869999952244455454445554445554578985378888435555555555555555555555544557965555555555555555554587444445675444555555555555555547965545455455555554555545
44444445444444444444444444444444444444444444455447869999952244455554444445555444589984477898434555555555455445544444333447954555555554455554444466443344585345556666666666666556965555555555555555555555
44444444444444333333444444444444444444433333344446769999951244444444445444444444489975567898334544555554445455444444444447943333335655555544444555444444585333455555445555666668965666666666666666555555
44444444334443333433344444444555544444443334444445769999951254334444444444444554389986557798334555555555455455555555555445643333336864444333457764444444585333444555444455555558965666666566666666666666
43344445444444444444334444445899734444454444444445678999951243334554444444555554389876347887335566666654555555555554555555554444545754444444566665554444565444555555555544445558964655555555555555555555
44455555656655555555444444555677634555555555455555678999952343434555555555655554278765336887335555555554454455554445555555544454445555555555555555565555566555555556555544445448964434445455555555555555
44555555665566555555555555555555555555555544455555778999962334433455555555555554267764346787335555544544444444555555555555555555445565555444555555555555555555555566655554555448964333445445544444445545
55555555555555555555555555555555555555555444455556788999974443443455555555555554257764456786345555433554444455555556655555555555555566555544455555555555555555665566555555555556864444444444444444444544
55544555555555555555665555555555555555555555555556778999985433333355555555555555258656556786445555455555554455555555554555655665665565555555556555555555555555554455545555544555555555434454444444444444
55555555655555555555555555555555555555555555555556877999986433333345555555555555358766556778655555555554455556555566555555565666666666666556566666555555555454444444445566555555555654444444444444444444
55555555555555555555556555555555555555555555555556887899996533433345555555555565458876445688345555555555566666655667666665566666666656666566666665666666665555555555555666565555555544444444444444444444
55455455545555544455555555555555555555555555555556887899997543333334555556555555548886424685255556666555556665666666676666666666655555555556666666666666666655555555555688855555566555555555444444444444
55444444555555555545555556655555555555555665555666888999997543232223556666665555658875434785355555555655556665577766666566666666655555566656666676555666665555555555565578734555555555555555555444444444
45555555555555555545555555555566555565666666555666888999997543222222355656655655667876444785466556555555556665567776656656656655555656666666666566666666666566655666665555545555555555565555565555555444
55445554445555555555555555555566655566665555655566899999998543222121245666655644667887644886565566656655556666566666656666666666666666666556666665666666556666555677666555555555554444555555555556544444
55555555444445555545555555555555555665555555666556899999998643221111135666665544667888765885555666556666556566666666666666666667767666655556667766666666666655665566556665555555555555555555555555433344
55555555555555555545555555555555566555555555555556899999999643322211125676665545667887545986556666666666555566666655665666656666666655544555667655556666667656665565555565555555556555555555555554445556
44445555555555555544455555555555566555555555555555899999999643332111114666654445667887658986546666667666665566566656655555556666666555655555566655566655556656655555555555665555555544455554444445555555
54444554555555555544444544555555555555555555555555799999998643322211003566644445667887779965435666666556556555556556666555656666665566656666556666555555566666555566655555566556555555555555554555554444
54555555555555555555555555555555555555555555555555689999998643223321111466644555666888899975334556555555556655665556666655656665555555556666654566555555566665555555665555555555555555555554455566555554
55555555544445555555555444555555655555555555666555579999999644444533321365544555656899999854333555555555555556655556655656655555556655556655555555555555666655555444455555555555544434444554445555445555
55554555555555555544434444555555555555556655565555569999999766777655321376545656646899999653333455555555655555655555667666655655556655556666665555555555555555555555455555555555544444544445545544445544
55554455554444444444444555555444555555555544455555568999999888888777544676557767647899997532222455555555566556665555555665666655555655566666555555555555555555555555566565555555566655555555555554555555
45554444444445444444555555545555554555555555555455556899999887676666777777788767657999996532332355556554566656656655555555555555555665566655555555556555555555566656655555555555556665666555555555554555
45555554444444444444444445555555556555555555555555555799987666666666777667788657757999985432322355556553466665555655555566555555554555556655555555556665556655666665555566555555555545555556555545555555
55555554444555444444444445445544444444555555455555455688877666666777777666677656878999974322221344445543356655555555555555445655544554455555555666655556666666666666666666766555555555455555555555555555
55555444555555545555555444455444555555555554444544456887766776666666777666665555898898864221221234334542355566665555555555556656544555555555555556655555555576556666666667775555566555565566555555665555
44445555555444444455544455454445556555554455544444578865667776666666666666555565698778753211221233334541244565666666555555555655555555556666555545556665655555566667666776555555565666665665555556655455
44444544445445544454455444444434555555554455554556887766766666666666666655455555467766642211111223234531234455666655565555555556555566556755555555555566666655556777766666555555555555665665555555555555
44444455555544444454455554344444455555545445566888777777666666666666655555444455324654532111111222223431233455666566555555555566665677656766655555555666654455556765556666666566555665665556666555555555
44444444444554554455544444455555555555545567888887678877666666666666555555444445323654422211111112113321222445555566545555555555555555555566555555556776554555566665555666667666555676555545666556655545
44444444444444554455554455554445555544445676777778888776666666666666566555544344312544322221111111112211122444455666555555554455554554445556555555555665455565555676666666666666567777666555555556545454
45444544444444444455555555555555555555555666777888887766666666666766666666654333312333222222111111111111112334555665565555555555555555555555665555555654555555556656666666765555577776666666566655555555
55444554444554444455455455555545555555555677878888777666766666667777767777665443322223222222111111111111111233556655455455555555555555555555555555555565554555555666666676654556666666566666656666556655
44444454433454444445444455554445555555546888888887766666666677677766555566655333322222222222122111111111111223555555555455554445445545555455545555555555555555556666666655556666666555554566655555555555
45444444444444455555544444444444445455557988888877766666666777667765555554455433322222222332222212211111111123444555445555555555554445555555556555555555555555557665665555666666666666554455566555566555
55444455445554554444555555544555555545556888888877767766666776677766555554443332222222122233232222221111111113444555545555545554445544444455555555555555555555666665665555666666666666655444455555555555
55444544444555554554555555555554555544443588888876676766777766777777655554443223322222122233333333321221111113335555555554555444555554444444555554555555555555655665665555566665555566665544334555555555
45545545544444445544455445554444565445422698888766777666766656778888755554332222322111222233333333322221111123334555555555555555555555555555555555554555666665656666655666666655555666666544333455555554
44555444333345444444444455444444454444423888887766766666666536788899745554332222321111222223333333332322211123334455555555555555555555555555555555555545666556666666555666666655556666666654433344555555
44444444333444443445554444343333334444435988777667766666666667877766434444332222321111112222333333333332211233333355555555554555555555555566555555566555655567666666666666777666666677666665443333455555
44554444444444444445544434434432223444458887766676666655556788654332111222232222222112212222222333333333222333222355555556555555555556656555555555677666776666656667777677877666666677777776543333346665
44544455554444444444444444433444323334588766666776655444556787421110000111123222222222211222222333333333323333221355555555545555555555666555555666777777766666566666677888876677776677777777764333334667
44444455444444444454444445444444444444787655556665544445544786211011110001123222222222222222222332333333333333211345554445555555544445555554566678877766655666666666667788887666677767777777665433433356
43345544545544444444555555555444555445765555555555543456655675221221100001122212222212122222222222333333333333212345554555555545544566666655578689876666555666666766677888877777777766777766666543433235
43445554445555455554444555554444555556654554445554443556556665433310000000122112222212122222223222333333333333212244454445555554555776666556788788766666566666778887777888776677777766777776665543433223
32345545444454455444444444444444556777666544334543443556655555544421110000111122222101122222233222223333333333212232344455555656666675578778898777766666677666788888888877777777777777777766655433333222
22233334444444445444444444555555556666666544334322344566643444344332111000112222222102112222223222222333333333222212245655455444556685589877777767765666676666777888888777677788888887777665555433333222
22221223344443444444444444456655676655556544333322344555433332344332211112222222222111211222222222232332333334333221245443333333467886777766766666766677666766777788888766677778887777777665544433333443
11112133444444444455443333456667997655555544333434445544333333333322222233222222222111211222222222232232233333333222223233334446677777766666666667877788766777778788888666777776777776777665543332333455
33334355544444444453333455667899999765455444334444444433332332222222212222222222221111221222222222232232233333333333333333344457766666666665566667888788666666777876777666777776666666666666543332233444
55544444445456555444343567889999999986565444333444333333332332122222111222222222221121222222222222222233233333333333333344333345656656666665666677777667666666777766676777777766666556666666533322223345
55544445555544554444444588999987887776453333333333333333222222122222111122122222221111111222222222222233233333333344433344333334455555666566667788876666667777776666777776666666555555556666533322223345
45544545544444444444445799999867998754554333333223333232222222222222221122211222221221111122222222222332233333333344433343333223345555555566666788876666666667777777777666666665555555556666643322223334
34443444444344444444458999999878999866654333322322332222222222222222221122222222222221111112222222222333223223333333433333333211234445655566665677766666666667777667776666666655555555555666654332222333
44334434443333345455689999999988999976543333222322222211111211122222211222222222212211111112222222222222233223333333333333333321123455665666665567655566666777776666666666666555554455555666654332222233
33443444444444435556667799999999999875433333222232211111111111222222111222222222212111111112222222222222223223333333333333333332112335666787666556655667777776666666666666665555554455555566665432222233
43443344444444444474455698888887667774333332222222211111112111222221111222222222212211111112222222222222233223333333333333333332111234566788655555566778877766666666666666555555555555555556776432212223
44444344344444455652344685776554334675333333222222211111111111122111112222222212212211111111222222222222223233333333333333333333211233456667655444567778887766666666666666555555555555555556776532222223
44444444444444446731343554654221112466433333222211211111111111111111121122222222111211111111222222222222223333323333333333333333221123345556654335566777787766666666666665555556555555544556887542222223
54455443454444446411233544542101100036533333222211211111111111111111111122222122111111111111222222222222223333333333333333333333321112334445553335666667776666655666556566555555555555544446887543222222
44554444454444456311232434421000000005742233311221122111111111111111111111111232211111111111222222222222222333333333333333333333332111233344443334666666666555555555666555555555555555554445665543222222
44444454334444454221222324310000000003742233321121122111111111111111111111122223211111111111222222222222222323332333333333333333332111233334443334555555556655555555555555555555555554544445665443222222
44433454434454444221222323210000000003742233321111124211111111111111111111222223211211111111122122122222222322233333333233333333332211233333333334455555555555555555555555555555545554444445776443222222
44333455444444444322223323200000000004632333321112234311111111111111111112222222211211111111121222122222222322232333333233233333332211233333333333445555555555555555555655555555544455554445776433222222
44444555444554444323323223110000000025532333321112223321111111111111222223322222111111111111222122122222222222222333322223323333222211233333333333344445555555555555555655555555555455554445775433222222
33444555444455544334333233211100000245423333321111222232111111111222222233322211121111111111222221222222222222222333222223323333222221133333333333333444445454555555555555555555555455554335665433222222
44554554444444455443332233233221013444323333321111222221121111222222233223322111232111111111122222112222222222222233222222222232222221123333333333333334344444455666555555555665544445554334665433222222
33345444554455445433333333333333334432223333322111222111121121222223332223322111221111111111112112112222222222222222222222222222222221122333333333233333334444445556665555665566554454454334555433222222
44455544454454344443333333223344443222223333322111222222111121222333322223221111221111111111112111111222222222222222222222322222222221123333333333333332333444444556555556665555554555444434555433222222
44444564464444344553433333223333322222223322222111222112112221232233222123221111221111111111112111111222222222222222222222222222222221123322233333332333333344444556555556655555544455444433444333222222
43456676565555554554443333222211112222222222222111221001123221222222221112211101211111111111112111111212222222222222222222222222222222122222223333322233333333445555555555655544444454334333333332222222
44666766555556544554443332221111122222222222222211222100123211111111111112211112111111111111111111111122222222222222222222222222222222112222222223222233333333444555545555555544334433334433333332222223
43455654445544545554333333321122222222222222222211212101112211111111111111211111111111111111111111111222222222222222222222222222222222112222222233322223322333334455544555544444333332233432233332222223
44544444444334555654333333321111222222222222333211111211111111111111111111111111111111111111111111111222222222222222222222222222222222212223222233332222322233333444444444444333332232233322222332222223
44443444445544555665443333321111212222222122333211111111211110011111111111112122111111111111111111111222222222222222222222222222222222212223222223222222222222333334444444444433332222333322222322222224
45544454555556544677765444211112111122222222233211111112111100011111111111112122111111111111112211112222222222222222222222222222222222221223323333222222222222333333333444443333322222333222222222222234
44545555565445445678987764222222111111111112233212111111111100011111111111122221111111111111112211112222222222222222222222222222222222221233333223222222222222233333333333444332222222333222222222222234
55556544444445444566789874322212111100000001233211111111111100011111111111122221111111111111112111111222222222222222222222222222222222221223333333222232222222223333333333334332222222222222222222222245
44455543443456554445666653322333100000000001133211112111111100111111111111133222111111111111112111112222222222222222222222222222222222221223333333222233222222222333323333233332222222222222223222222255
55444444444455443344544333334553110000000000133311111111111111111111111111232222111111111111122111122122222222222222222222222222222222222222333333222222222222222222222222222222222222222222222222222355
45445443333344333444444334455554100000000000133311111111111111111111111112321121111111111111122111112212222222222222222222222222222222222222233333222222222222222222222222222222222222222222222222222465
54434433344444445444433434455532100000000001133311221111111111111111111122211121111111111111122211122212222222222222222222222222222222222122223333222222222222222222222222222222222222222222232222222544
44444433444565545544445554544443211110000001233311221111111111111111111232222221111111111111112221222122222222222222222222222222222222222222223333222222222222222222222222222222222222222222332222223434
44443333455444455533334555445554111111000111233212221111111111111111113331122211111111111111111122222122222222222222222222222222222222222222223332222222222222222222222222222222222222222222322222224545
33344333444354555434445554444331012101111111343212222111111111111112334211111111111111111111111111112212222222222222222222222222222222222222222222222222222222222222222222222222222222222223322222225544
33344444445554444443544454431111123101111101233112221111111112221234431111122111111111111111111111221222222222222222222222222222222222222222222222222222222222222222222222222222222222222223322222234444
44445555434444344334434565311111222111111101232112221111112222333443211111343211111111111111111111222222222222222222222222222222222222222222222222222222222222222222222222222222222222222223222222234445
44444444445543354443444456422222245211101012232112221111122211123321111123544311111111111111111111122222222222222222222222222222222222222222222222222222222222222222222222222222222222222223222222234544
44445544444555554454454444443456654211111112232112221122222110111111112355554531111111111111111111122222222222222222222222222222222222222222222222212222222222222222222222222222222222222222222222234554
44444444444444455566554444445655432111111112231122221222221111111112234545554542111111111111111111112222222222222222222222222222222222222222222222212222222222222222222222222222222222222223222222234455
55545544444444445555554333344443321111111112321122222222122212221323555445655554211111111111111111112222122222222222222222222222222222222222222222212222222222222222222222222222222222222223222222244455
45545544545554335544444433344332111111111222221122222222344323344533554455566566521111111111111111111222111222222222222222222222222222222222222222222222222222222222222222222222222222222223222222244444
44445555544445555433444432233221111111111222221122222345554434444433444445555556642111111111111211111122111122222222222222222222222222222222222221222222222222222222222222222222222222222222222222244444
44444555555555555434444433222111111111112222211111233445545434555445444455444534554321111111111211111122111122222222222222222222222222222222222221111222222222222222222222222222222222222222222222244444
44455555444444455444555444421111111111112222111112444444545534555545555544444655566532111111111211111111111122222222222222222222222222222222222221111222221111122222222222222222222222222222222222355444
34444444455444454445544544443211111111123433112234644455555534555555655544445555667532211111111111111121111122222222222222222222222222222222222221111122221111122222222222222222222232222222222222244444
34444444555455544445545554454311111111234544444455444455543444555445555554555555656643221111111121111121111122222222222222222222222222222222222221111111111111221122222222222222222332222222222222233443
34444344454455545545555544444432111112344555554444444554434554555444555665555555555555321111112221111111111122222222222222222222222222222122222221111111111111111222222222222222233332222222222222343345
55553344444554444444553334444443222234444455554454445664444454454554566555555554555567522111112222111111111122222222222222222222222222222122223222111111111111122222222222222223333332222223222222344445
55543444444554443344444334444445544454544444444444455553344444444555456544444445555578743221111222111111111122222222222222222222222222222122223222111111111111222222222222223333333333222223322222343334
44343333333444444444444444444445544444444444445555555444454444454444556755444445554489865432111222111111111122222222222222222222222222222122223222111111111112222222222222233333333333222233333332345763
44344445455555454443333444444555555555444444445444555455445555554445555555555556655589887642211222121111111122222222222222222222222222222122223222111111111112222222222223333333333333222233322323445754
44444444445445544333333445454454555554444455655444455555555444555555455554444567655589888642222222122211111112222222222222222222222222222122223222211111111112222222223333333333333333222333332223444444
44455453445545545433433434543344555544444454554444555545544554444555455543445545545689888764222122122211111112222222222222222222222222222122223322211111111222222222333333333332333333222333333323443344
44454443334444334443334444444444444545545444554334555555544455543544555555555445556688888766422222222211111111222222222222222222222222222222223322222211122222222233333333332222223333322333333333444333
44543433334433333333334444434444445545665544555445556555555444444444454454455556666678888766642222222221111111222222222222222222222222222222223322222222222222223333333334332222222333322333333333422333
44333333343223333234333433345554554444565555544444567555554444555445545544455555555457888766674322222222111111122222222222222222222222222222222222222222222223333333333443332222222222332333333333323344
33234433323333443334443444444344445434565554443444556544455455555455555555445444455557888765566532222222221111122222222222222222222222222222222222222222222233333333344333333222222222322333333334432344
43333332235544444334554444444333334444554444444555555655455433554444555445555544565556788765545542222222222221122222222222222222222222222222222222222222333333333444434333443332222222322333333333554443
43332243344434444444556545555444555555554434456555554555444445555555677556555555565556778766543465222222222222222222222222222222222222222222222233333333333333444444334334444443222222322333333334455433
