56521122221222466755422333223312233322232232235534443334686455455688888888888888888888888888888888875555677777888877535432232322322232223578888888888888888888888888888888888888888888887777777777778645
57521122222123567743432333223222221322245433223333332233554333333488888888888888888888888888888888887656676667887764334432222223322334224688888888888888888888888888888888888888888888888778887777777774
67521222222221257763323223332333312322257532223542321235653332322487888888888888888888888877654888864556766566688644344333333222333335322378888888888888888888888888888888888888888888887778888777777753
67522222222322247884322223321221212322147422233543222324463222222356888888888888888888888888754788865555556777778643432235442321332345444468888888888888888888888888888888888888888888888777877777777755
67422111222212587875332233222221112322157522233332222222322111223235678888888888888888888888764688875433346777767743333244333331323343335688888888888888887788888888888888888888888888887777787777777776
57422222222221257533322233223422221223257532222332222222352111222123678888888888888888888888764788864323346875434443333344322221222222224788888888888888886465678888888888888888888888888777788877777776
67522322232222256333233332233423221112257522223322222222385211222222347788888888888888888878764788643333346664322233333233332222223222223788878888888888864434358888888888777777888888888788888888887777
37533322232112135442223333332313221233358532222442222323565211133222234567888888888888888887764786443343333344443333433222333222223222224677657888888888753333346788888888777646888888888888888888887777
57535443443234334443323343432225333434337632222432223323233211233221233235677888887888888887764654344443332233555544323333222222222223233354457888888888643334344687788888877656888888888877878888888777
77525554555555544555544454544455544445437633333533323344332211132222343333357888886657887677764455444532223225467543333442122222222233322233457888888888754333344685788888777645888888888765667888878877
67524444444555444444444445434555555555555533445544445555555433454545554554467777875445676457774356443532222235454432342332114322224222233333357888888888753333446674688888787646888888787443455577746865
67534444444444444444444444444444444444555534544455445555555555555555555555565555665556555567764456555655555555555545555554445444436443433443467777888877643333456564487778777647877888775433333345535643
67534333444444444444444444444444444444456533445454445555555545445555555555555555555555555534763455556655555565555555665555556555556655555555566555555556555544455555466556777636765666554444443444434443
67533333333333334333333444444333444444467533444444444444444444444555555555555555555555555533765455555555555555555555555455555555555655555555555555555556555555556555555555677645555555555555555555555555
67423333343344443444333343444333444334367533444444444444444444444444444444444444444444554555764454455555555555555555555555555555545554555555555555555455555555555555544555677654555544445544444455555555
67533444444444444444444444443444444444457533443444444444444444444444444444444444444444444447875344444444454455555555555555555555444445555555454444555455555555555555555555577644554454444444444444445444
67524444444444444444444444444444444444456533444444444444444444444444444444444444444334444447775344444444444444444444444444445455554454554555555555555455554455555555555554577643555555544444444444444444
67523433344334334344444444444444444444466533444444444444444444334444444444444444444444444446875344444444444444444444444444444444445444444444445555545444444444454454445555577643455554444445444444444444
67523433333334333333333334334443343343356533444444444444444344344444444444444444444444444446775344444444444444444444444444444444444444444444444444444444444444444444444554357643444444444444444444444444
67523433333443333333333334333433443443367533444444444444433344444444444444434444444444444446776344444444444444444444444444444444444444444444444444444444444444444444444444137644444444444444444444444444
67523434433444333443333334334433333444467633334444444343333444334444444443334444444444444446776444444444444444444444444444444444444444444444444444444444444444444444444444356643444444444444444444444444
67533334433344444444433444444444333344466423344443343333333444444444444433333334443444444446875344444444444444444444444444444444444444444444444444444444444444444444444444567654444444444444444444444444
67633333333333334343333344443334444444366533444444444333344434444444444443444434444444444446876444444444444444444444444444444444444344444444444444444444444444444444444444567655444444444443444443444444
67633433344343333444333334443334444444467533433444444333444444444444444444343443444444444445776444444444444444444444444444444444444344443333334443434444444344444434444444577654444444444433444444444444
47523443444443333434433333344433444444467543433434334333444444444444444444433434444444444445776444444444444444443444444444444444444444444433444444333434333334444444444444576654444444444433444444444444
36534444444333443434433333343333443333467643433434334433444444444444444444444444444343224445876444444444444444444444444444444444444444444444444444444444444444444444443443565554433334334444434334444444
57533444444444444444444444444434433343467643444444343443444444444444444443444444444431243445775444444444444444444434444444444444444444444444444444444444444444444444444443577653433333334443344334434334
57533444444444444444444444443333344444467543434433343344443444344444444444444444433541455445774344444444444444444434444433444444443334444444444444444444444444444444444443587654433433443333333333333333
67533334434444444433344334344343343334467543444433433333433334444443443444444444453442445345776434434444444444344444444444444444444333344444443444444444443433433333433333587654433433443333333333333333
57533444444443334444444434444344444444357543444444433443333343334443443334443444666544546355876444444444444434444443444444444444444444344444444444444444443333333433443333577644433333333344334443333333
56633444444444444444444444444444444444337643444444444444444444344443444334443445776545546345776544444444444434433333443434444444444434344443444444444444444444444444433333577533333333333333334444333333
67633444455555555555554555555555444444457543444444445444444444454444454444444456886546546344566544455544444444444444444443344444444444444444444444444445555555545555444444587553444333334333344444344444
67523444444444444444444444444445555554467643544444555445544444444444554444444468886535526343345544354444444444444444444444444443444344444444445455555555666655555666665544687564444444444344444334434444
46524433434343443443444344444444445565567644655555555555555555555554444444444467886334325442224444344444545445544444444444444454444444455555666566666666666666677666666545686764445444444444344334334444
36533333334443434444433343344444444444467543554444445444555555555556555444444564675334634431122323233344455555555555555554444445555666777766776666777666666666666666666666677753444444444444444444334333
57522333334443334444434444444433344433467643444333344444444455555455555555665563333335634422222222223343344544444555555555666567778877776666677666666666666666666666666656666643444444444444443444333333
56532333444544444333443544544444444444357643444343343333444344443334444445555664334235746323344554444553334444444444556777887777777777667766766666666666655666666666677666566654333333343444444433334443
56632333433344444444444444444455444444457643444434443333334433433333333444444576565455776443467777667775555455457786456777777777777776666766666666666666665556677766666666655665434433333333333333333443
56532322333343444434444444444443333344467643454444444444445554444444443434334577767656773345567777777887777788888886346777777777776666666666666666666666655555667766666666666677644443433334333333334434
55431223322333333333344434333334333334457643544444454444444454544456444455455676677548753112345566655677777888877887357888877777666666666666666666666665555566567776666666666677764554444443344444444333
23332322332233233333333333333334434334337643445444444444444443454445444454455666666656642112222223222345666777777886358888877776666666666666666666666665555566677777666676666777775444555544444454444433
22223323322233334333333333444445434344357643344344544544444444444444344444446666666653552112222222222223665776667886478778777777666666666666666666666655655666678877666666677777776544455555555555454445
22233333333333333344333433344334344444467643344344544444444444444543343443446667765553432211222222222222556666667775577778777777777666666666666666666656666666788777666666777777666555445555554455555555
43444333443334334444333434433334444444457652343333544444444544434444444444456666655554321222222222222222355666667775677777777777777766666666666666666666666666777777766666777777657754444444455445444554
55434333334444344344433333433334443334357632333333455444444444443344444455566666555554331122222222222222355666667775677777777777677666666666666666777676667666666777777767777777557764444444444444444444
44333334334443444334333333444333333333456542222333434445543344443544444544566655566654442232122222222222355666667675788777776777777767676666666666667666656776666677777777777777436774454444444444444444
44444444445444443443443334444334334333356532121223334334443344333433324546666555566654432333212222222222356666677786788777776767777677777666766677777667656766556677776677778776314775444444544444444544
45544445445445444444454444333444334443356542232233343333333222343334434456666555544433321244212222222223456666777786788777766667777777777777767766776676656765556667766677778765313676544444444444445544
43444333334544444444455543333444333333334333333233333233344434344444434346676555445543221254212332233334456666776786788777776667777777767777777766666766556765555666655667777654213577544444444444444444
33344433444333444444445544443444433334343233333333333343343444444444433446676555664332221234211243334445566667777776777767776667777777766667777766666655556765566656655667777643114568744554555444444444
44433344333333444544444544445444445444455433323233434443333444344444433445665556630011111134211233434445566667777776666656766677777776667677777667665544556666666665566566776542124578764445545554544554
44444434433433334433333443344433454543454334333333333433333333344334434445665556412222212124211133334445576667777665666656666777776776667776777666654444556676676666666666765431233377775444444544444445
34334444433343333333333344445434445544454454444443333443433344333322333445665545546422211113311113334444666677776666666655666677666666666666666665544544556677776666666666665422343366765443333333334444
54443333443344333443444455445555454344555455444433444444444443234444443445654544544332212323311111344445676677766666656555667677766676666666666555545544556677677667776666665323443356566444333443333333
44444433344444444444444445445444544444454445544444544433444443344443443335644555543331224233211111245455676677765665556655666667776666666666665554445433466776677777776656765323433344466544433333333333
45544444333444434443444455444443444444444444434444434343354444343243333334544555432321144222211111124455566677765654556666666667776667665665555554444334567776776766666556764233433333467644443444333333
44444444344444444443443455444444444343443444334433334433444442232233333345654565323311263112211111112444566677765653456666665566776666666566554554443334579876667666665557864333444333357753453344433333
44444444444343344444544555544444444443444444333434434444333433433333433555676654322211452113311111111344466667666643466666665566666666666555554544444455655887666666655478864343454333546765454333333433
34444434432333433344554445555544444444444544434444444444444434444445545655557764312213531113343211111234467666666644566555665566666666665555555555655555642387766666554588764544443334445676554433333334
44444444333434433454444334555554445443345444444434444444444444444444555567555454223124321122245432111123456666666555665555566567666666666555456667765556532158766666556788755644334344444566555554443334
44444443444443344554444333555443222223444334444444444444444444444555554699844444343242101342343334421112335666666556666665556677666666766666677776654444322128776666667778656643333444433435444445544334
44544544444444444544444444444443223334443344444544434444455555544455444588965544542232233433322235544321223565555445555555556887766777767877877765544433222105876666777787657643333433333333423433333332
44444444444444444444444444454444334444434444444344444454544444444555444577876543341122333343313335544553222254444445454444557998887777888777654566544332223123787667777787657643444554433442321233222223
44444434444444443444454443444554434444444444444344455545544444443444443355534436431123333343334444544554422224334445444334556998888888767776544545433222234231487777777787556643444455534433332122222333
34444444445545444444444544444454334433334444443344445554454334444444344333212325432134445443344455553443322237654466544455545998776788754454334444322234433310387777777786446543334344444433444443343333
34444444433444444445444434444554444444544445433344444454444444444444344422223223322134444443444444443333332246654676655554444887665576532222333333333444433422478767877887526643444333334444434444443334
44443433333444444454544454344456554444545455444455543343323344433334444442221121131243344442445444444333322434443587665554542444445444332212223333344433334433447877888887625643344344334443433443333443
44433433333444444454455543444445555444544444434444444433233333333344434443321111112334344442335444443345332444444257665555532112344444443322334343344333334443434777888888623542453344334343334344433333
43433444333333333433444444433444445333323444433333444434344433334444334444421001343343443443334433444444445443444347666556542322344334433434444443444433344433333477888888832332333343334333333344433333
33433344333333334433444445444433344432344443334434444444334444334434444344432224443334344544444333334544445444445447766566533544344333344444544443333433334433433358899888952331133332233343433344433332
43444343334444343543444444433333333444444344444444444434344443333334444444444543334444444433443333334434344345444536776566533543344334444433434333333434443333433237898788883222233222343333433444333433
43333333334334444434333333333334323444444454443443443444444434444344434444444434334444454434333433443444343444444435776566533433333454335433334433334433343333333325998788895222343223333334333443333443
32343333333333334434333333443334444334334443433344444344444444443334434454443434444333334334335634443444444544444434776566533435333433332323333333333333333233333333898888897222343233233333333343433433
33333443334333333333223334444334434334333445444444444344444444444445444554433443444334334344434444444544434454443444766555533334344323333323321333433323333333334443698888888422333333333333333333333333
33333443444444444434333333443334434444443444444443344433344443433344434444434443443344333334443343344544334344443333676655513333323432334422322122333333333333333333489888888722233332333434434332233333
33444344444444554433333333544433344334333344434434444444333444343343554334434334333333344334443333333443464334333333666644323333232433334322122233333333333333434334369988888862333333433333343333343333
33344434333444443434543443434433344444433344444433434443443453333343354343343344343333465333544343444443454334333434678755322334222333333333333444344333333333344443338998888774433333333333333333333333
33433433223443343434643444333344344444333333343433443333443333344343343333333343444333354333454444444343443344333444677866532344334333344343444434333334444334444333436997687665433333332233333333433343
43433443333333444433553434443344344444334443444444443334444334344444444333334444444333544334454344443444443444443444677877663354334333443433333333333335443323443334433898566665443323233333333333333333
44444554433333333333444333344344444444434433443344333333444444433333333343334334444344444454444334443343444445352345677777665344433333543333333433343434333333333333433798557665433233343433334443333233
33434444334334333333333444444442333443443344343434334443443443333444333443443446544455343344343324233234553445432344677766665334433333343333334533333433333344343334343688557655433333343333333333332233
23344444334334443444333434333232333443344344333333344344443444434443333443454445444565454454333332223334664455333344576655445423422232334333334423334334433345443333334468778754433334645433444443333333
34443444333334454433434334433333433443333344332343343335544434334343433434343234334464444453333233323235634444223333376653235532322221224423423334343234444334464333334477788864433333475344344333333333
34333443333344334433443344434233343443333433333433333334443344434443444434442333434344443442323344333344523443332323255543355542112111122234332223222223323344443333432488778764323234344333343223323333
33333433334343333334433334434443333333443333333433332333422233343343355333344333444334332444323454445442432443321122235544355554212111121223221222122332233334323233321578878764224325322333332323233344
44334343333222333344323334434433333434333333333333322232323333432353355333334443333333332344333654344333324324422111135554345465554111111112222212222222332223212222212778877764222111221222221212232233
32333333333322334336333233333333333333344343343223333223333433332333334233343443233333233333332654344233214214511132115764444465545211122421111112112111231212133112214788877764111111111111111111122221
32222223323332233334333233333333323322343333333333333333433333433332234333343443333333333333233553434233222111211122114765522452344211124621111002112211231411133112156787877764112111112211112111111244
32333333333333333433422333323333333333433333323333434533333442244544343334333333333334333333334432322222122111111131113665532241353111112222221103012101233621211113135677777664225112212111044132111123
33333333333333333333432333333333334333443322224443345533334443344333433233332333433224233332334332211222121111222231113765543232232111222113231015215223253422422013225555677764323111111111032143201243
33444333234333343333333333333323344323333233334333344434334432444433333244322333332233332333333343311211111111325421213776642122331111234336422025224133355464346332236554677775431121211111242253211232
33423333334333333233333343444323344333333333333333433344334334533433332233332223322322243422233323222111111122333322314776775321253232235425533134633234554464543343356454567765323331211111122133221333
33233443334343333343334333334333344334333333343333333333333333332333333322334333323323232323233332334313221343232223325766565421254332233243445434533434343334432344544355567765223222111111126345322333
43333343333334434433433333333333343333333343343443333333432332234333333332333334333233233323433334433323333453333333225654343212223343242444445433344442463434333434534443677875332224211111114464333233
43334333333343323333434333333333333333323443333443343334432422333333343342344333333333344333333234332333322333333233246564333211232453232344443333454343344433233443345553567865233323343212112343322222
22233333343333222234323434443344344333333332443343344433443323334443432332333433323322333332232233332233333333334244444355432113333663233334433333453346332442233454333444566764343432344313125542322234
23333334433333333333434444443333343333333334433343344333454333344434333333354333333233322333333232132234333323435244443334235333323653323233433333332233333332333453333334556764232265421123243332232543
23334334433333443343333444333344333433243343334343334222444333322333444333244333332222332133333232232333333333423323443333334334333344233333322432333233444433233443333455565653232234524432243554334543
33323443432222223333333333334334434333333333334433443243333333433333454434443433343334333343333224332332432334423323434433343334333333223333332332343123334433333553236545565442344255434434333455433322
32332332232232223333343333433334333334333233334434433443333334434333345334344333343223223343333333333333333533323232534343355323343333333332363344443233336433344444447634564332343454433444333345323322
33323333333322224444443443344334443344344333444344554453333344344333344333443443443333433344444333233333333422223335533334343333333332333333353445546333345443343333554433242334443344443333333333223552
32333344433443334433333334335444333343344433344343444444344444344334334343433434333333333433433333233333334332333335544333334433333334444534434532346433444533433343343433322354344333334333333344333442
33433343433433444443333334335443333334443334443344434443333334433234334344333433333334444434333332232433333334434334333322332323323344433443344433333333334533422344233432222344653444344533433644323343
34443333433343444333333222344334434444433333454434344443333334332343333333333333334334443334332333322333344334433343343122232233333333323332334333333323233442332332333422222213534544444533333642333356
43322333433334343333333233333333433443344433444433444443333442342343343334333232244333344333333333333333344334443343344333433222322443333333333443333333333323442333223333431224434534332332233322333356
43333334434334343443333444334333444334444434444333344433333333433333434334332243334433334433323443344433333333233342333333333222223442233343333333233323333323222344432343442333343223232343233234435645
33334433434333443433443344444354544445443444445434343333332345443334434443433445434444443434334433344433434333343353343343322343333432233354323433323223223323213454433234454433543243334244333233654544
33443434444434333343344444443554455345433444444344343334332345454444445643445434433234543344444445334444434344333333333333232332332332333343333332224423222222333332224223234422333256333234333344443434
33333333454443333344444444444444443344333334444333334344434444444433344444444434333334333334444444344444434444333334333323333333333333433333333443335644332222332322232323213235433246433233222323324544
34344434433333333234443334444334443343343333334334345434434444543334444444433443333444333444344433334333333333333333343333333333434333333334423333333332322222223322333323223334333333633333332343333333
34434333333332233334433334433333333333443333433333444433334533433334444433323455443343444444344433444344433443233333344333233234434333333334333333343223222333333232333322333433232323322222243343333322
33344333333333233334433443333333433334434434333443344443444442323433333332333343443233334333334443333445434443323333344334333334443234335443433333343223233223332323232132323444322223322323244333332331
