22222223222222232222222222332222232222222232256433333333223332222233333332222233222233333444443333479964555555554554444367531111112578887543444544433323333221223443222334333333332233323333322223322333
22222223222222222222222222232222222222122222246533322223223332322233333332222233332233334555443653699965555555544554443345432111125898875433334444433333334333222333222334333333333333322233322223332233
22222223222222222222222222232222222222222222235543222222223333333333233432232222332333333555433543489974555555445554443334652111368887543333344333444443334333332233322333333333333333222233432222232333
22222222222222222223222323322222222222222222223333222222332333333333233322233223333333333454333434689985555554445444443223642113677655433333443333444444355333323333322333233332333333333223333222222333
23322222222222222223222233222222222332223322323233322222333333333333333333233222333333333443334436999985555554445444443222443347876554344333433334444444345333223333222333333333233333333232222222322322
22232222222222222222222222222222222333233333333333232222333333334433323333222222333333333333323558999996555544444444443211456788764432343233433333333434334333335433233333223333323333333333222233222222
22233222222222222222222222211122223223333322233334334212233333332222333332222222322333343332467999999996555544444444432111489986433322333233333333333433333334456433333333322333223323333223222222222222
22222222222222222222322222212322222222323322233332333322233333322222222322222232222233333356899999999997555555444444321110267653222233332332333333333333333345677533333322332333223222333323332232222222
22222222222222222222223222222332222222322222233332333332233322332232223322222222222223345899999999999997555555444443321100135322221322222223322222333334443457877543333332333322233332233322332233222233
22222222222223222222223322222222222222222222233222223333333332322223223222222222222233699999999999999998555555444433321010033212222222222233322222333334443458776544433332223322222233233322222223332233
22222222223333322222223322222222222222222222333222223323323323222222222222222212223568999999999998999999655555444432211010134322222222211222222222333334434566555554433343223322222233233222222222333322
11222222222222322222223332222222221122222332333322233333323323222222322222222222247999999999999988999999545444444332211010155332222222112222222222233333434665445544444443222223333332233222222222233322
22222222222222322222223443332222222222222232233223222223222332222212332212223245789999999999999989999999645444444333211010045433322222112211122222233333335644444444444543223322333232333222222222233322
22222222222222322222223442222223322222212222222322222222223333334322332222246689999999999999998999989999744544444333211110027543333321111111122222346434445443333334444443333321343223333322222222223332
22222222222222322222223332323332222222222222223332222222234323475322553334899999988999999999977999768999854555544333211111027643333321111112223332345444443332333333344433333322243223222223333222222332
11122211112222222222333333332332122222222222223232222233234334754321453589999998867999998999979998447999963555444333211111124543334311111122222223334444422232232233344432333333333323211233333222332232
11133211111222222222323333333323322222222221222232222233234436533233466999989986667889988798999996346999963554443333212343233443333211111112222223333443222222332233344433333333333222232334433332332332
11123321222222222222223333333333232223322221222333222223335578545678899999999976668889866677989864358988962554443332113553233333342111111122222222223333112222322333344444444444433222232244333233322233
11122222222222222222222333333223222333221121222233334434677776899999999999999986666678645566867654367977943454443322113432333333352111222233333222223321111122222333344445545554333333332233333333332333
11232222222222222222222233332222222232221121122243245589998689999999999999999994654455544555655553466878743544433322211123333333441112222223332211122211111112222332344445445554333333333233333333433333
23322222222222222222222222332322322123221221222334557999987999999999999999999996543444444455544443355677544544433322222233333333222223222222222211111111111112222222344445555553333433443223333223333334
33322222222222223222222222322222422112232122222356799999957999987898899997899996443344343445544444345566544444333322222233333332222223322211222111111111111122222222343444445543334444444333232223333233
33321111122222223322221123222222422222333322323689999999747999976899999964789997343333344444444444345555533443333333332233333332222223323211221211111111111122222222333344444443333344433332222222232333
32211211222322223332222123322223422222323322338999999899548999988999999995566886333333334444444444434445433333333333333333333322222233333311111331111111111112222223333344444433333444432344333232333332
22112122222222223332222212332324422322543323599999998789459999999999999986455875333333334444444434434344333333333333333333332322222233333311112321111121111111221223333344444433344444332345533322222232
22112112232222322222222221223334522333453226999999997689459999999999999885434665433333344444444433443333323333333333333333322222222233333332223222212211111111111223332344333333444444433356644432222222
22112212222222223222222232223233311333355479999999998578559999999999999995543554433333344444444433443333323333333323333332232222222333333333333233223211111111111222322333333333334444433477566532223222
22112211222222212221222233222333333343256999999999998568648999999999999985553355433334444444444333443333223333222222233332222222223333333333333332233211211111111222222333233333333443333566687531112332
22222222223322333445754322112233434433367899998789998557648999988999998876533234433333444444444433444333223333222222233222222222222333333334444433443222211111111222222333223333333333344456787532212133
21212222222322233456985422234223445542454699876678998656648988877788887766643223433333344444444444443333333332222222222222222222233333333334444434542232221111111111122332222333333333444456886532222234
22212222222332123445554543453232345632532696556678998555649877666676576655644332333334444444444444444333333322222222222222222222333333333444444445433333321111111111122222222232233333344356766533322344
22212332333332354344455555543221355543432864555678988565548765555665566554555654444444444444444444444333333222221222222222222223333333333344444445444444322211111111122222222222223333333355566554332235
33222233343233354333454333443222256554335844555677887556536654455555556654444455554444444444444444444443333322234665322222222333333333333433344455555555433211111111111221112222223333333444555554232335
23321125334565443333244322332353366455458544556666777555535653445556646654443445544444444444444444444444333224764577632233222333433334433333334445555555444322221111111111112222233333333344445533223542
22334224334544443322343334432465356456686444456666777545534643446677765654443444444444554444444444444443332258753355543232333434443433333333334445555555454433321111111111112222233333333334443321244333
22443343325532223333343223333785445457884344555556667544633543457787776644443444334444444444444444444443322686433334445333334444434433333333334444445555555444432111111111122222233333333333333222454323
34434334433332222344333333332465546656863334544455667544643433346776665444333344333444444444444444433343325754444334667433334334444333333333444444455555555554442122111111122112333222233333332225643323
43333645544532322323332222453444656557743333344555666647853333347765443333333333343334444444444444333333346434444333577433444444443334333333444444455555555555542121111111111112333222223333332356544433
43443655544444112323433235554664676577333333345555666779953333336543333333333333444333444444444443333333354333444333358433333444444344433333434444455445555555542232221111111112222222223333323555455543
44454554554243233336533589546654676797453344444555666789743223335333333333333334444334444444444433333333343333344333356333433444444343333334434444444445555555533434321111111111222222223333334444444434
44655354443443323656536899899754566876853344455555566788653222234323333333333333444444444443333333333233344433333334454334434444444444333433344444454444455555544454321111111111112222223333344333444456
64544444333542124566579866998743466756763344445555556787653222333322232333333333334444433333333333332344345333333334433334344444444444334433344344444444555555445554332222211112221112222333343333434565
53336533225533226477875421587644466556675444445555556887553232333332222333333333334444333333333322223444335333333356433344344444444444433433443344433444555555555544433232211112221122222223333333434554
44336533333222324356655322255564466765677644445555556886553443233332223333333333333333333333333322344434333553333565333344344444444444444444433444334444455544555544434432111222211122222233333333444543
43346344344446652355565445544566666875589854445555556785564224322222233333333333333333333333333334444333332453333332333333344444444444444444433443344455554445555554444432122222211222222333223433455434
43354245555577654566555665555566665654579964444455555675554333452222333333333333333333333333333344344333333233332223333443334444444444444444443333344444444445555555444422123332222322222322223333444444
44554566666763211346554455556766676555589854444444445565544333354222233333333333333333333554443443334433323222222233333443334444444444444444443333344444444455555545554422244432223222222221223333444432
45566777765435555655544445555666666476568633334433345555553223445587543333333333333333335533245543344433333222222333333443344444444444444444443333344434444455555545554323554332233223322212222233343333
55555544444115667777554335544566654454655433334543444555553232344798775444433333344333344223333443344333333322222233333334444444444444444444333333343333444445455445554345554322343333322112222223334443
66632465342123367544555445444676455543544356445455554454553233245566555444444443345444343233333343344433333322222233333334444444444444444444333333333333444444444445544555553333433343221112222233334444
44333662143466787555555556535765444334454448855334345444454333335545665555556554444444553233333333333333322222222233334334444444444444444444333333432233444444444445445555543344434433211122112333335323
31224420149999996334444455455446655435533366435333454444455533335544666666688764554445552223333333433333322222222223334334444444444444444444433333433334444444444445445555544444344432222221112332344434
64233101247999986333333443456556655544555465333564455565345532234434556655798654454444552222333334433333322222222222333334444444444444444333333334433333444444444444455555554555444332222211112222233334
45551112224999864444443334666556555423345555667543554455445543333334555644997444444444553222233344333433332222222222333334344444444443443333333334443334444444444444455555555555444432232111122222333333
12631123113488843344556545655554322222234556675544543344444543333223346445996444444444432222223344334333333322222222333334344444444433433333333334444344444444444444455555555554444432332111222222333333
13324321112345557545565346655563222221234553675444543235655544333212223235984333333333324223323443333333333333222222333334444444444443343333333444444444444434444455555555554444444433332112322222223333
24144344334457545556565566656565323222123455564444444687456654333211122235973322232222223565433443333333333333222222333333444444444443333433333334434444444444444555555555554445544444332123322222223333
43211224655554464567655698654344323323234553454444477673455664333211222223863222223222223753334433333333333333322222233333344344434443334443333334433344444444444555555555544555444454432233322222223333
23313227965656756457567875665444434433333454543454564323455665443222222223952223223222223522444333333333433333322222233333343334444433333333333444333344433434444444555555444554444455433333322222223566
65344338876554555358777555555555544233333355435884332332355665444322222223842223222222255666544333333333443333323322232333343334444343333334444444333444443444444444555554444554444455433433322222234434
33235574334555765475776657654434434324323354435862222222245666444321222222533222222222366998664333333334443333323322222333333333334443333344444443333444333444444445555444444554445455444544322222344223
43235366556676444545776786454455443333443355556432222212234455544431222222433332222222244765454333443334443333223322222333333333334333333344444443344444333444444445444444445544455444444554322223432222
43224688746877669545888743444555777854775555555322222212334555544432222222332332222222233564343233433334443333222333222233333333344333333333444444444443333443444444434444455444554444445553333344322222
55345677777567777688975554332554555577776665446511222222334455544442222222222332222222224555333333444334444333212333322233333333343433333343333444434444334433444444444444554444554444455544443444322222
46556556666675345999745434435553344456655644555642222233333443554443222222222223322222234555333344444344444333322233332223333333333333333333333444444443334444444443444444444445544444455555444454332221
14457556778634656686466345645553455456655655666665333333333344654443222222222222322222234675333344444444444333332222232223333344333333333333334444444433344444444433344444444454444444555555444544543222
34346545676545788754575545565443545556554566566655543333434455565444321222222222322222234565433344444455444443333222233223333344433333333333334444444443334344444333334444444554444444555555545545554322
65324346897423765643774456664343446665554565565455555333444555355444321222222322332232244433333344444455544444433322223323333343333333333333333444444443334444344333444444444444444455566555555556554433
55312565688778854446665445554234435567755446765455545533344555445444432222222333333465455433333444444455433334443322223323333343333333333333344444444443344444444433344444444444444455555555555666544444
33324654368869844546666545555334445578655546766555455554333454445544432223333333333433567433222444444565322222343332233323333333333333333333344444444444344444444444444444444444444445555555555666544445
44253312375326766777766665554443356775445566655666476455543334456664333233333333333333589522223444555654111112455333233333333333333333333333344444444444444444444444444444444444444455544555555655555555
56674222142212577777766666654245546445555656544555566565667656776675443333344444433433586422223445555653112135556543333333333333333333333333334444444433444433444444444444443444444455555555555555555556
25565126443125645777877666554233554356555555544555556666555676666765744333344444333443464332234555555532121487455653333333333333333333333333334444444444444433444444443444443444444554555545555555555566
55755325654567766776785465544224776566655556643454545664344565666568876533334322222343553333344556555422223766566764333333333333333333333333333444444344444433444444444444334444444544555555555544555555
65764554566667776666665565554235656666555664444454556555445456677567756644554554443345743333344566554322355766665776333333333333333333333333333444444444444444444444444444334444444444554455544444455555
65456654565577887666666676543355333555544433433444456445555664576665665456455665675468633333334565543323556666556666533333333333333333333333333344444444444444444444444444444444444444444455444444455555
64246656556667776677656766543475232554445444433454456434345665655545665466444666775578433333333554443345555756646755543333333333333333333333334343444444434344434444444444444444444444444455444444455444
55566556667766665556544455543465222343344433345434755333544677655545667655344566654477433333333433333456545775655644553333333333333333333333334433344444444444434344444444443344444454444444444444554444
76665677966655675556554665543453221253445442543344655435653455676545578654344676554478433333333323444555555777776645895333333333333333333333334433344444444444444444444444443344445544444444444444544445
97554676876545555655433554434343113454454454532344455434563454555544676556444665555578433334654334545555566665555666798433333333333333333333333433334444444344444444444444444343445544444444444445444455
99767865666534545654565544434532223342243343345533554434555533554555665544544565654577533334774555554434555555445555578733333333333333333333333433334434444444444444444444444433345444444444444444444444
89986546556644535544566554535643433222233465544322454435544355345555455555445654554576533234574565663433457755444445545654333333333333333334333443334334444444444444444444444433344434444444444444444444
67998655556554523545444553355565433222365454555453354334543225533564466544554653355664433233466665674323466555444555445663333333333333333333333433344434444444444444444444444433444444444444444444444444
56899976656555523555233455453446422222552245555446554454532433465566566433454554457953332233457657766567876675445555334554333333333333333333333333444444444444444444444444444433444444444444444454444444
77777996545545423446654454674445533224632234324557754355532334556646556566553357656743222222456656877666775556776654555565433333333333333333333334444444444444444444444444443334444444444444444444554444
77755899656535422334543444575333444335334245323567634355532444688765665664444255545643222222476667877765765566766555665344543333333333333333333334444444444444444444444444443344444444444444444445555444
76666689976655422234434435544323544366555655443555455356553345568866565643333344336532222222575687666655665687555555544445443333333333333333333334444444444444444444444433444444444444444444444445554444
56556767997544532233233335443444565463235563553345345335533335557666555543455554445332222222487666655535666886456554444577444333333333333333433334444444444444444444444433444444444444444444444445554444
66664445689745532223223333364343343445425655555443434335543356677455667543467443445332222223589889756543665766555544433487454333333333333333433334444444444444444444444433444444444444444444444455545544
75455433448974442223213444566443442445523846655533535524675664555467678754564344345322222234688877765763455656554444334356444433333333333333333333444444444444444444444443444444444444444444444455545544
65433333333898432223333344445444464356522654655645643545676445556667677773452344455323322234456788974455545534544333344445346543333333333333333333344444444444444444444444444444444444444444444455555553
35533332222589842222322234445554465336443465454654665544665556557966665664444556654224333344336876664335566344444333434454556434333333333333333333334444444444443444444444444444444444444444444445555543
33333322223457995222232334444434555425653354555534556634755556666664465553445643453224433454345765444445565454443333333355454345333333333333333333333444444444443444444444444444444444444444444444555443
33222333323343699523232234443433565566776555554443556434555565466764665542344443553235543443444356545576566544443433343456645544433333333333333333333444444444444444444444444444444444434444444444555443
22223433222232359952123234553434555566545665454355453455465564357644665653444344542246533322444345534454344443433333334664545546533333333333333333333344444444444444444444444444444444444444444444555432
42245222222221335996324234455444455335655664355555544356356566446665564667544444432234433433444544654432232234543224556442565435543333333333333333333344444444444444444444444444444443444444444444555433
23433211223422322489733335554544444435655654455445644337235447546555454466655544332223334423453443355433333224553343562213775335554333333334333334333344444444444444444444444444444444444444444444444333
33223211123213322348984466444455554445755545554345653456555336667544543345666533322233334332343443555323222222334334333335734534554333333344333334333344444434444444444444444444444444444444444444433234
32333212231124323333799434444345554355643455555255456754564436686665443345455433332223334433333544444332122222224332356547433443553333333344333333333344444333444444444444444444444444444444444444432235
22222212331236524431379855566445543345544544576354347735634656555654354335455554332233344443334543324623233235323443345486235443453333333343333333333333433334444444444444444444444444444444444444322346
12342123232337543333347996466544444445445646665534455436435546654554345334455455333233344344434444434554332236333444444665544555444223333443344344333333333344444444444444444444444444444444444443223456
24652232223225434222378899778545445546445555454533785566677744664455435532377754332233445332332425645554434545534434444623324443545222433343444334344433343344444444444444444444444444444444455443223556
47733333224554435423665579987545555546534554455633575565566644653345433543347743332233444333443532334464444333655543456647534453366321443344444433344433444434444444444444444444444444444444566532234555
56644533465633434335545435998435554456544555555643454435654544554456543353346543332233433345544653343344533323475334566565754444356531343334444433344433444444444444444444444444444444444444567632234455
65656556775554444555434334599743544456533444645544552225564454556546544455455554332234444455534543333334433333344357543344553345324543344334444443444433334444444444444444444444444444444444577632344455
75455455564324554445446455468985344457644443565454553334456655673333332347545454332235324644455543334433542334443334343344455434412565254433444444444333334444444444444444444444444444444444588643445455
65456544444334544544556554455899634547646733543444655676554455543232332334455543333234435444544354433444433333443333245554467555423488453443334444443334434444444444444444444444444444444444567534454444
45444555354433334567646665564479953546544533454445543355555556745322233244344353333234544464434345543323543334433443334555557645455477432343334444444444444344444444444444444444444444444444556434554444
77655544673233443478544445565447995355634444555555532345432355556643224344454474322223544453335446443234543344433333212223345634444456333343333444444443344444444444444444444444454444444444444335554444
78956753333542244675455445556445899534633453534554444334244344336567433444444477332222453443344345433344443343433333212223346444544446544454433444444443444444444444444444444444544444444444443235555544
55543433332243455663455566545534469963654563543554565424336533334434345444222356543333455533333334433334544323233323233344446577864555456454443344444443444444444444444444444444544444444444443245555554
55443345334456435554335344443333336997679964533443533653334433234334224345332344444443456533333555665544655333123223345545667667874456446564544444444433444444444444444444444445544444444444432245555444
