44444444444444444444444444444444444444444333379543444444444444445458744444457534444444444444444444785444444444444444444444444558743444444545544445545544444444444444456653444444444444444444444444444444
44444444444444444444444544444444444445444444479544444444444445333447744444447534444444433233444444796444444444444444444444444458743444444444444444444444444444444444457643444444444444444444444444444444
44444444444444444444444444444544544444444444478544444444444456322248854444447634444444432135644444797444444444444444444444444458743444444444444444444444444444444444457653444444444444444444444444444444
44444444444444445444444444444444444444444444478444444444444477211247854444447634444444432237765444697444444444444444444444444457843444444444444444444444444444444444357643444444444444444444444444444444
44455554444444344444554444444444544444444455478454444444444587211244754444446734444444422268676444797444444444444444444444444457853444444444444444444444444444444444457653444444444444433344444444444444
44554444444444455555544445455554555545444555479554444444544598311247755555546744444445422487677544697544444454444444444444444458853444444444444444444444444444444444457533444444444443333444444444444444
44444444444555555555555655555554455544444555478555544444444699421236854444446744444555432686578454497555545544455445444444444458853444444444444444444444444444444444457543444444444444334444444444444444
34444443334444555555555555545545555545555555478555444444545799631246964554456734444544444775588554697444454454454555444444444458853444444444444444444444444444444444457643444444444444444444444444444444
44444343334334444444444544433434555544555554479544544454555899841146964555456734444444555874588444697444444454455545545554444447843444444444444444444444444444444444458753444444434433444444444444444444
43344343333333333333344444444443344444444454579445444344445899962146965455446744444455556864698444697454444455444444444444444446753454444444444444444444444444444444458653444444434443444444444444444444
44444444434444334344444444444444444433334444479544444444444799984246865544556844444555568845898344697445444444544444544444544457853455555444444444544444444444444444457753444444444444444444444444444444
44444444444444444444444444444544444444444444479544444444444799995135554444554644444554579847887344697444443444545445544443444457853444454545555555554444444444444444458753444443344444444444444444444444
44344444433444444444444444444444444444444444479544444444444799996135763344445744445544689747788344597544444544444444444544444457853444544444444444444444444444444444458753444443444444443444445444444444
44444444444444444444444444444444444434443333379544545445444799996235564333345743455554799747788245488555555544554455554444444457753454544554444444444444444444444444458753444444443344444444444444344443
33344454444444444333333444443444444334333333379533333445444699997235454333445852344553799756687256598556655666656656555555555557753444445555544445444444444444444444436753444444444444444444434444444443
34334444444443333344434444443444444444444443356432332248544589997235444434435752223443799845686255598455655555665555566666665557753555555555555555555556656555544444447754544554445544444444445444445444
44444555444544454444555555543444444444444544444443444447634589997235444444445653344442788634786244588455555555554555455554554558753444445555555555555555555555566555457753444555555554554454454455555455
44455544344444444444545454433543445434444444444444444445445589998234445555545555555542676545686344588543333444554555545545544546753544444444444444444444444444555666668754565555555555555555555544445444
44445444444444444444444334433433344444444444444444443344545679998334444554555455545552576556685354588543234444444444434454444536753444444444444444444444444444444555568753565555555555555666666555554444
44444444544545544554443324433333444445455544444555444444556779999544454445554455545652676665676455477434344444443444433454444447753444444454444545444545444444444444457753444444444455555555555555555555
44444444544443433444443334444434444444444544545545544555556879999643444455444554555554587745687455445555543344443334434444444457753344454555455444444555555444444444457763444444444444444445554444455555
44444444443444434444444454444444455455455554454545655655556778999754444455554544444554588634684454444465434444334444444434444447753444444444555444544444545555544445457753444444444433445434444333444444
44454455444544444544444544444555565545566555554555555555556878899854333345565554545445587533674565554554444444443444434444344347753232333444445544544444444454444445457653455444444444444554443444444433
44454455455555444444454554455555555555666665555555565555555888999854332234555665555446687644775545445555555445444444444434344345543233333344434444444445444444434445557753564455455454445555454445555444
45444455555455544444445545544455555566555654566555556544545888999964332223555655455345688765875545554554445555555544445443444332333343333334334443344334444344444444436753445545455444444455455445654446
55444444455555544555455434544455544566665555455455445445556789999974332221355555664455687646976555555544455555555555555544444333333434433234344434444434455445544444447753345445554454444544455444544445
44444455556655545554555455444455554555566455556655565456556899999984333211255556653446688769965455545544455544555545553333344443334433444344444444444443454445444544457753444444555454545545554454434444
45445554545566555455555455654455556556555555565556566556555799999984333221156566534546588899964455555554555555555455433444554455555434545444444445444444444434554554457764345444554554544554444455445444
44445444554455555555545555554444556555545555655455556555544579999974433332225566445555479999753345555554544555455444444555555455544444444554444445544434444444554444457752344343454544544454544444444444
55445555554455555455555565555444555555555544554555655655445669999985556655313555456565589998532344445554445555444444455444455554444444444554455444444444454433444434456643233343455545555444554444454455
45555555554445545455545554554444454455456554545545655654556568999997788876656776676575689997422344455565555555544545555455445565555555556655554544454444444434444434446643122243444444554444444444444454
55555544445555544444455444445445444555455555545555545455555556899998766666677666776467799985321233344455555455443455554545455555555555545555544555555544433454444444346653222223344443444433333343432354
44455444454455543444444434444444445544456545555545544455555455799976666666766666666558889874221243343345544444444454444554445544455543444555545545556554343455444444345444333334344333434432344443444444
44555455554444554455433444455444445444445566555545444455554456678776666666666666555656877753211232342335555555455554444555545544444544544444455555545654454455544334444334433333434334345444544444444443
55554555554444454444445454455444445544444455654555544445544555687566666666665555444553565542111222331234555665555544555455554455554444544444444555544555455544445555455434433333444444344444444454443444
55455555544444544455455555455444445555545444544555444445554457776666665666655555444453255432111222321224445555555554454545555555554544544445445554454454445544455555456443443333333444443444444444443444
44444444543433443445555565445555544435544554455445544444555677667666556666655555544443144322111111211123343345555544555555555445544445544455555544676655445544555554555445444444443444444434445423444444
43344444433333444434444445444444443444444544454345554444677876677766566666665565555433133322111101111113333455555555556555554455555444455565554456665556655555556455566556444444344444444444443333344344
44444433333333333333334444444444555444444444444445555446666777777666655666666666666443222222211111101112324555555554565444555455655554565555455666665665566555565445556545554444455444444454333445444444
33333432333333333433334454444544555445555455444444545566566677777666656666766555555543222212221111111112224335655554555555554555555555555566555566655665545555455555554545554445554433344544434445345444
33442223344333344433344444545445444555544554444444445567777777766666666666665444544442222122322221111111132355565655555555555655456655655555565666555566554455464444454444444544444544445445434334333334
43333443444433443344344434444455555545455444444445555568877777766666666666666655544332221122333332221111222455455555565454455565456556656655566676666666655445554444444445434443444443344444233323333334
43333343343433433345344433344445554444445344444444444557888777766666666666778854554322211122333332322112223565544555564444555576667765556666667787776666666554555445544554444444444555444443444333454323
44333333333333454444444434445444344444444444555544454423687777666665666457888864544322211122233333322122213556555665555554456677766655656666677887666666666665545555445555544544554455444444444444554434
44333333334434444543434444344344444443344454444444455212787877656665666667765422223322221112222233332222213455555555566555467798666556666666677777666666666666544333445444555544544445544444444444455556
43444343344444454553434444444444444444444344344444444423888766566655555687322100011232222122222222333333212355555555676565578887566666667888777776666666656655554434554444544544444444444554454455555545
44544344444455534433444444444345444444444444344443444446877766666554444686211100101122222122222222333333212245555555656668877766656666667777888766677777666655544444444445554454444545555555555455555445
44544444444443444444444444444444454543454344444444444478765555665544454575221100100121221011222222223333221135433333478767666666666776676777777666667776666654443344444444554445545555544545555555544455
54444554434433444454454444445444354444444444444444433577665445555544555566433111000112221011222222222233332223333445777665655556787876666777776656666666656654443334444445544444455554444444444444444445
44454444444444443444555444444444445444444444433454444666644444455444555545444311111222221011122222222323333333344444566555555556777666666666666666666655555555433334454445444344455554333334445545444455
44444444444444444444444444444454454444444454444444444566655443343345565334244322122222221111122222222322333333344333345555555567887665666666666666666555455555532223565555544345555434332234444545444454
54444444444345433334334445444445444444444444444454445566566543333344553333333322222222221112122222222222333333333333223444545666887666556666666665555544544445532223455555555555544334333233444444444444
44344544444444443344335444444444444334544444445555555665555544443444433333322221112122221111122222222222323333333333212344545555666566666666666555555544444455533222333444443444444434333223344434443444
44444443444433333343334333445444444444444345455556657986544444454444333322222221112112221111112222222222222333333333321234555655555467766666555555555444344445443222333454433444444444444223333444443443
44444444445544434444445444455444444544444344445766579998754544334433333222222222112222221211111222222222222233333333331123455665545567776655555555555444334444443222233344444544444444444224433444444444
34445443444544334444454344445444444434434343358766798898875433333343222222222222112222211211111122222222222223333333332212345565445566676555555555555444444433454322223334555444444544444234334433444444
44454344333344444444444334445455544554444443467657997798864323323233221222123321112222121211111122122222222223333333333212234345345556666655555555544454454433454322223333344444444445543344444434444444
54343444444433333434433444455454455543445433456589998798865433222322111111232211122222121211111122122222222222333333333321133334335555555544554555555454444333455322222233344445554444432344444433454445
33334444444444444445333444444344454444343334345899999888975443222221111111232111111111121111111122122222222222333223333321133333334444555544544454444444544333466421222123334455556543333445444444554455
44434444434343334433344444444455444454344344446999998877865333222221111111221111111111221111111122122222222222322223333332133333333444455555445455444444444333344321222112233345555432334444444344444444
44444444433334434433344433444444444344434434347899998776666333322211111111111111111112221111111122112222222222322222233332123333333344455555545555554444433333344321222101122223333222333345444444455443
33444433333444444444444433343333333343334444456788887765466333332222211111111111111122221111111112122222222222322222232232123333333334445454555444544444444433344322122310011111222223444345444344445534
44344444444434444433444333433333324434444443644466665543236422322211331111111111111222221111111112222222222222222222222233212333332233344444445554444454433343334321112432111111122333444443344434334433
43444444334434443433333343333333334544444344634455543221103522332113552111111111222332211211111112222222222222222222222222212333222223333444444555455445433343333332122443321122233344444444444444444443
33334443333334444444434333344433334544434445523343432100000632332112353211111222232232111211111112122112222222222222222222222222222222233333344555455543433433233332122444432222333444344454444344344443
54334544444454553434434344444444444544333445423233321000001542333111243111111222322232111111111111111122222222222222222222221222222222223333344554455443333322223322222444443323333444444444444344434444
44344444444443344432333333445444445434434435423233320000002532333111242211112223322222111221111111111222222222222222222222222232222222222333344554444433322222222321122444444334444444544444444444434344
43433444434544454444444443445534445544434444333332221000124422232111232212222222211122101211111111111222222222222222222222222122222222222233334443444333222222222321122444444444444433554444443444444344
33344444455444444334434443344545554444434444443333222222333322222211221012211111111112101111111111111122222222222222222222222122222222222222334444443333222222222211112344333444444344454345543444444443
34454333443444444343334555445444444444443444433323222223332222222211121111211111111112101111111111111122222222222222222222222223222222222222333433443323322222222211112344333443333234342234444444434443
33333343443343544444445664554444344434444344443333222332222222222211111111110011111112102111111111111121222222222222222222222223222222222222233333333332222222222211122344343333433323343333344335434543
33323433332123344434445555543344345434444454343333222221112222222321111121100011111112102111111112111121222222222222222222222222222222222222223333322322222222222211122344334333343323443443344334434543
33322211233322333333344444543444543444444554453333222111122222223321111111100111111112112111111111111121222222222222222222222222222222222222222222222222222222222221112344333333333444444344444333223433
53322332134433213444344444544443332554343344454333232211122222223321111111100111111122122111111111111112222222222222222222222222222222222222222222222222222222222221112333333434443554333344324454433433
44333333332334223443333444555444444554544444454333232111122222222331121111100111111121121111111111111111222222222222222222222222222222222222222222222222222222222222112333334444445553433445334444444333
33222223223322212333343344444444444444444444455433331111112211011331111111111111111221211111111112111111222222222222222222222222222222222222222222222222222222222222112344344444444444444443244443343323
33323323433322321233334444546544443444344444357754442111111000001331111111111111112221212111111111211112222222222222222222222222222222222222222222222222222222222222112443344344444434434443454344344333
32223322332323322333443444444444544554444343446887642111100000001331111111111111222221121111111111111122222222222222222222222222222222222222222222222222222222222222212344344444433333343334433333344333
44343434323354332442355333444444454434344544445577532211000000001331111111111113432111111111111111111122222222222222222222222222222111112222222222222222222222232222222354344444344343344333333433333333
44454444323344334443333112344444454444445544544443433210000000001331121111122234431111111111111111111112222222222222222222222222222111112222222222222222222222332222222343334444434434443343233333334333
33444444433435323345331122344445454444455545544434434420000000001321221111222343111111111111111111111111112222222222222222222222221111111122222222222222222223332222222343444444434554444333333344344433
44334445544444434444233344444444555434454444344445433110000011101221221122100111113411111111111111111111112222222222222222222222221111111112222222222222222222332222222344444444434443345534434444443333
33334445444444433444343234333344444555555544343354442111000111101211221221111112334431111111111111111111112122222222222222222222211111111111122222222222222222233222222344334444344433355443433333443443
34444444544444444544454223333333344656544445554344532232011111101211211112122342444452111111111111111111111122222222222222222222211111111111111221222222222212222222222234434443344334333334443334445543
44444544444433433444445432333333333556454455655543543334211100112211212344233442444355311111111111111111111122222222222222222222211111111111111121222222223212222222222343444444454444344344454443445543
44433445533334423434445544433334444555445554455533444444432101112211124443233333234445531111111111111111111222222222222222222222111111111111111122222222224312222222222344444434455555333444444443334443
23334334433444334433443333334444555445444444455443333444322111112111255443343344333454563111111111111111111222222222222222222222111111111111111222222222335422222222222344445434444544444444444544433443
44444433443334465434454443343454455444444455444533222332211111121112454344443444344454365211011111111111111222222222222222222222111111111111111222222223344522222222222344444444444444443344443433443444
43344443343344335554445433333444554434444455344433322111111111233333455443444444444444455431111111111111111222222222222222222222111111111111112222222233433432222222222343355554444554343433433333433434
34433344443444444455555443334454434544434444335543334311111112433444344444444445433444454542111111111111111222222222222222222222111111111111122222223334434432222222222344454443444554344444334234434333
44445543344444444443445434444444334654443444434444334333111133444444444433444444443444444455321111111111111222222222222222222222111111111112222222233345544443222222222344444443344444344333343333344443
55444444334444544444433444554443444644444445444433333444422344444445555435444433434444444556642111111111111222222222222222222222111111111122222223333445555454222222222345455544444433333334544334344443
55445434444444444555443434444444434554443445433333444444454444444334445554444433434443454445763211122111111122222222222222222222211111122222222333334544454554222222223344444434444433433234555444444544
33344444553444444444445444443434433444433345533345555544554433333334454554444334444444544445776322111111111222222222222222222222222222222222233333323444545444222222223333444434444434544444445444445554
33343344543444444444444434444443443344444555445455555555544433344444344555444434444443544445777631112111111222222222222222222222222222222233333343222344444444322222223344333443444554444444555444344444
44433344434444444544443444433333344443334545444565655555555543344433344444443445444444445544777762112211111122222222222222222222222223333333333333222234444444422222222344443344444444443554454443444444
34333344344344333333443333344433445344433445444555444543444442223422333334444545544344555444677765212222211222222222222222222222333333333333333332222223444444422222222344434444444444444444343344444444
33433434433344433333343344446544444443333335444434444334454452223223344444443444444444455444667766652222222222222222222222222222333333333333332222222222344443322222222333455444444444333444344333333333
33443444444444444444334444466643343343344334434444544434554443223223344444434433444344555444556777786233222222222222222222222222343333333333322222222222234444432222222333443234334443433333444333343344
33433334444444554443345543335653433443344444444444444434444333333444444444445443454445654444455777778434332222222222222222222222343333333344322222222222224434542211223332332334344334333333344334334343
33443433444444443343343434545665434553454444444455554445444444444444444534443443453345454444445677667633444322222222222222211122343333333345542222222222237644543222223332343333444433444443443333433333
43334444454443343334444333345555544554454544445454544355444554534555445444444543344445454433454567665543445653322222222222111112333333344444654322222222226544443222223322233333343444444444444443333323
44344444442343344345554444444455543454465433545444454355445545445445454444446544444454444443554456544457768994333332222221111112334543444434467433322222223334333222223322334433334444444344433433333333
44344444443344444444543444554444444445565444554343555434454554454444555443454444445545344344544555544489978996333332222222111112444544444434468743322222234344342222233322344444444344434433343434333232
54444444435544344444443344555445445445554343443344544434455444443344456443444445555555444455655544544699977999433333332222211112434444333333378863332222234333332222233322344343344433444333333433322331
44554444444454444445434444444555455445534443444444544334455444444443346443344455554554444443433444455689987999533333332222221112334443333233258885332222243344442222233322555334444453444334332333333232
44443444454444445444445444455555543344433343445554444444444345555553334444434555554454544544335445445678997799633333322222221112432344344333336887533222233333332222233323454334444443444444443344444334
33343344433344444444444444444554543444444443234445654433434445455653454444444565544454554544455344444567798689544333222222222112333343434443334889842222233333342222222223453433333444444444444433333333
33355445435444444444444454444333344444433444343354544444544544444443454445554466544444444444444444444467778879744432222222222222443443443454333898863222234344432222222223333333333444443443334444433344
33444455444444444444343455432343443434444434554455544554444444443344444444544565444444534543334444555557886667864433332222222223444433454343333688885222254443333222222222333333433333323333333444343444
44444454444454444343444444433344344444444434454444443443444444444555444444445554355445544433133434555656898655665333333222222234343344444344333379998422234443344322222222333444333334434434343343334444
44444445444454444454454444554444344444444454455443455444444444444455454554444454354444444333454444444545788656558663333222222234343344444444333479999633233444433422222222345433444334444443443344433454
