87544444455445667654444334444333333333333433334333454333455444454444678999999999989999999874664445555344555544443333444444433333333333333333333223222222233333344334444344324443222322222121112221222223
56544443444345666655556644443333333333333333333333344443455577665678999999999999999999999874654344444444455544444333444434432333333333333333332222222222233333344334444444245432233222211121111111111122
55444444444444555555555554444433333322223333333333334554467988888999999999999999999999999886643334443444444444444343344333332333333333323333322222222222233333334434444444355433333233211221111111111122
44444454444444444455555555444433333333323333333333344566799868999999999999999999998899999886433333433444444444444343343333322333333333323333222222222222233333444444444444555434443343222211111111111222
44444444444444554445455555555433333344433333333334445689998689999999999988999999886788999886434433333334444444443333333333322333333222222332222222222222333334444444444444554445444443233211111111111222
54455434444555566445666665555433333334443333333333458999997899999988899878999998662356687886466433333344444444443334332233322233332222222322222222222222333333444344444444555455554543343322212111111112
66554444554555556655665555555433332233343333334443589999976999999876888789999995432344455775554333333344444444443334433233322333332222222222222222222233333333344344434444555555555544444332233222111111
77654345566555565554565455665432332233233333334446899999966999899765788899999999962223334575543333333344444444443334433333222333322222222222222222222333333334443334443444455555555544454433433332111111
65544345556655544455455444654333333222222233334689999999956899898766899999999999962222233475443333333444444444433344433333322333322222222222222222222333334343443344333444445554555555555445444432111111
55454445555554444455544444564333333322211233468999999999845899999889999999999999973332223465443333334444444444444344433333322332222112232222222222223334444343333343333444444445555555555555454442112211
44555445554555455544444443354332223221112246899999998899845899999999999999999999984233322345543333333444444444444434443333332322221357875322222222233444444433333333333444444445555555555555554431122222
45565446544565555433333444344333212212213799999999987778845799999999999999998899885324322234543333333344444444444444443333333322224755877632223222334344334333333333444444444445555555555555555432232232
55555456544565454333333333344322111222348999999999986778854699999999999999988899876543221113444333233334444444444444443343333332267644455533333233344344443333344334334444444444555555555555555423333432
55555555544565434333333333344322222223489999999999995577863689999999999999988887766553231111233332233444444444444444444443333222686433345445423333343344443333344333334444444444555555455555555434444532
45566655555544433444443454355422222223699999999999996467674568999998888879888876666665432222222333333444444444444444344433332225753333334566633443343344444433333334344444444444554444455555555444455433
66665567765444444443332334445422222125999999999999997546665458899988887768766665554555544554444444443344444333444444334433332247533444333577643333433344444433433333443334444444544444455555555445565333
56665456654344433333333222455422222159999999998899998545666457987777666667554555444445545555555444444444433333344444433443332365333444333346843333333433444433343334443344344444443445555555554555554444
66655555554444432223543434565422222367899998766678888644556446876665556555444565444443444445554444444444444443444444433333332553233444333335843333334443444334443333343344344444434444455555545555554443
76655555555445432223433422566432223444599976655667777644456445775554444455444455554444443444544444444444444444444444333333333543333444333335633334344444443444344433334443444444444444555554555555554443
66655555544545423222332443456555322422389755556667776644445544555443344444444444554444343444443444444444444444444443333333333433333333333444333343344444443444344434434444434443344445555544555545555543
56654555444544422322443343455543222321288545556667777644444644455433333444455544544444344444432334444444444444444443333333333434332333334444333343344444444444444444444444444333444455555444455545554544
66655445544444422222444245564443123321396445565667777654444543444433333444566654554333333334433333344444444444444333333333333443332233334553333333344444444444444444444443444333344455444444455555555455
56665445443323432122344335444333345631594445566676777654444443344333333455676765444433333333333333333344444444333333333223433463333333345743333333344444444444444444444444443333444444444444455555555455
45655455544322432333344424444334444441864445556676666654344443334333333455765655443333333333334443233334444333333333332234433354443332355433333333334344444444444444444444443333344444434445545555554455
44544465443332233454456533444544543545843444555665666664333443333333333356654433333333333333344443334333333333333333332344333334553333333333333333334444444444444433344433333333444443334445444455554555
55566544554433466466556644564555545779644444455555666665433443333333333365543333333333333333334443344433333333333322223443333322454333333333333333334444443444434434444433333333344433344444444455554455
55566764455555555447745655666654456798444444454555666666433454333333332354333233223333333333333333444433333333333222344443333332232232233333334333334444334444434444444333333333444433344444444455444455
55455554445555554443443433544454455696433334433455666666534587333333332343322233223333333333333333444333333333333223344433333222222222223333333334334444334434443334444443333333444433334444444444444555
56555655455554445434444342355444456884433334444555666666644896322222232233222232223333333333333333333333333333333234333333333322222222223333333333334344434433444444444444333333344443344444444444444544
65667776555554445433324455555544566853433333445555566666656985332222223322222222223333333333333333333333333333332244333343333333222222223333333333343344434444444444443343333344334443444444444444444444
55556777666545555455533555454456678624533444444555556666666885433222233322222222233333333333333333333333333344443443333343333223322222222333333333433344443444444444433333333344344443444444444444444444
76546555656655556556554554444456678424534444555555556665667775433222233222222222233333333333333333333333335543335543333433333322332222222223333333434444444443443344333333333343444444444444444444444445
56545554545555545665555554444455678743334444555555555555568765432343233222222222233333333333333333333333364322233344333333333322222222222222333333333444334443433333333333333443444444444444444444444455
65576555444445565556545554444435898753334444445555555555568754432333322222222222223333333333333333333333442233332234333333333322222222222223333333333444344344433334433333334433443444444444444444445555
65568655445436766555557655554445788852344444445555555555557644443222434322222222223333333333333333333223422333333223333333333322222222222223333333333443344444433334433333334434443444444444444444455555
66678755534555666555556756777655676853434444444555555555565544543333334532222222222222232232223344444334442233333323333333333322222222222223333333334444444433433333333333334444443344444444443444444455
65567764444445666665665666777656766863334444444455555555555544554333333442334433443333444433333344444445532223333332333333343322222222222223233333334443344433433333333333334444433344444444444444444445
66665555445445555555665666655665776884344444444444555555555544433222244353487544454444444444444444444455532222333333333333333332222222222222333333333433334434333333333333444344433344444434344444444444
65665554456643444565555565566666676796444434334444444455555444332222224433464333344444544455654454444455532222233333333333433333222222222222233333333443334444333333333344444444443444444433444444455445
55556544456654345555455546666656755688555333333333333445555444432233222344544455555555555567654454444445532222223333343333333333322222222222222233333343334333333333333344444444344444444433445444444444
65556654466665445445445555776555655578654323344344333344455544433233322245653355565566555576543344444444432222222333333333333333332222222222222233333333333333333333333444343443344444444343454344444444
78544555566656555555545555677667655788764455587545655554444544443333322245653345556655444575443444444433333233322223333333333333333222222222222233333333333333333333333333343444443444444344443344444444
56534665556645645556555656666655676799876667567545765555544554443532322235533344445554344675444444433333224466432234433333433333333222222222222223333333333333333333333333333344444444444344443444444444
54445675557765655566655556555544556668777776556544666667654454344442222234433333444444333664333333332222212674323444333333344333333222222222222233333333333333333333333333333344444444443444444444444444
54455455567876665665544556664444445555665677665545555568765445334433333333332223233332233664222222222222222753444333333333344433333222222222222233333333333333333333333333333344444444443444444444444444
64455434678887666764443466675444445545555556655445544456756545533443333332112222222222223564222222222222223631223223333323444433332222222222222223333333333333333333333333333444444444433344434444444443
56444455677667667665444677675544554434565555554454444446567744554444333323111222222222222454222222222222223431233233333333444433332212222222222223333333333333333333333333333343344444443343334444444433
36775445776546756876556886566666655554555556544564333335788444555554333323211112222222222354222222222222246331342333333333444433333211222222222223333333334333333333333333333344444444443343444444444343
46887544556655665887666675566676555566654555645564322347996334555555433333211122222222222243222222222222246332333333333333444443333221122222222222233333333333333333333333333344444444444444444444444443
65655544435655676777765566677655555556873444565553332489997234555555433333212212222222222234222222222222234343333333333323444443333332111222222222233333333333333333333333333444444444444444444444444444
44443344434665667665555556787555554443774444566543334879983344555666543333211222222222222234322222222222234343333333222233444433333333221122222222233333333333333333333333333344444444444334444444444444
33344334444678778766543456776545554333475455555453359659632334555666543443321222222222222223332222222222222343322333322234444433333332322122222222233333333333333333333333333344444444444444444444444444
43344466565589989966644446666655544344454356554554379344222224556656543443321222222222222223332222222222222333322333322234545444333333333222222222223333333333333333333333333344444444433444444344444444
43344456777678888975555444554554433334543456545556554322222223444556554344322122222222222223222222222222222333332333333334555444444333333222222222223333333333333333333333333344434444333334443344444444
43333455676556778875335555544444443334565455445568432222222112333555554344332122222222222222222222222222223333332433333334555445444433333222223222222333333333333333333333333334434444333344443344444444
44433344544335876654434556554443343344456555456577322222221123345555555444433222222222222222222222222222223343333433333334654345554433333322232222222333333333333333333333333334434444443343444444444444
54444333344444566554466566655443343334445655557665211111111123344455455433443222222222222222223222222222223443333433322234543323443344333323333222232233333333333333333333333334434444443344444444444444
44455423444444345644566555544443333445554564446653211111111223333453466544443322222222222222233332222235534443333433322223532322433244433323333332232233333333333333333333333333334444443344444444444344
34554222343343344554443332223444333465534576335674111111222233333444566544444321222222222222233333322346554432334433222223432231323345433322233322332223333333333333333333333333333444444344434444444344
34644323344444345445443332222455334345324665434775422222233333333345555654444332122222222333233333333343234434444433222223432232233454433333233333332222233333333333333333333333333344444434433444444344
33545555554354344444533333211344423335446653443765544422333333433455434554444433222223323333333333333433333444344443222223432132123465433433333333332222233333333333333333333333333333444444444444444344
43344566643233344454543322332223442235678745554565434544333333334555544554444333222233333333333333333332333443333443322234432123122455444433333333333222233333333333333333333333333333443444444444444444
33234654443333454344452322344222444434676544554456333445533333344555555554443333322233334444443333321245433333333433333334432223212454344323333333333332233333333333333333333333333333344444443444444444
32334553343434554333354232336333334445564333454556322445543333343345555554554333323333444444433332211134433333233333333334322223212444344222333333333232233333333333333333333334333333334444344444444444
33344444444344344654545433346633444456755643354466422445654443333334344444455433333333444333322322222234333333333333333333322224212434433213443333333333233333333333333333333333333334334444344444444444
43454333443234333365454444444744466556666674444346542445654553442245334333555654333233465433343333344433333333333333333333222223312434432225664333333333223333333333333333333333333334434444444444444444
44444432454333344234344443432454557644444575334434664344664443444346544323565567644355566554345334455434334333333333333443112332222235532235655433333333322333333333333333333333333434333444444444444444
44444333245544346334333444343344445543443466434532686343565543344566755324665456654566566445345444475344334344433333333343113674334225544556553323333333332333333333333333333333333433344444444444444444
44444433334555545433433344334454323445654457655543587444566654444455787645654444344556666544245344465443333445544333333333325888666535667775324212333333332333333333333333333333333444344344444444444444
44444433565444445433344444333345433434554447755454577434456655554334468854555554445467666443234444354454233345554433333334545788777645667654213212433333332333333333333333333333334444344444444444444444
45445433455445434543333454333343443323333445666445457545545544555334444565556675455557765443232443333354323343454433333334533467676645544322113313433333332233333333333333333333334444444444444444444444
45545544444444454554333355334343333322432456568645555666645533554344444556677765445646765333232244333354333333444333333234322356555645532221113313543333322233333333333333333333334444444443444444444444
44545655445432454564433445333334333332344567768754565465655543555444345566577754345665666333232234333455423333453333322223333455655655432222124324444333322223333333333333333333334433444443444444444444
44445655445433333454333444433322333324444556755776557563555543455543346665656543445565775423322133323344422332343333332223223345664556432211224434334433322223333333333333333333334444344333344444444433
44445556544333333456544455543332332344454455655566557775454544444444455756664454555565775432322223322223332232332333332223223344544556442111244545334543333333333333333333333333333333344344444444444433
44445557765433344456764456655555333344445444545566667877464553544443556555555446655665675453333533222222454343342333322222223344433545544221134457423455333333333333333333333333333333444434444444444444
34444555544554444444553345643676434554444443444566788776465453455544456546664445555565676566334852322222455444343333322222223233323455555321123457523444433333333333333333333333333333443344444444444334
43344455532357653234543333542467655554432334344566777766456554455444557656775445455455686566334873232212455554334333322222223423334444565432233455633454454333333333333333333333333333333444444444444333
45434445554444575433443444775545776752344234445667756666546544544454566886654555545555656655345653333212355754335633322222223443344544576543354455332354444333333333333333333333333333333444444433343334
35544334554564467664554455786775587675456556666666654566655444544455556886444565555544455544346753333212335753455733322222333465544454478543455555322244444433333333333333333333333333334444444444433334
33334334556576555566687666686666677557667666676566544577654444444445654785333565444444555433334664233222234742356633321222333357665345458832365544532345555543333333333333333333333333334444444443333344
23335434446656565466567788876556656656776545565555444467754334564445775796433354434344465433234444223311224542346633322222233356456545546762335653452356555543333333333333333333333333334444443344333444
33334543544643354455556677766656755665677534455444344566654333676556676586543343234434455433334443232311223443245743322222223246344454555443333553255466546434333333333333333333343333334444433333333344
23333444564344333345556665555545665665567643444443333455644444577788646566433333223444455444346455322441113433355543322232332235434345455433334432246656668724433333333333333333333333334434334444333444
33323334453234443346545565555555555555566654333345333346764544467767647755423332222224334534345535533563112422235543322232333235534535444533334532247866768834443333333344333333333333334334333334433344
33322344443334455577654556666567655554566544444445533335676553356545546773333223111222334543334434554443223432224543222233334335543445545442233443355686786833433333333344333333333333333333333333333444
33333445554444545577555556666677776555455543444445563347767755456655454565343222211222245444334233443221335533222543222233334545334345557643344444345478489533343333333333333333333333333333333333433444
45444655555654455656445655678787776544444443332344586247865665568766445455433543321112235443334322353223344743222543222223333565414434557654445345434568479744463233333333333333333344333333333333333444
46545755666777666655655555578898644444333443322344358556855444667755534555543563222212233333334443345423445674312553222223333465433443346545433345434756458864555334333333333333333444433333333333334444
55656655556556677756775556566788643443344444322344335456864544345645543555443453222222232223323444345543334568433453222223333454444465345424432455443565336764442233333334333333333444333333343333334444
55666555555443346776664466555556655444346665543343334546873443224665543454435343222221122123222333235455443446755453222222333455433446345423333564344335635665432233333333333333334444433333343333334444
55656545545445445798545666455556544444445676454343355645852343345577445456668633222221122112332223234545444445775553222222234435533335555323333663224332455665577433233333333333333444433333333333344444
56555555545544444699844654455675664344554455444433455554752233356665436578877843222221123223454322336655444434576553322222234544653334555323334552222332246655458986323433333333333333333333333333344444
67656556545554555687655554578875445444344334333333554465543233346776325778885543223222234433454444456766544533347544332222234434574434555323445631232333345653433589843433333333333333333333333344444444
67866666656655576675456555557753334443234332344434553366543544456774433677787433342222233543444456555666545543335554332222234423456664444422356631223244454552332236995333333333333333333333333333444444
55786567665555578765446566543223355443344443334544542344445664455563333676668633577322234444434446755565334543355544332222234421235686344432245542222224664454332222567643333333333333333333333333434444
54566657776455567775445556554433357445444444332345554333447964344444333675544543578831223567554476765666544453347754333222334445246666434543234323432244675457676333333454333333333433333333333333444444
65455556877334566665434555545334555534443334322247877532347974444434443576433454575674345457655467666667655444335764333222334447646754434443333433443347777668878543433335433333333433333333333334444444
55444545776534355554434555544424566542444333322368866543445874445433444565433345477357435434566557767566665543332676333222334446755553333333332453333335667666774243332332443333343333333334334434444444
45544545665553344454434554432432444553345443233567632333435653335446434565643334456523432323356767876676566665322366333322345434645444222443332254333334445654556224233333244333344433333334434434444444
45565555665553344455555433322243333554355344334665323323335732344446655555653234445542365544445677888887555556432247433332346543455434322454333233333333233354445533433444333333344433333334444444444444
45666554556554334445566434432245566664445444544665653333323752344534555545555334334343687665665565788888754445542235533333235555466444433345433222233332133244453564543334433343344433333334344444444444
55565445544644333345555445553246766664345444455556775443343562244444555545555534434546988666776555567767654334555333443333334456567544554333454223234443134444343345553344743343334433333333344444444444
54343445544643323334543333455467775455445555567665554443334343244444656534556545434666897766576554556756555444566533333333322345555544455565457434334654344445535644454344674554433433333333444444444444
55334444444564222223433333345567776445544545667666653343422323246555656533455545533578665566667665566755545456665433333333322234455445445567666654433665345444665875454444575554444443333344444444444444
64223343333465222322222224434444556433444444445545765554442222334566555433344455643347544445767775456754545567886433433332222234456445545678877765433666345444676576644454566444444443333344444444444444
44232233322344222332211233333333323444444434434455556765443332454457544433333446664333234455676887555654444656666433354332322233456655577788987676554565446444677545554454356643344444433444444444444444
33244233322343322343211243332223332444445654345457545675333343465556544432334445765433223455565565555564333444442233224444443333466657668887667656565465336655566545443354334444334454444444444444444444
43244332322343442356322123222211233444545653335456755676433345466577543332244444564323333475554343355454222333453332223444333333346545766688665765665555434554444444444344333333334444444444444444444444
44344333333454454477523323322211224443466554334445665577544444456457543244234434553234532366444233445445322222354453222233334333345443556678665576666555555555554444344423333333333444444444444444444444
44344454443334344487422334421221223444466544443545676566555543466445653256544444454389952133344242355545422222333455321222223344444333346656555456666655555666777665433532323322343433444444444444444444
44344465444334333377332223432221123332366444353566568765565543577543354346544444445369994113333233355444332223223335542222112344444333345755544444655555555565566766532342222322244554444444444444444444
