23322232278422222222333333333346323333255332213333223231133332785332322222221111111111233238632332232322268442233332334423221223367433223333223222473111222223468888888888888888888887875488864333334777
22222222278422222323343323323265332332266332334443324333444332686443232233212221211112434327742433233213247542223333432323221233368533223432223232585211222222246788888888888888888887875488743333334555
33323333387444454545454444444487444444576345555555445555445444796544433344433333434445555547744544454224334442324333432225333445358632222432223323454211243222243456788888888888888886775485444344333334
44444444476454444444444545544587455555566355555555555555545555796455555555545555556555555568734555555556555555545444544445544445337533333532223333242211242111243234568888887878888787775454334353332223
33333333387433333333333344443378444444466344444444444444444454796444445555445544555555554456634554455555554544544334545555555555567533445544345444454322243434443433357888886546887567775345544353222222
33333333387433333333333333333368533333356334334444444433334443796444444444444444444445444443344444444455555544433245444555555555555534555555555555555555555555555555566666776545566446776346554453222223
33333333387444444343333333333368433333357433333333333333333333796443333344444444444444444542134444444444444545432266544444554554566534544454455555555555555555555555555555555555555556775355555665555555
34333333387333333343333333333368533333357433333333333333333343796433333334443343333333334841124444444444444444422476644434444444467534545444454555555455545555555555555555555555555542664355555555555555
33333333387433333333333333333358533333357433334333334333443443796444444344444444334444444851124444444444444444323666644333444444466533444444444444444444444444444454444555555544455553675455555555555555
43333333387433333333433334444458633333447434433334444344444444796444444444444444444444445972124444444444444444334755754444444444476533444444444444444444344444444444444444444444444445775344455445555555
44443433387433443333343344444447644433446434343333433344444444785444444444444444444444445994124444444444444444456746854444444444466533444444444444444444444444444444444444444444444445776444444444444444
44444444486444344443343434333348643343347434444444343344444333696444444444444444444444446997325444444444444444367648844444444444466534444444444444444444444444444444444444444334444446776444444444344433
44444444486444444444444444444448743333347534444334444344444433696444334443434444444444445999425544344444444444478668844444444444466534444444444444444444344444444444444344444444444445776444444444444444
44444444485344444444444444444436744443446524344444444344444444696433334443444444444444444899624544444444444444599667744444444443466534444444444444444344444444444444444444444444444445776444444444444444
44444444586444444444444444444445554444436634444444444444444444796444444444443344443444444899624544444444444444598666744444444444477534444444444444333444444444444444344444444444444445776434444444444444
44444444486444444444444444444447644444446634444444444444444444596444444444444444444444444799624544444444444453588756734444444444476423344444444333334444334444444443334444444444444445776444444444444444
44444444485444444444444444444446844444446634444444444444444444586444444444444444444444444799724544443444444443488556744444444444476433444444444433344444444444444433333334444444444435776444444444444444
44444444586444444444444444444446854444446534444444444444444444695444444444444444444444444699724554444444444453375556743444444444476534444444444444444434444444444444444444344444444445776534444444444444
44444444586444443444444444444446844444446534444444444444444444696444444444444444444444445699723554444444444453366566654444444444477534444444344334444444444444444444333433444444444444676534444444444444
33333344485344433333433444444446844444446634444445444444444444696444444444444444444444445699844454444444444454376655764434444444477534434444344434444444444444444444434434444445444444776534444444444444
44443444486443444443333434434444554444446634444444444444444444696444444444444444544444445789954445554444544454477535744444443444477534444444444433444444444444444444444344444344444445776534434444444444
44444444586444444444444444444434643444444634344444444444444443696443443334444444444433335779964434444445554544477436644444444444477533444433444444444444444444444444444444443434444434776434444444444444
33433333486444444444444444444434853333446634454444555554455444486444444444444444444444445889974432344444444434478757754444444444477534444433443344434444454444444444444444444444444444775434434444444444
33332233496333344444433444333323543333335633344455555565555544586455555445544445444444445789984432224444444334478658864444444444577533444444433444433444444443443334444444444444334345776534434444443444
33333333475222222255444444333344433333335732233444443454445555696455655666555556555555555789985432112455443334577679754444444444257534444444443444444443344443443334443444444444333344776534443433433433
44444443444333332267332222233566423333335632223334443444444444696455555554654455555666655899995332110355533334568899665555444444467534444444454444444444444444444444433444444334434344776533343334434443
33344443443344334355333343344554544444335544444444444444334444596354444444554554445444445899995333322245533444468997555555555544477534444545455445544444544444545544444444444444444444676533334434333333
44443343443333433344444444444444445444455554545444555444444443597432333444444444545444544699996456654335545655469996544444555665577535555555555555545554444444444444444444444444445444676534444344444444
44444443444444433444445444334344444444443445445445655445444444596332234434443344333543433489997776666666667756679985444444444555577534655555555555556565555555444444444444444444444444777534544444444444
44444444444444444444544344444344443444444444445544545445444344476333343434333334333443444469997766666666665555888864444444444444577534444344444444555555555555555445444444444444444444677534445444555555
44444434444445445445444444445445544444444444444333443444444344444455443344333333333434444458976566655555554455676644544444444444467634444444443444444455444444555555665555555444444444677534444444444444
44554444444445555555545454555555544545554544444444443454554444443454333343334344433334334357766665555555554445346424545555444444477534444444443334454344443333444444555555555545555444577534444444444444
45665544444554544444454444455555545565555544444444444455565555544554444444433444333343345677677665555566555554335423544444444454576534554444444444345544333434443333344344444455545443267644444444444444
55555544555454545444434544455555554455455544444444444445895244344554544444444343434333555667776656556666555554323323544444344345477534544444544444455554444555543444344333343444444444477644454444444444
65545544554554454344445454455555555455555544454454445544664344454444445555545444444444566677766555566665444444322223443444444344267534454444655445554544544455444555555544444444333444587544555554444444
55554444454444454454455554555554455554454455555455656544444444454434445444445445554445687777766665665667754543222222554455444444467533444556544456655443554455444454454454444444333343577643444454545555
55554555555555565555555544455566455555554455444445654555545444444444444444445445543334457777766655654678754543221112444444444444577533455554445566555555544443344444454344445544454544577653443444444444
54445445554555455455444344454565545555555565455544554555545455554544444444454554433443138777656555556754322233211211343344444544477644554555555565555445444544444444444443344444444544577653443444343344
54445445444455455454344334445564444455454565455445544545445544443544444554444444444542157766566544446621100012221222344344544444466456555555555555555544444444444444443454443444434455577653444544544344
44454444444445445444455455544554454455444444554444555445545544454544445544444444454443476554565544545621111012222332344333444344576454455555556666666554444444444454453444444444445445477653444444444454
44555544445455455444544454555444553444444555544544555445455444554445544444434445554445666544445445555544210001121222344344444445576556655556667777666665444444445434433433334344345554467653444444444465
44444454444444444444444454444434554444545555444543344544444444444443444354433444534445555555433345543434421111221122334444344444556666555555667776666556544434335434445433354345655555567653345444443445
34454454455444444454444454454444444544445555444443433444444444444432334333443443434555876445444445433333321222221122334444456554578755556666667766666555554444444444444444444444555555437654544345443545
44445555544444444444434455454454445444444444444444444554544445444554454544445444445568888755434434332322221222221112234555587555687655566678777766666655654444444334444333444444455445326654444444444444
44443345445554344445444555444444444444444444444455445444555445555555455545455445676698688853333333322222211121221112224555555668766655665667777655676655554344334444444442343444444444457653433443444444
54444444444444444345444454444444444554444454445555544445554445544554444444554445766998889864332333222223321122221112223344457866555566766667777555566655543334434444433333444445433443467754344344434444
43434444543344444334434444444444444444555555555555555555565454444544444444544445669999878864432222211223321122211111222334446665555567765556666556655555554223444444433444434344443343468754333334444444
44434334433455444334333444443444555434455455644455555565666544444554545545554445688998776673332221111232111122211111122233332355555677655665555665555444454222333443444444444444334444457764343334344334
44444444444445443334444445444443344445444344544555555556655444445555555455544445556877654474333222111231111122121111122233333124545567655556666655554443454322444444433343344444434444457764343444444433
54444444444444444444545456444444444445555454544455666556654444444444445455545445244554321125222212321121111111121111122223333212345555545556655555544343444322343334443344333333334444357764233344543443
54444444443443455444554455454444444334555444444456555555555554544455545454555554133433100005332125531111111111221111122223333321345554446665555554444333344422233333434333333444344343357764223444543343
44544443443444445445554455554444444446654333444555444444454554554546654444455553232332000014333213431111111112221111112222333332233453356665445554444344334432232333444344333343343444456755222334433333
34433344444334334333433344454444444455544444544445545555555444444555655655544543333322111234223212331111222223221111112222332333113343246665445444444444334542222344654444434333433444456653232333323333
33444444444333443343433444444444344445434445544545455544454444455445555555555543333222223332222211432112223223211111122222332233213333235555444444444444334652223445653344554444545644455543333332322222
33434433344443444444444444444443344445543434444445455445564554444444555455455544333322232222222211321122223222211111112222232223222333223454334344444444333542225555655455544445545553454433333343333243
33433333444333443344344433444344444444454444444455445455463444454445554454444544433322221122222211211221222212111211111222222222222333222344433444444333333442124554445545454555456544354334334333333333
34333343443333344333344444443444444444444444444444444544333444455444555554544544533323221222222211111111111111111111111122222222221233222234443444444433333442124454445456454444444433332335544333443333
34433344343344333343343433443454444444444444444444444444444444444443444554545654543323212222223321112111111111111111111122222222222222222223334444444433333332124445555445533343343434322335544455553333
43333343333433333343333333344444333444434444344343344445444443443443344455455544543333111222222311111101111111111111111122222222222222222222333344444443332332124445444444543343333345434445544464433333
33434443334443334433443344434454444334434444444343444445444445544444444544545444555443111111111311211101111111112111111222222222222222222222223344454333322232124554444344444444344344444344553554422343
44444433444444444443444444444434444444444334444443443444444444443444444444544444457763211000001311111101111111121111111122222222222222222222222343344332322222124443444434334444444443344445443433322233
44343444443343444433344344454334434444444344444444443444444444443344444444444434544432100000001311111001111111121111111122222222222222222222222333333322222222124443333333334443444444445444443333332233
44443444444434434443444454444444544444454344445444444444455454444334344444445434544321000000002311111111111121211111111122222222222222222222222233333322222222124444433344343343344444445444444334322343
44333544444344343444345544334444445434443344444444444444455455554444444444444444555421000011112212111111111221121111111112222222222222322222222222333222222221124344445444443444443344435434444445433343
44433433344444443333344444434333445543333444444433444444444444444444433344444544444532101111111112111111112211111111111112222222222222222222222222222222222221124444444444543334344434434333334444445443
33333333344333343333433344444332343444434444444433333443444444443354444444444444443344432111112112111211121111111111111112222222222222222222222222222222222221124444444433445344444434444333334544444444
33443333344433334333443434443443343444444554334445444444544344433444444444333333433223322111112112122321111111111111111112222222222222222222222222222222222221124444444433334444544434444433333433344344
34443333333333344433443344344443333433343343444345454454444444434554444434444433444212111111221122211011111111111111111122222222222222222222222222222222222221134544434444444433433344335434443444443444
33333333333333333444433333333433333333343333333344444453443444444544444445443434344321111111221111211111111111111111111112222222222222221122222222222222222211135544334434443333343344446534443544444544
33433343344333334344433333334444443434444333344444444453443344444443333445444444334432111111101124432353311111111111111112222222222222221111112222222222222221134444434444443343333344434344345644434444
33333333333333445433333323333333444434433344433434433544444344444434344334444445444433211123212244233343431111111111111111222222222222211111111222222222222222133344334243332333333344433333334444334344
33334333334333444333343333333343334433333345433344454443433345444433444445444444444544432344433443333444453111111111111111222222222222211111111112222222222222233443433443343323474344443444333333365334
33333334433334433333333344333333334333344343344333433433343334334245334434433333344544454544544554434334455211111111111111222222222222211111111111222222222222234334333444443333354333444443444443344343
43334344433333323333333333444333433333333333333333443323233334333444444334445443344443344434444554344344454311111111111111222222222222211111111111121222222222244333344544343334443344554344444333343344
33333333343333333343343333333333343333333323333333334333323333334444543334443444433333333333444455444444465541111111111111122222222222211111111111222222222222233433344444443344544444554344443333443444
33333343443344334544434533444333333333333233333333433333323333344334333433333333333334443344444554333344576421111111111111122222222222211111111111222222222222244434443455434454343443444344443333444445
33333333443443334433334433444323333333333333333433433333333333334444334343333233234434444444444553444454577432211111111111222222222222211111111222222222222222234433543455444554443344333434332434653444
43344443344443333333333432334433333333432334334333333323332344444333443343433334354443443344334444444443477532211111111111222222222222111111112222222432222222234344432344344664444554443333322434554344
43333543343454333333344443433454343334543334233344332223333333333423444344334434454333333444344444433333467642221111111111222222222222111111122222233542222222234344433334334443344443333233333334445434
33334433434453333443433333443444333333344333433545432323334434432343444343343444334333333333333343334333466654321111111111222222222222211111222222333332222222233333443334434333433432333343333335434444
33323433334444433454434443333433333322335333433334422333334433344334333333434434444334443433332233334332466664221112111111222222222222211222222233343333222222243333344433443333332543234644434454333434
33444433444434434444433344344444333333344434433234332343344344443333333344444433344443334433333334333333466665322211111111222222222222222222223333334333222222233333443433333333333343223743444334334433
33344444444444444545433434444444334433443344433334344443334444444433344344444334333333444333333444433343466656532211111112222222222222222333333333333433222222233333435543333332233223333643344235324433
34334444343345434446644434334444333333423333333344433444333444343334454444444434333333344434444343344333466655643222221111222222222222333333333333334432222222233343333333333334333324333643443245434344
43443343343343334434544444444344344333323343444333344454444443443334543344444443333343544434324443344444466666663222222222222222222222333333333444344433312222233343333333333333333333334323332333333233
33333344443334444333453354344444334444433454444444455544553333322233444334444444444443443443344443344443356666676333222222222222222222333333343443444235311122233333323333333343232434233332332332232234
33334334444444444444453345444444333444444443444443344544444332331222334433444434433433344454433444334444346666667423332222222222222222333332233343343344321112333322222233333323332434233332322322323233
33333334433354344455553344444665444444544444434433444545444333333334433334444333333334344443443333333444345666666622333333463222222222333322223334333433322222323223333334324232343323233322322232233234
34443344443344443454444555543665334544434444433333444444344334444334443344233433443333343323333333443343323567655543333335875222222213532222223434333333322222323323333333333222332234233332334333233333
44444444434333454445444445545565455544334444444233344334444333455443444333334334444333334334334344443344333456554336667789985322222114753222223444333223222223323433443333343333333334342334333333333454
44444443343334444445543344455456354433223444344434433324334443444444444433444433333334333333344445443344443455544588679999885332222115775222223334533333222222323333444333333333433233342233323233322333
34333433443344455555543444544556444333333453344345433323334444454444343232444433333333334333334434433333334435444899779999877433222215888522222334543433222223233443433333333333322342322332332233333333
44443333334445565544543334444545443344443333334334333333344324444433222233434443444433334333333333333333233434446888868899877533222225899842222333433343222222223443443333332333222333332332231243333323
44443444334443344433443443445533442444333234334443334333344233344333322232344323445433334333333344334333344444555766776467665433222224898952222333334334322222223444433333332333332233332332232233333333
34444555444343444333332334434435543432234333433444445433244334443334333432123234345433344333333444444443355444555444664335665433232224789884222333333444422222223344443323323342333443332234332333332334
44445444543343333433333334443345433332323322433444344333234444334335434442334434444334334445543444444445445533466743443333766566643234798896222334344433432222223334444343432223333443433334323323323434
34344344545433333334344445443445433333333423334434433333344343444344333333343334443334344445443334434444454333467874333332699898643234688999422444444444442222244434333444333334433433433332333323223422
34434443443443334334433344333345434333334333434434443433444444433444433323454334333344345543333434434454443433366895532232599999643234589999622433333344332222234434334344333333333334333332232333333332
33445423342333234343444333332334434333433443334434443344444444334344444333465444334455446444444445444353444444456896532233599999753235588877642333344333322211233333343333333343443334333322222433333333
33443423443322333443444333344433433344443543334334434333434334334444444433345443444444444334444445444434544444457787533334599998763244468888863334434334332111233343432322343343433233323333222333344334
33333433443423333443344333344344433344344334333333434343334334433443443333434444444444544544544345544444433444447777533333599998753244458899863333333344332111243343322432344333344333333333333333344334
33434433333233344442334444444445543443443333334333344544433333444333443333433544444435444343444444544544334444456777533333599998753244448899853343323554443111243434324443344344344333233433333433333334
33344533322333444444444433333434444444433343343334444343332334333434454434443445444333344344455444343333433444555788543333499988642244436888743444333454544111244334454344343344343433233323333433333333
33334433233454444444443333322334445333333333333344334434433234433444444444443445443343354444444444333433344344435678643333499988642333445788743454444445444111134434444344332344443344333322222222222233
34344444444444444543343334444434454443333433333344334443343334444343444343344444543454444544443334433433334344445678643333499987532344335777753343455355445111134444334443333453333333333332221224211122
33444433445555444444543333433333443433334543433334454333344345433333544444455444445444334533333334444443334344444567743332499987433343335666643443344333346211134333234544443443334433444333333333223221
32344434455444444343343222332223333343353444333445444343344344334334434444444444344333444443343334434443444444543566643331499986432344445666643433444434346211133333333444432334444433343333444333323333
33333433433334432344344122211334333333333334433335444443334343344433334333454443344334453344344444443343355334444556543332499875322345425666643333333344436111123333332334432433333333343433333445334443
33233333343444433444334212212233334433343333333444443443343333444643344434443333233345443344334533443433354344454556542233598765332333325655543333333344445211123333334333444343332323334333334433333342
44334333344444433444333223233433333334443334444454344344343345444555444443333333333334554444456433333333345444454466654333587665443333336655543444333344335211123333333334444344433333333334444333322222
43334344334444334433443333333333443334234234334444433444454444443445633343333333334434544443455333333433344434544566654333686554333333336655433444444344345311113333323333444333333233423334454333221111
53443444444444335433454433354334444333343234334544443335445544434444333344433333344343344343354333344333444444434565544433786655433323346555434444334433445521122233222333334433333333443333332222221111
