67776655655655566789999976544333443345667888889877898655666666666555566666665666666666666665656666666666656665665665666666666666666665556665666666665655666676677776665566666666666666666666666665667677
66666655566655666799999976543223333335667888899877997555666666667666665555555665566666666665666666666566656665666776666666555666666666666656666666665555666666666667666566666666666666666665666666667677
66555555566566667899999976543223222334567888999878996555666666666766666566666666666656666766566666656666665555666776666566555555556666666667766666665555666555666666655556656666667766766666666666666677
54444444555555666899999975543222211223567888898678997555666666666655555555666666566655566666566556656666556544566666666556566555566655556666666656676665666655566565544555665666666776666666666667666556
43334433445555556899999975544222111113567888887789985555566655666556434445667777666655555566576566765556546666666677665655565566656666566655566565565555654555565545555445555556655676666666655567666666
54445444334445556999999865553221111112567888999999965555566556665556455565567777765665566665566566676566666656667666655666666555665555556555566565555555554455545434555444445555555566666666555566666666
55544444446554556899999865443222210013678888999999965545555456655666666676556667655666655666555566666667676656666665555555666655555555555555566655555554455555534444555444555555566666666666666555666655
54555555555555545899999865443332110014778888999999865445543445666666666667656665665555543466556666656666666666666666665566666666555556655665566555566455555555556555555555555555556666666566666566676565
45665555555555545999999865566433211115778878999999654445533445555566655666566677765556655556666656655556666556666666665666666555555555656665566665555555565655545555555565555655555566666666666676666666
55565555555565545999999867887655432225777678999997554344434455655566655656666677666567666666666666666565565556666656655665556556566666666655556665655555566655445455555556655666665455666666767666666666
55565444455555556999999999987665544335788779999986543334445556666555556666666776765566666666675565577666765665566566776776566666666676665665556666656656665555555555555566666555565555666676665566666655
55555555556656667999998888888887777677888789999975432334445556766555455555666776666666655666666776667666766666666656766676555667766676665666567766666556766565555555555566667555566555666665555555665555
55555655556678888888887778888888899987888799999865422333444566665555555556666776556566644456655666666656775665677655655665565666666666666566556665666566666666555566666666666555556655555566655555566566
45555566678888888888877888888888988877888899999764322333444555555555565566666775556665555566555556666667666666676556666655566676556665556555655565555566667666665666666665665555566566555565666555556655
55455567888888888888888898887888888766898899998754222233345555555555554556666765666666555565665566666555554555565555567665667766655555556555655565555566666666666665655555666556666655555665566655655555
55555677678888888888889998877777666666899899998653222223345555555565444455556654566566666566555656666545554433445665556576656667655565665556665665556666655666556656655565567666666665655666666556555555
65457887788888888888888888777776666776899999987643222223445555556666654444455544455566666566666666665655544554333555555566555566456556666666555666666776576555666666556666666666666666666556666556555555
66788788888888888887788777666776677766899888987533222223455555656665556543455443445555656666665566665666555555444555565556666655555655665666666666666876676655566666556666666666666666666666666556555555
88888888888899988777777777666666676665688878886432222223455555566655544333444333454556666766665666666766776655655555656666665555545656665556645555666655555555666565556655446545666666566666666555555655
88988888888899888777777776666666677764457776666423222223444554455555652222333323344455556666666666556666666656666555665555544455456555555555556666656555466665555555665555556545666666556666666666666655
98888888889989887778877766666656777654457776665323222222345555555555664222223223333345556655556566665555565555665555655665444564564455554555555566656555555666655566655555555455555666655666555665666556
88888888899999888888887776666556776543356776665323222223344555444455543211222222222334455555555556666556666665656666666666666665666566565665446655666555556666665556766555555556655566656666555666656656
88888999999998888888888877766566666542346766554223222223444554222344332111221222223344555455445566665655666655444556656667766566665665556665555555656665676665555555566555665666666666665666666666556666
88888999999887767778888877665666666532356654443223222234323332122333321111221233233345555444444666655554545555544445655656766655556666655655555456665556655555666555555555655566555567665555666666556666
99999999988766555556777776554555555432345554433223222244211111121222111111211232233355555554434565555665554544445666655555665567667666556555555455566655655555565555655555555556555666666665666655555555
88899999877666556655567776544344544432334444332222222232111111111111111111112222333455555443334555555667555665556667766766555567766556555556666655566655555556566655665556567555555666676666776555555555
88899988777766666655555555544334443332233333332222222211111111111111111111112212234455444432234455566767666765566566666556665656555666665566665566655555555566565555555556555555555666566677665666655555
88888887787766666666665544333333333322233333222222221112222111111111111111111112234444433322223455566777666666666556666545565666655566666555665566666555555666545445556556555566556666676666667777755555
77778888888876666666655433333333333322233222222222221122222211111111111111111112233333333211223555567677765665656566665555555655555456566665556566665656665556666555566656566665555666666666788877655666
88778888999876777766554332222333333322222222222222222222222222222222211111111112322222232111224555667776666666666665556566666665556554555656655566446766545656565556556666556666555676656778765555567888
88888888998766777766554332222233333222222222212222221112222222222222221111111112111112221111124545666765556765556665555566655576655544564455565556657655644466555555556655556665666676667775445666788877
88998777766566666665554332222223333222222222212222221112222333332232222111111111111112211111134445556765565655655555555566556766655544346544455456665555765567655556556655667766777776666655566667777777
99875555443344555555554322222223333222221122122222111112222333333332222222111111111111111111234355456766655666555455566566666665655433334643354346655565555555666666667655678776666665556666767777777666
99753333211122233444554322222222333222211111122222111112222333333333333322211111111111111111232344566665445565555555566546766566764543334454354433545554556556666666766666777766666666667677767777777666
88642111101111222333444332222222333222211111122211111122222333333333333333222222111111111111222344456665555555666655555455665666653333435555444223333345566666667777777666666666776666666676777767767777
87533332201111112223333322222222333222221111122111111112223333333333333333332333211111111111212343456555655544566555555565566666544334334564333334432135556666777777777666667667766666666677777767777776
87654443111111111122333322222222333322222112211111111112222233333333334433333333212211111111123333456666665466665555555566676666434534355544433433334335555556778876666777777666666666666777677666666677
77655553211111111111233322222222333322222222111111221112222333333333333443334333222211111111123223555666565555555555555554576567543324587534534443333446766666666555677766766666666677777777776666666777
77666555321111111111222222222222233322222222211133221122223333333333333333344333333221111111222233455556655555565654555554556655543343466434335765555468876667766667777666777666666777777777777777777776
55556555432111000111122221222222233332222222101344322122233333333333333333344333343322211222322233356666655554455564455555544556665554456545566677776788777778887777776667877777766778778887778777777777
44555555433211010011111222222222233322222221113443322222333333333333333333344433443332112322233222456666655555555567665556654566666665677666666678887888887888877776666667777888777778888888888777777877
44555555433221121111122222222222223322222221014433332223333333333333333333334433433332223323332123456655556655555666665556665566666667777766677678888888877777666667767777777788888889988888888877778887
45555544333322222233333222222222222322222211023322333222233333333333333333334444443332333333322123455656767776655556655777566668777888887766788778999887777777666777767777777777899999998888888877778888
44444443333222333333333222233222222222222211123222333222222223333333333333334444444333443333322233455666677676666666666677666678888877655566899889998777777666667777777777777777889999998877777777777788
33334433332222333333322233333322222322222211222222233222222233333333333333333443344434444444321223444566666677777777776777677888776677656678999889987677777666667788887787777777889999998887777777777777
33333333322222222222222332232222222222222211222222233222222333333333333333333443344444444443322233333566677777666666666767777767755789988899999888877777777678777777888998888877899988887788888778777777
33333233322222222222222222222222222222222211222222222222222333333333333333333333334444444443222222222466666655444544444444667789866899988888998888877667887788887778889999988888999888777777888778777777
33333333222222222222222222222222222222222212222212222222222233333333333333333333333343444443323222222345444444444444345556899998778888877777787777777677776778767778889999999998889988777777777777777777
34444433322222222222222222222222222222222222222211223222222233333333333333333333333343344444333332222233334444445566668888899988888877777778777777777678887777777778888999999999888887888888888888877777
44444443322222222222222222222222222222221222222221233222222223333333333333333333333333344444443333333334444554455556689988888888877777677777777778988888898877788888888899999988887777778888888888877778
44444433222222222222222222222222222222112222222222222222222222333333333333333333333333444444444433444434445554444444578877777777766666666677777789999999987766788888888899899987777777778888888888777777
44443332222222222222222222222222222221123322222322222222222222333333333333333333333333344444444444444444445554334444566666777777766777776666667888999889987767777788888888888886666777778888887777777777
44332222222222222222222222222222222211223221222222222222222222222333333333333333333333344444444444444444445555443333455666666667777777766667777888888778877777777777888877888776667777777887777777777776
43222222222222222222222222222222222222222221111222222222222222222233333333333333333333333444444444444444444445544333344556666666677766666777888998777766666677777777788876777767777777777777777676677777
22222222222222222222222222222222222222222222111222222222222222222233333333333333333333333444444444444444444444444432233455656666666666667778999999877776666777777777777667777777777777877777766666677776
21122222222222222222222222222222222222222222211222222222222222222223332223333333333333333333334444444444444444444432222355556666666677777678999999867787777777778877777677777787777777777666665666666666
11111122222222222222222222222222222233222222211222222222222222222222223223333333333333333333334444444444444444444443222345556666666666667766788988766777777766678887777778877887777777766666655566666666
11111122222222222222222222222223322332222222211222222222222222222222223323333333333333333333334444444444444444444443211234456666666677667765678876666677777777778888778888877777776666766665555565566666
11111222222222222222222222222232211222222222112222112222222222222222223233333333333333333333333444444444444444444444321123455666777887777776667765566777888778788888777777777776666666666555555555455666
11111222222222222222222222222322211122221222112222112222222222222222222223333333333333333333333444444444444444444444332112345667767888766666556765567888888888878887767777777766666666655554555554445566
11112222222222222222222222223322221112221221112221112222222222222222222223333333333333333333333343344443444444444444332222344567777899766666656666678888888888777776667776666666666666555444455544555566
11112222222222222222222222233322221112212221112211112222222222222222222223333333333333333333333333334443333444444444433222334556666788766665555677888888877777766666666777666666666655555444455444555566
11111222222112221222222222333322222112212221112211112222222222222222222222333333333333333333333333334443333344444444433222233445555678766555556677888888887777666666666777766666566555555544444445545556
11111211222222222222222222333322222222222211112211111112222222222222222222333333333333333333333333334443333334444444443221223444444566665444556677888888987666665666666666666666555555544444444445444556
23433322222222222333333222333222222222222211122111111111222222222222222222233333333333333333333333333443333334444444443321123344444455654444566667777788887666666666667766666665555555544444444455544455
55443333222223333444433322333222222222212111221111111111222222222222222223322333333333333333333333333333333333444444443321123444444444554444566667777777887666666666666666666655665555544444444554444455
33222333333333334555432222222211222222112111111111111111222222222222222222222333333333333333333333333333333333334444443321223444444444544344566666676677777666666666666666666556655555555555555554444455
33333333444333335665332222222111222222111111111111111111122222222222222222222333333333333333333333333333333333334333333322223444444444444334556666666667776665666666665556666666555566555555555554444445
33333444443332246664333222111112322222111111111111111111122222222222222222222333333333333333333333333333333333333333333332223344444444443334455555666666766555566655566566666666555556555555555544444445
33333444433222246654332221111123333222111111111111111111122222222222222222222333333333333333333333333333333333333333333332223444444444433334445555566666666555566555555666556666665556555555555444444445
23333333332222245554321111111233322221111111221111111111122222222222222222222233333333333333333333333333333333333333333332123344444444433333344445556666665555556555555555565665665555555555544433334456
22223333222222235443211111111222223221111122222111111111122222222222222222222222233333333333333333333333333333333333333332123344444444333333334444455666666555555555555555555555555555555555544443333478
22122222112222224444321111111223332221111222222111111111122222222222222222222222233333333333333333333333333333333333333332123344444443333333333344445566666666555555555566656655555555555555444443333467
11111111111111222333321111111233332211111222222211111111122222222222222222222222233333333333333333333333333333333333333332123334344443333333333344445555556555555566555666656665555545544444444433333445
11111111111111122222222111111233332211111122222211111111112222222222222222222222223333333333333333333333333333333333333332123333333333333333333344444455555555655555555566656555555545444444444333333445
11111111111111111222222211111223322211111112222321111111111222222222222222222222223333333333333333333333333333333333333332123333333333333333333333444455544445556665555556655555555555444444444333334444
11111111111111111112122211112222322111111112223311111111111222222222222222222222223333333333333333333333333333333333333332123333333333333333333333444455554444556666555556655555555555444444444333334444
11111111111111111111111111112223322111111121112211111111111122222222222222222222223333333333333333333333333333333333333333223333333333333333333333333445554444555555556555555555555544444444444333334444
11111111111111111111111111122233322111111221111211111111111112222122222222222222233333333333333333333333333333333333333333223333333333333333333333333344444445555555566655555555555544444444444433334454
11111111111111111111111112223333322111111111111111111111111111122222222222222222333333333333333333333333333333333333333333223333333333333333333333333334444444555555555555566665456654444444444433334444
11111111111111111111111112223333322111111111111122222111111111122222222222222222333333333333333333333333333333333333333333223333333333333333333333333334444434455556555555566665445554443444444333334444
11111111111111111111111222223333321111111111111122112211111111222222222222222223333333333333333333333333333333333333333333223333333333333333333333333333444444445555555555555555444444443444333333333433
11111111111111111111111222233333221111111221111111112221111112222222222222222222333333333333333333333333333333333333333333322333333333333333333333333333344444445555555555655544444444333443333333333333
11111111111111111111112222333332211111112221111222222221111111222222222222222222333333333333333333333333333333333333333333222333333333333333333333333333333344445555555544555544444333334443333333333333
11111111111111111111122234433332111112222211112222222221111111222222222222222222333333333333333333333333333333333333333333222333333333333333333333333333333334445554444444444444433333333333333333333333
11111111111111111111122343333333211111222111122211111221111111222222222222222222222333333333333333333333333333333333333333222333333333333333333333333333333333444444444444444434333333333333333333333333
11111111111111111111223333334343311111221111112211111121121111222222222222222222222333333333333333333333333333333333333333322333333333333333333333333333333333344444444444444433333333333333333333333333
11111111111111111112233444445444321112221111111111111211111112222222222222222222222333333333333333333333333333333333333333322333333333333333333333333333333333333344444444334433333333333333333333333333
11122221111111122223344333444444432122221111111111222222211122222222222222222222222233333333333333333333333333333333333333322333333333333333333333333333333333333333344444433333333333333333333333333333
11222221112222233444443223333345543222221111111112222222211122222222222222222222222223333333333333333333333333333333333333322333333333333333333333333333333333333333334443333333333333333333333333333333
22222222122223444555532222222346543222211111111112221222211111222222222222222222222223323333333333333333333333333333333333322333333333333333333333333333333333333333333344444333333333333333333333333333
22222332112334445544222222222344432221211111111111211112111112222222222222222222222222222333333333333333333333333333333333322333333333333333333333333333333333333333333333333333333333333333333333333333
22235531111234554432222221123454332111111111111111211111111122222222222222222222222222222333333333333333333333333333333333322333333333333333333333333333333333333333333333333333333333333333333333333333
23343211111123432222222112345564332111111111111122221111111112212222222222222222222222222233333333333333333333333333333333323333333333322223333222233333333333333333333333333333333233333333333333333333
22211111111111222222221236644655542111111111111111111111111122222222222222222222222222222233333333333333333333333333333333323333333333222222333222233333333333333333333333333333333233333333333333333333
11111112322222222222212467745656542111111111111111211111111122222222222222222222222222222233333333333333333333333333333333323333333333322222222222223333333333333333333333333333333333333333223333333333
11223334554322221222235677666675542111111111112222111111111122222222222222222222222222222233333333333333333333333333333333323333333333222222222222223333333333333333333333333333333333333223223333333333
34554334643222222235555455455565532111112221112221111111111122222222222222222222222222222233333333333333333333333333333333223333333222222222222222223333333333333333333333333323333333333222223333333333
55554444554223334345555556566666532111122322112221111111111111222222222222222222222222222233333333333333333333333333333333223333333222222222222222222333333332233332223333333322233333332222222333333444
44334444544335443346544555565665421111223332211221111111111111222222222222222222222222222233333333333333333333333333333333223333333222222222222222222222333332223332222333233322233333332222223333333444
54446543544445443355445544455444321112223444221111111111111111112222222222222222222222222233333333333333333333333333333333223333332222222222222222222222233222222332222333223222233333222222223333333444
65445543455444344463445654544434321112223444422111111111111111112222222222222222222222222233333333333333333333333333333333223333332222222222222222222222223222222222222223222222233333322222223333333444
55433444554444356664555655433344321122223344422111111111111121112222222222222222222222222333333333333333333333333333333333233333322222222222222222222222222222222222222222222222222233322222333333333444
54444445565455556755566666434445322222233345433221112211211111111222222222222222222222222333333333333333333333333332333333233333322222222222222222222222222222222222222222222222222222222222333343333344
54354456654454445655445554445555322222333345544322222222222111111222222222222222222222222333333333333333333333333322333333233333322222222222222222222222222222222222222222222222222222222233233344333344
44554454322335434545424444445454323323333354655642222222222222111222222222222222222222223333333333333333333333333323333333233333322222222222222222222222222222222222222222222222222222222333233344333334
45654322234334345544433334443344223333322356766764222222222222222222222222222222222222223333333333333333333333333323333332233333322222222222222222222222222222222222222222222222222222223332233344333334
34544333235445355465333222333333223333222356655675322222222222222222222222222222222222223333333333333333333333333333333332233333322222222222222222222222222222222222222222222222222222233322233344333334
45455433345555575663222432222233222333223456544565542222222222222222222222222222222222233333333333333333333333333333333332233333322222222222222222222222222222222222222222222222222222233222233344333333
45665533555556776752333433432133233443234566556665553211111222222222222222222222222222233333333333333333333333333333333322233333322222222222222222222222222222222222222222222222222223333222333344333333
45544445444446776642443434323444234453235665666655554321111122222222222222222222222222233333333333333333333333333332223322232333322222222222222222222222222222222222222222222222222233322222333344333333
53334554533434355543323234563554334443235666555555554322111122222222222222222222222222223333333333333333333333333332222322233333322222222222222222222222222222222222222222222222222333322222333344333333
