63222222221235675443233222233322123223664322333233223256333333336888888888888888888888888777678888765556666678876533443322222233232442336888888888888888888888888888888888888888888888887777777777787532
63122222222212688532222333223232123222763222345332223356433323225778888888888888888888888876458887455576566667875343333344323223333553335788888888888888888888888888888888888888888888888778887777786444
63211222222224778743222233222221233222763223344322232235422222233577888888888888888888888787448888654454578787886434322544333223234443446788888888888888888888888888888888888888888888887778888777777565
53211222221127876633222332222211122222764233333322222233211122321356888888888888888888888787548888543333577776675433333443334212223322457888888888888888867778888888888888888888888888888777877777777766
63222222222213763323323322242222211233764232233222232224521112221246788888888888888888888787548886433333588643333433333433222222222222258888888888888888644556888888888888888888888888887777777787777777
63232222222223753323333323233222212233763232233222222326741112222223567888888888888888888787548874333333455533323333332333322222332222257887788888888887443333688888888877777688888888888777788888877777
64343323311222454222333334222232123343774222235222233235542112322222435678888888888888888777548654434333333445433433322223222222222222355765788888888875433333568888888887765588888888888788888888877777
63454445433453444443344344332454344341575222334222232332322122321112322346788888878888878777545433435223222345664433333322222222222332224445678888888875443444447768888888775478888888887678788888887767
63355445555554445445445554445555554554664233344333344444432112423334433334688888755588855777534544445222222445754333334312232222222333332334678888888876433334457648888877775488888888875557577887787667
63344444445444444444444443444555554555454355555555555555554555555555555555666777654565654687644654445333323544443333333322342222342222234334678888888875433334675637888877775588888877853344445775477557
63344444444444444444444444444444444445554344444544545555455555555555555555655555655655555677535555565555556655555555555555554554464444444445677777777764433335565536776777774488778876643333333543354334
63333344444444444444444444443444444445664344454444545555554554444555555555555555555555554257535555565555555655555556554555655555566555555555655555555655555555565555555567774466556655544454444544444444
63333333333333333333334444433334444444664244444444444444444444444454454544455555555455555357544555555555555555555555545555555555566555555555555555555655555555565555555557775455555555555555555555555555
63333444433444444444444444443344443344764334444444444444444444444444444444444444444444444577544445544555555555555555555555555554555455555545444455544545555555555555455556775455544444454444444555555455
63344444444444444444444444444444444444665334444444444333444444444444444444444444444444444577644444444444444554555455555455555544444555555544544445544555555555555555555556775345555554444444444444444444
63343444444444444444444444444444444444564344444444443444444434444444444444444444443444444577644444444444443444444444444444444455544545445555555555544555444455545545555456775345555554444454444444444444
63343333333333433434434444444444443444664344434444444444444433444444444444434444444444444577644444444444444444444444444444444444444444444444444554454444444444444454545556876344544444444444444444444444
63243333333343333333333433344334434434665344444444444444433334444444444444444444444444444577644544444444444444444444444444444444444444444444444444444444444444444444445432775344444444444444444444444444
63343334444433343333333333343334434334765344444444444443333444444444444443444444444444444577743444444444444444444444444444444444444444444444444444444444444444444444444432665344444444444444444444444444
63243444334433344443334443343433334444664333444434433333334433344434444333344444444444444477754444444444444444444444444444444444444444444444444444444444444444444444444444765444444444444444444444444444
64233343334444444444334444443443334344753234444344443333344444444444444333333344444444444478653444444444444444444444444444444444444444444444444444444444444444444444444446665544444444444444444444444444
74343333333433333333333344333344444344764334444344434333444344444444444434444444444444444478753444444444444444444444444344443444443444444444444444444444444444444444444446765454444444444344444434444444
74244333433333334443333434434344444444765344344444433344444444444444444433344334444444444467753544444444444444444444444444444444444444333333344434343443333444444344444446775444444444444334444444444433
63344344434333343344333333443344443444765344343343443344444434444444444443344344444454444468753444444444444443444444444444444344444444444344344444343443434444444444444446666444444444444344444444444444
64344444433334434344334433434344333344765334344443344334444444444444444444444444443444444478753444444444444444444444444444444444444444444444444444444444444444444444444446655543343443444443343444444444
74244444444444444444444443434343433334775333444334434444444444444444444444444444434344444445643444444444444444443344444444444444444444444444444444444444444444444444444346765444343334444433433343333344
64233444444444444444344443433333444445765333443333333434344444444444444444444334444444444222443444444444444444444444444334444433433333344444444344444444443344444444344347875444344334333333333333343344
74234444344443444334443334444434433435765334444344333333333444444334343344444223444443333234353444344434444444444444444444444444443433444444344444444444333334333334333347876444333334333333333333333333
64244444444443444444444444433444444443665334444444334443434433444334333344344312544344333245443444333343443344444344444444444444444433444444444444444444433334343344333347775443333333334433443433333333
64244444444444444444444444444444444442565344444444444444444444444444444444344521544444344444533344444444444444444444333344444444444444444344444444444444444444455544444447765333333333334333444443333434
64344444555555555555445555555555544434765344444444544444444445544445455444444562356654454544633444555544444454455544444444444444444444444444444444455554555555655655555567656444443333333334443443444444
63243344444444444444444444444455555555775355445455544555454444444444444444444477245665554543633454445444544444444455444444444434443444445555555556666666666666666666666666654454444444444444443343444444
64343344444334434444433344444444455555775356555555555555555555555554444444444458424566544553533453344444343433344444444444444444444555556656777777666666676666556566666666666444444444444443443333444343
64243333434443444443334433444444444444765345443444444445555555555555554454444446633344334531543432344333223334454334445555445444456677677777776666666666666666666566666666665665454444444444344433333333
64233434344443444444444444443334443334675334443433344444444455544555555566655555665422113553343322344445545446564434444445555557888777776677766666667666666666655666666667665566654433444444434433334333
64233334344444533344345454444444444444675344443433333344443344433344444445555555576431113464243333466778777667776655466678885356677777777667766666676666666666555666666666666555664443333334333333344433
64233343334444444444433344445544334444765334444444344343344433333334334333443434467644345475443454454468877788877778888888885357777777777666666666666666666665555667666666666555666543333333333333344334
64223233334333443344444444434433333444765345434444444444555444444455434443443334446766776567631112222237776777777778888777784378888777766666666666555566666654565567666666666666677764443433333334443343
43313232233332333334433333333443333443675345444444544444445545444554445554545444444577776587421111222236666667777677777777774478888777666666666655555666666645566677776666666666777775444444444544433333
33223232223333433333333333433444333432575334444454444444444435544544444544544444444576765485211111222135566666666666766677873688787777777666666666666666666655666677776666676667777776455454444544444333
22332332223333333333333334444454343444675333434455444444444444444433434444543444445666666455311111222245656666566566666677764777777777777666666666666666666555666778776666666777777777545555455555544544
23333333333333334443333333333334444445776434433444444444444444445444434334434434446677666445312221122465556556666666666677755777777777777776666666666666666566566888877666666777777667645555544554555545
44433344433444444443333344343344444344676333433345443444445443334444444444434544457665566544212232235566566666656666666677746777777777777776666666666666777667667777877777666677777667654444444454444444
43333333344434433443433344333334433344674223333345454444444444334444444544434444566655566544323332455565566656656666666677757777777777777766666666666666666677667677777777777777786577754544444444444444
33333333344334444344433434443333343334654312223344344444434444444444454344334333666555566555533432344555555655566666667777757887777777777777676666666666766766666667777777777777776437764444444444454444
44444444554444444444433344343343443334664311122233443344333333334333354433454434676555566655334432134344455555666666667777768887777777777777777666666777767765666667878776777777765316764454444444444444
55444544444454444444544433334433444433554322322323333333332224433344444444433445675554445543235542123455544555666666677778877787777777787777777767667677677655766667777666777777654325865544444444554444
44443333444444444444554433334443333333433333333333322334444444544444433344443434675544454322334542113444445566666666677778777777777777777777667777677676676555666676666666777776554224875544444443444444
33443344433344454454455445444444443443432333333334334333344444444443334444444424564555444213334532112334445555666766677777766666677777777777666677777666665545677666666666777765443104885555544444444443
44333443333334445444445444544334544444543343323333344433344434444443344444333344564552011122331332111334445555566666677776665566666777777777666676776766554445676667766666677655432016975454455444445444
44443443344333343333334433444344444344533443434333334333333334432343444433334444554541322223423332111234444555566666777666665476666677776776667767776665445445676667776666676654321116876444444444444454
43344443334333343333343444443444555445545534444434334344344443333233334434444444654455753333354333211134445555666666776666654476567777666666666667776654455445676667777766666654321127776544333333444344
44433334434433344444444544554545544445544554434334444444444332434444334444333435645454434223454322211123445555566666776676544676657777766666666666666554454345776667777766666654211125687543334333333333
44444333434544444444444454444445444445444454444454443334454433434434433334343344555554333233543322221112444445556666677776335776666667776667666666655544454346886667777766666653111224787543333333333333
44444443344443444344444554443434444444444444444444343434444543323423334333343345555543343235531222333321333444556666776776357777766666776667666655555544443456896667777765676642112224786544444443443333
44444444444444444444445554444445443334444443344334444334344323222333333334543456556533332236411322323432223443446766666665567777776656666666666565544544444566787666777655787642112224886544433443334344
44444434433333443455445555444445444334444433344443354444443344333444322346544669875432233356211222333233222333435766666665777777776656666666565555544444566667667666666556777531122225886543333333344343
44444343323344334445444455555444444544455444444444444444444344444555434556533556897532432453111334433333323333433476666656777777776656666666555555555566766677657666665568766531122226886454333333332333
44444443334444334544433345555443444433554444454344444444444444444445555555554555556644533431113433334333333343443335555556667777766556765666666655466677766666546666666787854421222236886443334444433433
44444444444433445444433345444432222344433344444454444444444444445545544544455785555455434521125334443344333434443433333445566666666458766666666666677767766665324766667777754311222236886543343454443344
54445444444444454444444444444432243444434444445443444445455554445544444455554897864354321211135335444455333334443333432355566655555559877777776776766677666543223766677778853211222246886554333444443443
44444444444444444444444445444443344443344444434544445545444445445454445454456888754443322211345245445544333333444333443466666554445548878767767767644567755432222767777777852111222247886443335443544455
44443344444434344444544444445454344343444444433434555455443444444444444444455664443763134213455355345443234444333333334666666765445425766667875446433555532222234777777678752111222357775434445444433343
44444444454454444444444445445433444333444444334444545444533444444433445444443430132651111124455445444333222333333333336666767654454222444546764222223454332234444587678766752111223567765544444444433334
44544444334444444554444444445544444345444553333445444444444444444434444433334211321231122344455444333333223333334333357776776555542222222333443332223343333345444467779886663111234556665444334444343444
34343333244444445444445543444655544455454554455554433323233443333344344433333322210121124444434443443343234344333333576777765544322223333333344443444333344344434347789888754111244465555444434433344434
44334343334444445444555344334555644454344344344444444333333333343443344444444443101011124444343445444443334444434345667667765333222223344333444433443334344333343325889888874212222564554433434444333333
34344443333333343334444444344444543332344433343334444444443333344443343444454445433222334443344344444444554434544567767766653333222233344444445443443333443334333323789988885222224653543433333544233233
44333433344333344344444444444333454334444333444444444433443433343444434444444455443443344343433233445444444444554677777665544443333333444454443333344333333344333332689888887222238654434343333433333234
34443433344444444333443443333333334444443444444444443333444433333444444444444333443444444343434333344333434454346677788644444334433333454333343333333444333333233223489878888312248575433333344434334344
33323333343343453443333333433443244444444444334344434444443344433443344444444334444444433433353344434334344444456667786444443434633223343333443333344333333333333333379888889512369464333333344433344343
23433333333333343333333344433344443443344344333444443444444444433454345444334344443333333334464344434444455444456666775434443444532113333332323343333333333333334332369988889732368344333333433443333343
33334333344333333322233344433344343443344554444434444434444444434454445443334444433433333444343444446443434444446665554544433444422113333243223233333333333333343333348988888853348543333343333333334343
33344444444444444343333344344343344344344443444333443344444344333444344444343334334433333444343333344433433444336554333443433322322223343222222222333333433343333333336998888874248875343443433323333332
34433444434445444333344345444334433443334444454444444433335534434445543444343433323234533444433344333335533443335555554433322232322333442212223333343323333333433343335999887886238886543333333334433333
33443443344434443355334343443333444343334444344344444334335433334434433333334443433334643334334444443434434444334556654333322432322333343333334433443433344334444333334798787765327887633333333333433333
33333332344434443355344344334433444433333334343344433334333333433433443333344444333333544345543444443334434444343476654333333533322333344334443333333343443344433343333599677765325888633333333334344324
33334433333334344245433344434434444343344444443444433444444444444444443333344444433345443345544344434344434444543477666433333443322233334333333333333454433344333343333598656666323887634333333433333334
44445543333333433344433344444444444444334344333433343334444444333333334333333444433444435544443444323234344534433347666534432333322233333333344333334433333333333343333489657765322687534333344333323333
33344443443443333333344444434323344344434444343433444444334334344433334344434554444544433443333332322346433423432247677764322242322223333333344333333333333444433333433369767765322378633333333333223323
34434443333444344433343343333333334333443443333334443444344443344433344435534443446645444543332222222355532322321237777786322332332225433332343333333444333444333333243248788764322249643343443333433333
44345443333444443344343343333344334434343443334434433354444443343443343343423433445434444433333332332353542211322336777654333533223135422232233333322444343343423233123227788864222227633234433333433323
43334433333433343344433443433334434333344333344333333344333543344434443444334344344434344433234433334442322222443344776434334423323245322321132322222232233342222332211225878764232224632233322132334433
32334333433433333344323353344333333433333333343333223333223334433433543333444335443443335443345443344532112333342233564454333322323255332211131211211222123232211321112213878763232223522222221232333434
33333433322233333432233353344333343433433333333333322333233334324534633333334333433333324432246433333433222364243332265654443221323254431222321111122222123221111121112203877763122222322111111112323223
33333333332223333453332333333333233233443433322233332334343333323323333334445333433322333333346443432453244355334433356654443123122344454222321111121122323412511221112202887763212223311111211112222222
32322332333323334343333333333332333234433323333333233334333344333323343333345433333333343233436343443353333433343433246654443124232235576421221211142123355223311221122214887763322223331111211211112244
23333333333333333343233332333333333344333332333344354333334313444433433443333333333343333333443234323333322343333333336544453112222346554332221321133234365333321321232424877663532223423201311311111154
33333333332333333344233233333333343344333222344433554343344424434344323433234334332333323332333324323223323444433332324444454112211245454343220452343334444343423543432424877755422223422311112211111122
44333333443333433333334333332334432233332323333334443433343244344333323433233333323333324242433323123333322334543323323344553111221234655575321443443334546644645433334435777754312224432211112111111121
43233333343333333333334444442333433333333333333344333433433344333333323223223232232223333222333232222322433333433333234335653113532332344355433465333345444544344434336556677653332225521111111121111124
33344433443333333433433333333333433343333334333333333243333433333333332223343333242323322332333323343333344433323333334343433113534223334333553454243334333443333454445546778752322345621111443532111135
33333433333444344334333333333333433333334434344333333333323223332333333334333433333323332343423343233333244533233433233332222122333523334444443434443336533343435453444336788753421356621110335411122322
33433333333433233333343344333333433333344333334333433344333233333334333334433333333334443323422333332333233333323332232332321123335423223444333335533434344333334434455446677633422247631120223322122322
22333333433322223443343445333434433332333334434433544344433333444333233323344333232323333423323322322334333332333322323322321233347432343444333334433553335313345433334345667533433345422311344222123433
33333343333343333343343444444334433333333343333433443334533333433343333433533333333333223333333322322433332343442333233333443322246533223333333233322334333323335323334455566532315655421323434322245333
33433344333334333333343443343443343333333433343433332234443333323334443433433333322333322333323323223333333443333243343333343343333432333332234333322334444323335333445556555313323354453323445633454324
33234333323222233333333332343444333333333333343334333333333333333434543444434334333343333433322343323334233453232334443334532343433332233333333323422233444233336332664456644223434643443343335553332222
23323323323322333433333333333343333443323243343344344433343444343333443343443334432332334434333333333233244333233344333434542333433233343325534453432334563324434344664345433334444543344433334442333322
32233333333322354444444433434444434433543344443445544423343433443333443344344434333344334334433323333333333222333474333433433333333333333344334453553333454443334334544433323434333444332333333332336322
23333444344333454333333443454433333433444334433434444433444443433443344434334333333333334343333323334333333333333455443333343333333444455343354323553334455343334424344332235535443333434333343442334323
54333434344344344333333333444433333444333344433444444433323343333433334433334333333443443343333223334333343443333433332233323333233434344333433333433332445343224433334222233356344443454244366343334454
54333233334444443333332223443343345444334334444343444333333333223433333333433233443444433333333332223333443444233434422222323333334333333333344433332333334223324223333222222254355443354333355223324663
32233334333443434333332333233334344334443344443343444333334324333334433343323323443333443333333333333334443444333434433343322232244323333333344333332333332334333232333434122343343343223223333243444652
33333344342433434333334433343334333444444344443333344334333343333343343443224433444343344342244333444333333332334423333333323232244323333433333333332332332332224444323434333344333322323523333333465454
33444344343334434334333443444545443444334444544344433333223554433443444334344543443444434343344343344344343343434433333333223433333223233533234332232332232231234543342335444245333443423343323356444454
44343344444443333433533444445444543453344444443444433343234455444444455334443343433455433444444442444443343433333333333333333323223333333333323322343233222233333222332222342233332663322442233443344443
34334334434433334444454344444444334443333344433433443454344444444334444444444343333343333434344343333343444433333333333233333333333343333333344333355434222223223233232232223553322564333332233333344433
43444343333333333344333344443344333334433333343344454343444454433344344443345443434443344434444333443333333433333333343333323334343333333343333323323233222223333333333232333333333354233233324343332333
43443333333323333344334443334333333344434333233334444333354333343444343333234544433344444343444334443443344433333333443332332444333332433433333333432332333333323323323223344323222332232223333333332233
34433333334332333343344333333344333344344343334444443434434333343333333323333334323433333333444433334443444333233333433343333444423533454433333334433333332233222333312323334333143333232323434333323222
33333334334433334333433334343343344433344344434344343333333344323344443333333344443433333333443344444333333433333334443354343433333434564333333434433333332332233333333333333333354333331323335332222211
