22222222122225942222222334332232325643233225633223444332333344433249634323223321221121111233332674233323321223764222333334242322123335853322233222233348621112222223668888888888888888888787537885333333
33323322233336843344444445444344437744444456734455555444544454544359644443334433333332334455554674354334422333444232333343221533244435863222233222332245531123322223445678888888888888888777637754443433
44444444444446745445545545555555557745555556634555555555555554555579655555555554555555656656556873465555545554555454445454444554443532763233343222333323221123311123323456788888778888878777635533444433
33333333433336844333433333444444436844444446634444444444444444455469644554555554555555555555445773355545555555455455555554555555555555753333453333444445431124333344333334788888765588866777644554444422
33333333333336843333333333333333335953433335733444444444444344444469644444444444444444554554445773354444455555554454554444455555555555553455555555555556555555555555555555677777654455754577643565435322
33333333333337844444433333333333335953333334743333333333333333333369644334434444444444444444445774344444444444455555555555444455445555653454445544555555455555555555555555555555555655555677645555556555
33333333333337843333334433333333435954333334743333333333333333333369643333333444334433433333444774344444444444444444444444434444444446753355554445555555555554555555555555555555555555554257534555556555
33334433333337843333333333433333334863333334743333433333433344344369644444444444444433444444444773344444444444444444444444433344444446753344444444444444444444554544545554555555555455555257644555555555
33334333333337843333333333333444444863334344743443334444444444444469644444444444444444444444445773344444444444444444444444444444444446753344444444444444444434444444444444444444444444444567544444544555
33444444333337843344333334334444444764444344653444343343334444444468544444444444444444444444445873344444444444444444444444444444444445653344444444444444444444444444444444444444444444444577644444444444
44444444444448744444434334333433334764344344643444444444334444443469644444444444444444444444445873344444444444444333444444444444444446653444444444444444444444444444444444444444433444444577643444444444
44444444444448744444444444444444444874334434753444433444434444444369644443444343444444444444445873344444444444444212444444444444444446753444444444444444444444444444444444434444444444444577643444444444
44444444444448634444444444444444444674444344662444444444434444444469643333444334444444444444445873344444444444443214644444444444444346753344444444444444434444444444444444444444444444444577643444444444
44444444444448644444444444444444444455444443563434444444444444444469644444444444334444344444445873344444444444443237764444444444444446753444444444444443344444444444444444444444444444444577653444444444
44444444444448744444444444444444444764444444663444444444444444444449644444444444444444444444445873344444344444443267675444444444444446642334444444443333344433444444444333444444444444444577653444444444
45544444444448644444444444444444444684444444663444444444444444444448645444444444444444444444445874344443344444444476685444444444444447643344444444443333444444444444443333333444444444443577653444444444
54544444444448644444444444444444444685444444653444444444444444444469544444444444444444444444445874344444444444455685685444334444444447653344444444444444443444444444444344444444444444444577653444444444
44344444444448644444444444444444444685445444653444444444444444444469644444444444454444444444444763344444444444456864884444444444444447753444444444433444444444444444444434344344444444444467653444444444
43333333334448534443333343444444444684444444663444444544444444444469644444445444444444444444443663444444444444468847974444443444444447753443444434443444444344444444444443443444444444444467653444444443
44334344444448644344444433343443444565444444663444444444444444444469544444444444444454444444445763344445444454589758873444444444444447753444444444443344444444444444444444434444434444444477653444444444
44444444444448644444444444444444443454344444463444444444444444444469644344343444444444443333445774344444444554698667863544444444444447753344443444444444444444444444444344444444343444444477643443444444
44444444333348644444444444444444443585333344663445444455545444544458644344444444444444444444445863344444444553798667843444444444444457753344443344334443444445444444444444444444344444444477533443444444
33333333223349634444444443344433332464433333663334555555556555554448645555444454444544444444445763354444444442788567834444444444444457753344444443343443344444444344334444443444444443434577653443344444
34333333333348522232235544444433334444333333573223445444345455655569645565566655555555555555555763344445455543775468634444444444444426753444444443344444444334444343333444344444444433334477653444344443
44444444443344432333227733322223356643333333563222333444344444445469645555555565555555666665556763455555555534765668535655555544444436653444444444444444444444444444444443344444433343334477653334333443
44334334444444444433435533333334455544444333554344444444444433444459635444544455445444544444446763344444555535866667544445555555554447753444444445544554444454444454554444444444444444444467653333343433
44333444334344334343334444444444444444554445555454544455544444444359643233344444454544544444443763444444445446875578444433444555666557753555555555555554555444444454444444444444444444544467653444444444
33444444444444444443344444544433434444444444344544544565544544444459633223443444344433454443443753344444444447864576333333223444555557753565555555555555556555555544444444444445445444444577753454444444
34444444444444544444444454434443444444344544444445554454544544444447633334343433344433354334445763344444443458764674544333332234444457753454434444444455555555556555544544444444444444444467754444555555
44444444443444444544544544444444544554444444444444443344344444434444545544334433333433443444445763334454543458875875554443233323444447753444344444444444445554445555555565555555544444444467753444444444
55444454444444444555545554555455555554554454444444443443345554444444345433334333433443333444435763343444434568757965444433322342234447753444444444433445434444334444444555555555555555544457653444444444
55544556554544455454444445444455555554556555554444444444445555555454455444444443344433334344335753233333444568889854444433332123213456653454444444444434444433333443443334434444445554544326764444444444
44455555554455545455544443454445555555445545555444454444444689425444554454444444444343433344334544233334445479999554444444343211211245653454444454444445554444444454334333433334444444444436764445444444
44566554554555455445444444555445555555545555554445455444554466334444454444555545544444443334332344455556565689996544334333344321111233454445544455444444454454455544455555444344444433444457754455555444
44555555444445444445445455555455554545555455545555555555654444444445444445544444554555544655555566666676466799975544434444334432111122344444445545454444444354445544445445455444444433344358764344455554
44455555455555555556555555554445556545555555445554444565555555544544444444444444544553356666666666665555568899855455533344434433101111234444344554454455445554444334444445434444554444444357764344444444
55455444554555455455555554434445556555555555555555554555455654545555554444444445454444576666655555555445557777533455544444434444100111234455444544554444544444554344444444444343444444454467765343344434
55554445544544455555545444434444555444455545456545544554454545554444454444455444455667677665566665555544534655322356533444434454211101233455444554444444454444444444444444356444344443445457765344454454
44444445444444444545544445545544455445445545454455445455545554654444454444555444556677776666566666666655433553212454444454433444311111233344544555545444444544444444455444344444444444545547765344454444
44444455554444545545544555455555544554344444455555555455544545544455444545444445666677766666666665445555432432213442354444434444421111233554566545444544344444444444544443343333444434555446765344444444
44444444545444445444444444445454443455444444555544454334455554444444444344345445887777666666666666544444332222113321444433444434443222356644566665534443333333333323543344443244334455555546765334544444
44433445445545544444445444445445444444454445555544444333444444444444433233333445677777666656655678755543222222112111454343454344444444565455665555544333322344334444444344444444445455555544765354434444
44444444555554545444444443445555445445544444444444444444455554444444455454444443378776666556656766545443222112111101454454445443344565554565666554454354444444444444333444334344344455544523765344444544
44444444334544545434444544455454444444444444444444545544544455544555555555554531487665665555567422111233221112211101454445444445445655555555655555544444444444444433444444443234344444434445765343444345
44445444444444444434444444455444444444455444445444555545444555445554555444454543665555655445357311110112221112222111344445544454566555555556665565554444444444444433444443433344444443344346765334434343
33334334444454334444433434444444444444444555555555555555555556554444454444444556655444454455556432111012222122322211344445444564454555655566766666665544334344334434344333344443334434334446865333434444
33344434434443345444433433344444344555543445545564545555556566654444555444555555555543333555545444210011122112333222345445555675566555566677776666666654444333333333344344444434434434444446775344333434
44444444444444445444333444445544454334444544444554455565555655544445555555555687545544334554333344311111222112233322455546544567665555555677776666556555443334444443444443343344444443444446775334344444
44345444444444434444444444545545444444444555544544445666655655444444444445557889865443444443333333222222222112222323455566554578655556666667766666656655554343443443333443334333333333444445775323334444
44544444444444344445544565445544444444434555544444455655455565455454445556689679874333333333333222211222222111222333456787555787655666678787766677666654444333243333343333433333344334434335775322344444
44444454443344344444544555445545444444445655433444555444445445465454455676899888965333333332222222211212222111222233454545668777656666667777655666655554432222233333243344434333343334344446765422233443
33334443344444433434433343344445444444445554444454454644555555444454555568999888975432223322222233211221222111222233333346766665566766667776556656555554333433333443234465444433433343344435664322234322
43333344434444343444343443444444444444444434444554454545554545434455544578998776775343222221122233211222221111222222334446666555567776556655556655555555322344445543344664334454443453454445554332333222
44433343443334444444444444444444444344444553343444444545444555455444444567877765475333322211123321111222221211122222333333455555567655665556665555444455322344444555555564435454444544554344443333334333
44443443333344333443334434443344444444444454444444445545445455455444445445554432135323222221123211111222211211112222233333334555578765556666655555444445432244555454455444545544454545543335333433333333
44434433343344433334433334444444344444444444444444445444544333344455445233433100005423222352112211111122121111112222223333321355556656666665555554444445432234455544444444445545445444443333234544433343
44433433334343344434333334433344445444444444444444444444444444444434453233332000004423212553111111111111121111112222223333332135665546665555555444433444442234555444544555544544334344333332233554444554
44334444334333443333344333333334444433444433444434434344345444444343443233321000024423311243111111111112221111112222222333333213565446665555555544434433553223444444444544444444344333334533444554455443
44443433443334443334443344334443454444443433444444334444445544444544443333322222234323311243111112122222221111112222222233333321245345556555555444444433454223444344555445434444444434434444444454455432
44434444443444444444444344444444443544444444433444444443444444444444444333322223332223211243221122223233221111112222222333223331234334456555444554444433465223444444444444433434444444444334445454443332
44344343344434434444443344444445434444444444434444444443343444445444344333322222222222221121112222332233211111112222222233223332233323445544444444444433364222344444443333333333444344444444444433333333
33344443344444543444444345344444444544444455444444434444444455445444434533323211122222221121112222222232112111112222222233222222123323345544444444444433344222344434444343344344344344444544544434433332
44444433454444434334444345554433444445443443344444444444444445445554444533333222222222221111112111111132112111111122222222222222213322234544444444443333344323444334444434444444343343344534543444344433
34343433343334444444333344444434433444543333444444443344444445444444444533333212222222322111211111111112112111111112222222222222212322223443444444444333334223444444344444544553334344444434433444444444
43343333433344433343333344344444433244344444444454443333344344444343345543333111222222231111111011111111112111111112222222222222222322222343344444444333333323344444444444444444434434443444332334444444
45434344333344434333333343334444343343444444465434445544544544444443444665443111111111231121111011111111112111111111222222222222221222222233334444534333233223344444444444433334443454433434343333443434
44334443333333333334443343334334444333443344334344434545444444444444454568763211100000131121110011111111022111111111222222222222222222222223334444433333223213334434444443434444443343334334533443343333
33333333333333333333444433333333444333333444333334334444344444444444454444432100000000131111110111111121131111111111222222222222222222222222334433433222222212345444554433443444333334334444633444354444
34433433344344333334434433333333444443443434333344434444454454334444444333431000000000231111110111111121121111111111222222222222222222222222234333332222222212344434444433443443344334344443334444464433
33433333343333333444433333333433343444444434335443344443454444334444434434432000000110221211111111111121221111111111222222222222222222222222223333332222222222344544334434334343343333334443433333444333
33333334433334343444433343333433343343434333335443334444443443335444433445421100011111221211111111111211211111111111122222222222222222222222222233322222222222443443343443344343333356334443334333334346
43333333434343334433333333334434334433333344334334333343343343334434335444533322211111211211111111112211121111111111122222222222222222222222222222332222222222443344333443344443333355333444344344443345
44333333334443333332333333333344443443333333333334333343333333333433444433345543211111212211111112222211111111111111122222222222222222222222222222222222222222444444333334444434333444334554444444433344
44433233333334334333333343333333333344333333332323333333433322333334444443223322111112112211123333221111111111111111112222222222222222222222222222222222222222433334343334344444334544444454344443333444
43333334334343334433444433543444333333334334323333333433333323333334334333211111111122112222122233111111111111111111122222222222222222222222222222222222222222444333443443445443445443454444344444332343
43333343333444444233433333533344323433333333333433433433343333433434434333321111111221111211110111111111111111111111122222222222222222211122222222222222222223443334443453456444454444334333334333332453
44343344454334443333323333333334433333333433334434333333323333234444333344332111111111111122211112321111111111111111122222222222222222111112222222222222222223444333334443344334564454454434332222333564
43343333453343354434333334443333445343343443334323345333223333333433332344433211123321223333322343441111111111111111112222222222222222111112122222222222332223444434334442343434454344443333233333333544
43333334433433444433344433343444445333333334433433454432223333433432343344444322344434434343332333343111111111111111111122222222222222111111112222222222332223443354333343333433333343332333334333334534
43333332433334444443445434443333343333322335433443334432233334433444434433333334434434333444433333234311111111111111111122222222222222111111111122222222333223443364333344433443333332343323554434444432
43334343533444443434544443344344444333333344444443234333233344434353333333344344443344444334433333334511111111111111111122222222222222111111111112222222333223333344333343443333333332343323663434434333
33334344444444454444455543343444444333443443334443333444444333434444333344344444333433433344333333435741111111111111111122222222222222111111111112222222333223332333333444543333332223323322563434334423
34423334444334344544444644433434444333333433333434334433444334444344334454444444444333333344434544335763111111111111111112222222222222111111111122222222233223443343344333433333333333333333562334235533
44344443333343334334443554444444334344334333344345333344454444443344334453344444444433344454434424435776211111111111111122222222222222211111111122222222222223334432343333333333334333333333333333323333
44433334344453334444333354344344444433444443354454445455554554333323233444333444444444443343343334445777421111111111111122222222222222211111112222232122222223334332343323433333233233333333322232233223
33433434334443444444444554344545444434444544444444443344554444332332222344433444433433443334454443445777531111111111111122222222222222211111122222333122222223333432332322223333323232333333333332332332
44443333333443344334445554344444565444444444444433433444545444333333333443333444333333334344444444335777652111111111111122222222222222211111222223334222222223333333222333323323222243323233323332232223
43333443343443344444445444455553566434544443444443333344445344334444334544334333433344333343332334335766664221111111111112222222222222211112222233434322222223333333332323233324232232224233332333323233
33444454444434333344445444444545555445544434434444323344334444334345443444433334434444333334434334335777665432111111111112222222222222211122233344444422222223333433333443333333333333323343233332333333
43334444444343334445444543344455446444433323344344544433323433443344444444433444343333334433334344445766655521111211111112222222222222222222333344434431222223333333332344433333332444232343233332233332
32334433433343344455555543344544555544333433354344445533323334444455444334232344433333333334333334434766655642111112111112222222222222222223333343334552122223344333343443333333333322242332233332233333
54444443333334445565544443434444544443344443333333334433334344324444443222223334443344433334333333334776655564221112221112222222222222223333332332333443122223344444343453333332233322333433232132133233
54644443444434443344443343443335543443344334324333443334434334223344333322233244333445433434433334344776665566322122222112222222222222333333322333433332211223344544344443333332233332233332332232233233
44534434454544343344333332333434434543442234333343444344443334334444333333432123334335433344433433344676665556422222222122222222222212333332222234433332211223333454344443332323343333343332234332233333
45444445434543334333433333434443345533323323422343444344333234344324334433442333434444334344445543454566665556542122222222222222222112333222222224433332222233333443333444333432223233443433333323333322
33434444343545443333333434445444444533333323432324434433333344343444244333333334333444334344445443334556665555553212222222222222221113343222222223444442222233243343333433344433333433443443332333332222
33434434443343344334334433334432344534333334433434434443333434444533443433322454334333444344543333434455665444442222233222222222221124454322222222333332122223233343434434334333333333434333332232333333
33433435423332333234343444323332333533333433443334434444344444444434334444333455544434455445444444445445565433333222333333332222211144355532222222233343122222233333333343333333344344334333332222433333
33333333332443332333443345433344343433334443443334334444433444334334544444433335443444444444334444444444455333333322333333333332211134445553222222234433222222233433343432323334343443233332333222333334
54333333332343323333443334344344334433334344333333333434343433334433443444333434454444444544544544445544454334677753455433333332221234445666322222233333222222234343343322432344333344333333233333333344
53433434433433233344443334444444455543343343333344333444554433333444433343333433544444435444343444444544565457887766556533333322222234444788632222243323322222344343334323443344334344433223433333333333
44333344533323343444434444333333434444434433343343334444443332334333434454444443445444334344344455444433587457776654444433333332222233344788743222244333422122344444334444444343344343434333433333433333
44333334443234454454444443333332434445333433334333344333444433334433444444444443445444343354444444444433798687655443333333333332222243333588863222254444421112334444433444334332344443344434444233333433
33334444434445445444544443334444434444544333433433344434443334334444333344343344444443454444544444334435899899644333333333333333222244334378775222243445421112344444444434433333354333333434444334344433
33333344433445555444444444333432333343333333543433334454333344445433343444444445444444444334533333334436999899974333333333223332222244343358888422243345421112344434333334544443443334433334333333333334
33332344543445444443344334222332223333344354444333445444343334344334434434444344444344333444443333334437899998996333332322223332222344344458888532233444421112333333333233444442334444433344333334333333
33332333433432344432344334221211223343433333333433334444443334333344433334333454443344334453344344444448988998886423333333223332222334345425766542233333321112333343333332334432343333333343443333345333
33334223333344444433344334322222233434443343333433444443343343334443643344433443333233335443334334533458988988765423343333233332222344333224777764233333321111333334333333334444343333322334333333433343
33334334433344434433443433323233443333433433334444454344344343345444555544443333333333334554444455433359988887564333444553333443222353233233678864334333321112343333333333334444444433333333334444333322
43253333344434444434433443433343334443334234234334444433444444444443445643343333333334434544443455333359998876454334544653434875322344333333577763344443321112233323333323333444334333333423434455333234
44443443444444444334443444443355444444433444333334444443335445534334444333344433333344343344343344333368888875444344443544438975322343323333577764344334421111233333233222333344443333333433333343233333
44344433344443434334444554444434444444334544433444444444344444434344344334434433344332333344344453344478888876444334443333359975322343443443577764343333321111223233122222244333344433343333333332333233
