56521122221222466755422333223312233322232232235534443334686455455688888888888888888888888888888888876555677777888877535432232322322232223578888888888888888888888888888888888888888888887777777777778645
57521122222122567743432333223222221322245433223333332233554333333488888888888888888888888888887888887656676667887764334432222223322334223688888888888888888888888888888888888888888888888778887777777774
67521222222221257763323223332333311322257532223542321235653332322487888888888888888888888877654888864556766566688644344333333222333335322378888888888888888888888888888888888888888888887778888777777753
67522222222322247884322223321221212322147422233543222324463222222356888888888888888888888888764788865555556777778653432235442321332445444468888888888888888888888888888888888888888888888777877777777755
67422112222212587875332233222221112322157522233332222222322111223235688888888888888888888887764688875433346777767743333244333331223343335688888888888888887788888888888888888888888888887777787777777776
57422222222221257633322233223422221223257532222332222222352111222123678888888888888888888888764788864323346875434443333344322321222222224788888888888888886465678888888888888888888888888777788877777776
67522322232222257332333332233423221112257522222322222222385211222222347788888888888888888878764788643333246664322233333233332222223222223788878888888888864433358888888888787777888888888788888888887777
37533322232112135442223333332313221233358532222442222332565211132222234567888888888888888887764786443343333344443333433222333222223222224677658888888888753333346788888888777646888888888888888888887777
57535443443234334443323343432225433434337632222432223323233211233221233235677888887888888887764554344443332233555544323333222222222223233354457888888888643334344687788888877656888888888877878888888777
77525554555555544555544454544455544445437633333533223344332211132222343333357888886657887677764455444532223225466543333442122222222233322233457888888888754333344685788888777645888888888765667888878877
67524444444555444444444445434555555555555533445544445555555433454545554554467777875445676457764356543532222235454332342332114322224222233333357888888888753333456674688888787646888888787443444567746865
67534444444444444444444444444444444444555534544455445555555555555555555555565555665556555567764456555655555555555555555555445444436543434443467777787777643333456564487778777636877888675433433345535643
67534333444444444444444444444444444444456533444454445555555545445555555555555555555555555534763455555655555665555555565555556555556655555555566555555556555544455555465556777636665666554444444444444443
67533333333333334333333444444333444444467533444444444444444444444555555555555555555555555533765455555555555555555555555455555555555655555555555555555556555555556555555555677645555555555555555555555555
67423333343344443444433343444333444334367533444444444444444444444444444444444444444444554555764454455555555555555555555555555555555554555555555555555455555555555555544555677654555444445544444455555555
67533444444444444444444444443444444444457533443444444444444444444444444444444444444444444447875344444444454455555555555555555555444445555555444444555455555555555555555555577644554555444444444444445444
67524444444444444444444444444444444444456533444444444444444444444444444444444444444334444447775344444444444444444444444444445455554444554555555555555455554455555555555554577643455455444444444444444444
67523433344334334344444444444444444444466533444444444444444444334444444444444444444444444446875344444444444444444444444444444444445444444444445555545444444444454454445555577643455454444455444444444444
67523433333334333333333334334443343343356533444444444444444344344444444444444444444444444446775344444444444444444444444444444444444444444444444444444444444444444444444554357643444444444444444444444444
67523433333343333333333334333433443443367533444444444444433344444444444444334444444444444446775344444444444444444444444444444444444444444444444444444444444444444444444443237644444444444444444444444444
67523434433444333443333334334433333444467633334444444343333444334444444443334444444444444446776444444444444444444444444444444444444444444444444444444444444444444444444444356543444444444444444444444444
67533334433344444444433444444444333344466423344443343333333444444444444433333334443444444446875344444444444444444444444444444444444444444444444444444444444444444444444444567654444444444444444444444444
67633333333333334343333344443334444444366533444444444333344434444444444443444434444444444446876444444444444444444444444444444444444344444444444444444444444444444444444444567655444444444443444443444444
67633433344343333443333334443334444444467533433444444333444434444444444444343433444444444445776444444444444444444444444444444444444344443333334443434444444344444434444444577654444444444433444444444444
47523443444443333433433333344433444444467543433434334333444444444444444444433434444445444445776444444444444444443444444444444444444444444433444444333434333334444444444444576654444444444433444444444444
36533444444333443434433333343333443333467643433434334433444444444444444444444444444443344445876444444444444444444444444444444444444444444444444444444444444444444444443443565554433334334444334334444444
57533444444444444444444444444434433343467643444434343443444444444444444443444444444422334445775444444444444444444434444444444444444444444444444444444444444444444444444443577653433333334443344334434334
57533444444444444444444444443333344444467543434433343344444444344444444444444444444413544445774344444444444444444434444433444443433334434444443444444444444444444444444443587654433443443333333333333333
67533334434444444433344334344343344334467543444433433333433334444443443344444444444414554445776434434444444444344444444444444444444333344444443444444444443433433333333333587654433433443333333333333333
57533444444443334444444434444344444444357543444444433443333343334443443334443444444434453445876434444444444334444443444444444444444444344444444444444444443333443433443333577644433333333344334443333333
56633444444444444444444444444444444444337643444444444444444444344443444334443444453445463555776544443344444434433333443434444444444434344443444444444444444444444444433333577533333333333333334444433333
67633444455555555555554555555555444444457543444444445444444444454444454444444444665455463445676555544434444444444444444443344444444444444444444444444445555555545555444444587553444333334333344444344444
67523444444444444444444444444445555554467643544444555445544444444444454444444455775456363433566545554444444444444444444444444443444344444444454555555566666555556666655544687564444444444344444334434444
46524433434343443443444344444444445565567644655555555555555555555554444444444457874344154422355444444554545445544444444444444454444445555566666666766666666666677666666545686764444444444444344334334444
36533333334343434444433343344444444444467543554444445444555555555556555444444468874334344421234333333445555555555555555554444455556767777767777666776666666666666666666665677753444444444444444444334333
57522333334443334444434444444433344433467643444333344444444455555455555555665565674346434211122222333433445444444555555556676677788877776666777666766666666666666666666656667653434444444444443334333333
56532333444544444333443544544444444444357643444343343333444344443334444445555653333256445223333534335543344445444445567778877777777777667666766666666666655666666666676666666653333333343344444433334443
56632333433344444444444444444455444444457643444434443333334433433333333444444664453357574334567766667754453554577864467777777777777776666666666666666666655556677666666666555665434433333333333333333443
56532322333343444434444444444443333344467643454444444444445554444444443434334676655656853544577777778877777888888873367777777777766666666666666666666666555555677766666666666677544443433344333333334434
55431223322333333333344434333334333334457643544444454444444454544456444455445777677467742244566777777877778888888873478888777776666666666666666666666655555666677777666666666777764444444444444444444333
23332323332233233333333333333334434334337643445444444444444443454445444454456766776468531122334454334666767777777874478888777777666666666666666666666655555666678876666676667777765444554544544454444433
22223323322233334333333333444445434344457643344344544544444444444444344444456666666546531122222222222246666766677873687788777777666666666666666666666556655666688877666666677777766554455545555555454445
22233333333333333344333433344334344444467643344344444444444444444543343443457667666534431112222222222225656666677764787778777777776666666666666666666666666666788777666666777777666554445555554455455555
43444333443334334444333434433334444444457652343333544444444544434444444443466667655544322222222222222223556666677764777777777777777666666666666666666676666666777777766666777777567644444444455445444544
55434333334444343344433333433334443334357632333333455444444444443344444455576666555543211122222222222222555666677765777777777777777676666666666666777676667666666777777767777776467754444444444444444444
44333334334443444334333333444333333333456542222333434445543344443544444534566555555553421222222222222222466666677775787777776777777677676666666666677667657776666777777777777776347764554444444444444444
44444444445444444443443334444334334333356532121223334334443334333433324546666555666654432322222222222222356666677776888777766677777777776666766777776677657666556777776677778775216774444444544444444544
55544445445445444444454444333444334443356542232223343333333222343334434566676555555444322442122222222222356666777876888877766667777777767777777767776776557665556667665677777764214776444444444444445544
43444333334544444444455543333444333333334333333233333233344434344444434456665555444432221442122222222222356667777876877777766677777777667777777766666765557665555566655677777653104677544444444444444444
33344433444333444444445544443444433334343233333333333343343444444444433366665555565532221343112322333323466667777776777777766677777777666677777666666655556665566566655567776543125678644554555444444444
44433344333333444544444544445444445444455333323233434443333444344444433456665556731112211243111333333345666667777766666667766777776776667676777667665444556666666565566567776432134688744444545554544554
44444434433433334433333443344433454543454334333333333433333333344334434446665556300121111143111233334445676667776666666656666777766766667767776666554444556666666666666667765421333577764444444544444445
34334444433343333333333344445434445544454454444443333443433344333322333446665556244222111133211133344445666677766666656555666777667666666666676655444544556676776666666666665323443476765433333333334444
54443333443344333443444445445555454344555455444433444444444443234444443446655546455322112124211113344445666677766666556555676677766666666666666554445444556777776667766666665334443465665443333343333333
44444433344444444444444445445444544444454445544444544433444443344443443346655555543322123323111111354455676677765655556655666677766666666666665554445434566777677777776656764234433344576443433333333333
45544444333444434443444455444443444444444444434444434343354444343243333346545565532321242222111111244455666677765654556666666667766667666665555544544334577776776766766556764333433334577544443444333333
44444444344444444443443455444444444343443444334433334433344442232233333356544555323211452112111111123444566677755643466666665566766666666566554544443344579876667666665568863433444333467534443344433333
44444444444343344444544555554444444443444444333434334444334433433333433457654553233112551123111111112344566677656643566666655566666666666555554444445555545877766666654578864543454333567754543333333433
34444434432333433344554445555544444444444544434444444444444434444445546655677553212114531124432111111234567666666544566556655566666666665555555556655555532587766665554688755543444334456765543333333334
44444444333434433454444334555554445443345444444434444444444444444444556655556653113135411123244321111123467666666545665555566676666666666555566677655555322278766665556788656644333344454676554343443334
44444443444443344554444333555443222223444334444444444444444444444555555687544443132242211232343334211112346666666556666655556677666667766666777766554443222138766666667777657643333444444465554444444334
44544544444444444544444444444443223334443344444544434444455555544455444899744444443331113432232235543212224665555445555544557887667777667877776655544332221127876666777787567643333433333344344454445434
44444444444444444444444444454444334444434444444344444455544444444555444789876534532232333333223335544542222354444345544444558988887777788777654565443322233223877667777787567644444554433323223333344444
44444434444444443444454443444554434444444444444344455545544444443444443667765443331122333333234444544554322233334444443334457998887888777775444444332222343220687777777787556643444455534432212222222223
34444444445545444444444544444454334443334444443344445554454334444444343344314246421133445433244455553443322377544555544445446987776788643443344443222344433201587777777876567533334344444433211222222223
34444444433444444445444434444554444444544445433344444454444444444444344222124235331144444443344444443333332267654676554454435887665676432222333333344544433324477767877876567643444333334444432222233333
44443433333444444454544454344456554444545455444455543343323344433334444322322222231243344443445444444333322434443686654444433444445443332212233433444533334443447777888887547643344344334443444443333443
44433433333344444454455543444445555444544444434444444433233333333344434433211111211334344442435444443344332444444267665555532122344444433333334343344333334443434778888887626642453344334343334344433333
43433444333333333433444444433444445333323444433333444434344433334444334433221101223343443443334433444444445443444347665555543223344334333434444443444433344433333587898888733542333343334333333344433333
33433344333333334433444445444433344432344443334434444444334444334434444344310013443334344544344433334544445444445457665565545444344333344434544443333433333433433368898888952331133332233343433344433332
43444343334444343543444444433333333444444344444444444434344443333334444444433333334444444433443333334434344345444547765565544543344334444443434333333434443333433238898788873221233222343333433444333443
43333333334334444434333333333334323444444454443443443444444434444344434444444434334444454434433433443444343444444436776565444433333454335433334433334433343333333326998788884222233223333334333443333443
32343333333333334434333333443334445334334443433344444344444444443334434454443434444333334344335634443444444544444435776565444335433433332323333333333333333233333334998888896222233233233333343343433433
33333443334333333333223334444334434334333445444444444344444444444445444554433443444334334344434444444544434454443445766555543334444323333323321333333323333333334443798888888322323333333333333333333333
33333443444444444434333333443334434444443444444443344433344443433344434444434443443344333334443343344544334344443333666555444333323432334422322122333333333333333333489888888722333332333434434333233333
33444344444444554433333333544433344334333344434434444444333444343343554334434334333333343334443433433343464334333333666544444433233433334322122233333333333333434334369998888863333334433333343333343333
33344434333443443434543443434433344444433344444433434443443453333343344343343344343333465333543443444443454333333434777655433334322333333333333444344333333433344443348998888764433333333333333333333333
33433433223443343434643444333344344444333333343433443333443333344343343333333343444333354333454444444343443344333344678766543344334333344333444434333334444434444333436997787655433333332233333333433343
43433443333333444433553434443344344444334443444344443334444334344444444333334444444333544434554344443344443444443444677877533344335333443333333333343335443323443334434897566665443323233333333333333333
44444554433333333343444333344344444444434433443334333333444444433333333343334334444344444454444334442343444445353345677777644345433333543333333433343434333333333334433897567665433233343333334443333233
33434444334334333333334444444442333443443344343434334444443443333444333443443356544455343344343324233323553445432344677766653235433333343333334533333433333344343334343798557654433333343333334333332233
23344344334334443444333434333232333443344344333333344344443444434443333443454445444565554454333332222434655444333343576655432213422232334333434423333334433345443333334888778753433334545433444443333333
34443444333334454433434334433333433443333344332343343335544434334343433434343234334454444453333233323235634444233434476653243212322222224423433334333234444334464333335887788754433333475344344333333333
34333443333344334433443344434233343343333433333433333334443344434443444434442333433344343442323344333334523443332423256543366211211111122334332223222233323345443333437888778764423334444333343223323333
33333433334343333334433334434443333333443333333433332333422233343343345333344333443334332444333554434443332443321222235544356565311111121233321223222332233334323233347887878764234325322333332323233344
44334343333222333344323334434433333434333333333333322232323333432353355333334343343333333343333654333433334434422111135554356478621211111112322212222222332223212222267887877764232111221222121212233332
32333233333322333335333233333333333333344343343223333223333433332333334333343443233333233333333554344233214214511132115764447565521211123421112112112111231222133112478886777764111111111111111111122231
32222223323332233434333233333333323322343333333333333333433333433332234333343543333333333333333553434233223111211122114764436552222111114621111002112211231411133114668875687664111111112211112111111244
32333333333333333433422333323333333333433333323333434533333342244544343334333333333334333333334422312222122111211121113664533342113111112222221103112201244721211014556775677664223112212111034132111123
33333333333333333333432333333333334333443322224443345533334443344333433233332333433224233333334332111222121111222121113765543232122111322113331015214212253422322013555554676764322111111111033144201243
33444333234333343333333333333323344323333233334333344434334432444433333244322333332233332333333342211211111111226321113776643122331122344336422025224133355464356333555443677765521221211111342244211232
33423333334333333233333343444323344233333333333333433344334333533433332233332223322322243422233323221111111122233321214776775321243232235425534135643334544464543344434344667765323331111111122134221333
33233443334333333343334333334333344334333333343333333333333333332333333322334333323323232323233332322213221343233223325776565431244332233243435434533333343334432334423455667865213222211111126345422333
43333343333334434433433333333333343333333343343443333333432322234333333332333333333233233323433333433323333353343333225654343212223343243444445433344442464434333434535442677865332224211111114465323233
43334333333343323333434333333333333333323443333443343334432422333333343342344333333333344333333233332233322333333233245564333211232453232344443333454343344433233443345542667865243423343312113343322222
22233333343333222234323434443344344333333332443343344433443323334443432332333433323322333333232233332233333333334234444355432113333663233334433333453346332442233454333444566765343433345413125542322234
23333334433333333333434444443333343333333334433343344333454333344434333334354333333233322332333232132234333323435234443334235323323653323233433333342233333332333453333334566764232265422123243332232543
23334334433333443343333444333344333433243343334343334222444333332333444333244333332232332123333232232333333333423323444333334434333344233333322342333233444433243443333455565554232234534432243564334543
33323342432222223333333333333334433333333333334433443243333333433333454334443333343334333343333224332332432344423323434433343234333333223333332332343123334433333553236545575442344255434434333455433322
32332332232232223333343333433334333334333233333434433443333334434333345334344333343223223343333333333333333533323232434343355323343333333332363344433233346433344444457634554332453454433444333345323332
33323333333332224444443443344334443344344333444344554453333344344333344333443443443333433344444333233333333322223335533334343333333332333333353445546333345443343333554443243334443344443333333343223552
32333344433443334433333334335444333344344433344343444444344444334334334343433434333333333433433333233333334332333335544333333433333334444534434532346433444533433343343433322454344333334333333343333442
33533343433433444443333334335443333334443334443344434443333334433234334344333433333334444334433332232433333334434334333322332323323344433443344433333333334533422344233432222344653444344533433644423343
34443333433343444333333222344334433443433333454434344443333334332343333333333333334434343334332333222333344334433333343222232232333333423332334333333323233442332332333422222223534544444533333642333356
43322333433334343343333233333333443443444433444433444443333442332343444334333232244433344333333333333333344334443343344333433222322443333333333443333333333323442333223333432224433434332332233322333356
43333334434334343443333444334333444334444434444333344443333333433333334334332243334433334434323443344433333333233342333333333322223542233343333333233323333323222344432343442333443223232343233234435645
33334443434333443433443344444354544445443444445434444333332345443334434443433445434444443434334433444433434333343353343343322343333432233354323433323223223323223454433334454433543243334244333234654544
33443434544434333343344444443554455345433444444344343334332345454444445643445434433234543344444445334444434344333333333333232332332332333343333332224423322222333332224323334422333256333234323344443434
33343333454443333344444444444444443344333334444333334344434444444433344444344434433334333334444444443344434444333334333323333333333333433333333443335644332222332322232323213235433246433233222323324544
34344434433333333234443334444334443343343333334334445434434444543334444444433444333444333444344433334333333333333333343333333333434333333334423333333332322222223322333323223334333333633332332343333333
34434433333332233334433334433343333333443333433433444433334533433334444333323455444343444444344433444444433443333333344333333234434333333334333333343233222333333232333322333433232323322222243343333322
33343333332333233334433443333333433333434434333443344443444442323433333332333343443233334333334443333445434443323333344334323334443234335443433333343233233223332323232132323444322223322323244333332331
