57521123322122566743422332222222232322244442223333332333554333333478888888888888888888888888877888887645676667787764344432232222223334333578888888888888888888888888888888888888888888888777777777777764
67421222222211257754323223322333312322257532223433321234653332322488888888888888888888888877654788854556766566688644333333443232233335432368888888888888888888888888888888888888888888888877777777778744
67522222222221147884322223221221212322157423233543223324563222222356888888888888888888888888763788865545556877778753432245443321332445444468888888888888888888888888888888888888888888888877888877777766
67421012222221477885332223222222112322157422233332222223322112223235678888888888888888888887764688875333346777767743333244323331222333235688888888888888887787888888888888888888888888888777887777777777
67422122222221367634322233223322222222257532332332222222342111222123678888888888888888888887764788864333346875433443333334322221222232223688888888888888875455578888888888888888888888888777777777777776
67422322222222257432333332233422221112257522223322222222375211221222347788888888888888888878764788533333336664322233333233332222323222223688778888888888854334347888888888777767888888888777778888787777
57522322232112146442223333332323221233358532222432222332566211123222234567888888888888888877764785443343333344453333333222322222222222224567558888888888643333335788888888777646888888888777888888888777
47534433443224334432323333432215322434347632222432223323233211233221233335677888887888888887764554344442332233456544323333222222222223222344456888888888544334344686688888877645888888888776777888888777
67425544554455444544444444544445544445337632233433223333332211133222343333357888886658887677764455444532222225576543343442223222222233332233357888888888643333344575688888777646888888888654666778767876
67424444444555444444444445444555555555556533444544445555554433454555554554467777785446676457774356443532222235344333342332124322224322222332357888888887653333457564588888777646888888787433434457636854
67424444444444444444444444444444444444554534544545445555555555555555555555555555665556555567764455555655555555555555555555445444446544444443466777777767544333355554377677777636876787664334333345434533
67534433444444444444444444444444444444456533444454444455555545445455555555555555555555555534763455555655555566555555565555556555555655555555555555555556555555555555555555677645665555555555544455444544
67533333333333334444434444444333444444456533444444444444444444444445555555555555555555555533765455555555555555555545555455555555555655555555555555555456555555555555545555677655555555555554555555555555
67423333333333443333333343444333444334357533444444444444444444444444444444444444444444554556764454455455555555555555555555555554445555555555444445555444455555555555544555577644555444444544444444545544
67523344444444444444444444443444444444467533443444444444444444334444444444444444444444444447775344444444454455555555555554555544444445555555454444455455555454555555555555577643555555544444444444444444
67523444444444444444444444444444444444456533444444444433344443444444444444444444444334444446775344444444444444444444444444444444554444444455555555554455454445554454555554577643555444444445444444444444
67523433444334444444444444444444444444456533444444444444444444434444444444444444444444444446775344444444444444444444444444444444444444444444444445545444444444444444444454577643444444444444444444444444
67523333333333333333333334434443344344356533444444444444444334344444444444444444444444444446775344444444444444444444444444444444444444444444444444444444444444444444444453247643444444444444444444444444
67523433333343333333333334333433343443357533444444444444443334444444444444434444444444444446776344444444444444444444444444444444444444444444444444444444444444444444444444237643444444444444444444444444
67523433443443333433333334333433333444467633434444444343333344334444444443334444444444444446776444444444444444444444444444444444444444444444444444444444444444444444444444467644444444444444444444444444
67523334433344334444433344434444333343456423344443344433333444444444444433333333443444444436876444444444444444444444444444444444444444444444444444444444444444444444444444566654444444444444444444444444
67633333333333334443343344443334444334366433444444444433344444444444444443344444444444444445876444444444444444444444444444444444444334444444444444444444444444444434444444577654444444444443444443444444
67633433333343333343333333443333444444457533433444443333344433444444444444343433444444444445676444444444444444444444444444443444444443443333334443333334433344444444444444577654444444444433444444444444
57523443344333333334433333344433444444457643444434334333444444344444444444433433444445444445776444444444444444343444444444444443444444444433444444433434434344444444444443565654344444444434434444444444
27533444443333343433433333343333444333467643433434334433444444444444444444444444444344444445776434434444444444444444444444444444444444444444444444444444444444444444444443566554433333334444334334434334
57533444444443444444434444444444433343457643444444343443444444444444444443444444443334444445776444444444444444444434444444443444444444444444444444444444444444444444444443577653433433334343334333333333
57633444444444444444444444433333444443467643334433343344444444444444444444444444443444444445775344444444444444444434444433444443333333334444444443443444444434444444443343588654433433443333333333333333
57533334434444444443344334343333334334467543444433433333333334444443443444444444444444434345776434434444344444344444444444444444444334344444443444444444443333333333343333587654433333433333333333333333
67633444444443334443444334444344443444357643444444433343333343334443343333443444444434333344876434443333334434434443444444444444444443334444444444444444444444444444454444577643333333333334334443333333
56633444444444444444444444444444444444327643444444444444434444344443444334443444444334434444776533333334434433433333433334444444444434444443444444444445555655555655655554566544443333333333344444434344
57633444445555555545554445555555444444357643444444445444444434454444454444444444444444444444776534434333443434444444444444344444444444444444445555656666666666666666666666666666544434334333344334334444
67633444444555445444444445454455555554457643444444444444544444444444454444444444444444445444776534444444444444444444444444444443444344444445456667777766666666666666556566666666654454444444444334434444
57523333443344443433444444444444445555567643555555555555555555555444444444444444444454444444777535555454544445544444444444444454444444445676687777766666676666666656665556666666666544444444444434334333
26533433434343434444433333334444444444467643555444445544455555555556555444444444444444444444777534444444555555555555555555444444444445677877766677666666676666666666555666666666665665544444433434333333
46532333333343434444434444444434344433357643444333344444444455555555555555555555555444444444677534444444444444444445555455555555544468777777777666666666666666666666555666666666666556654444444334333343
56532343443544344334444544444344444444357643444333343333444344444344444445555555555555555444476534444444444444444444444444444444444466667777776666666655555556666665555666666666665555665443333333333443
56632333433444444343443444444455443444457643444434443333334433433333333433344444444455545543167644444444444444444444444444544445763467777776666666655555555665556654565566666666666555666543333333333333
47632333333343444444444343444443433344457642454444444444445554444444443333334333344444444445477544555444444444444454555555544468853678787777676666656666666666666645666676666666666666677754333333344433
56531222222333334333344444333333333334457643554444444444444454544456444455445444444444333444587644555555555545445455555554434788854777887777776666666666666666666555666677766666666666777774444444444333
33332333332333233333343333333334434334326643445444445444444444454445444455455454444444433443587643444444445555666555544444467877744777777777777666666666666666665555666777766666666667777775444444444444
22322323322233334333333334344444433344347643344344544454444444444444344344445334444544454544577653443443444445555655533445797778746777777777777766666666666666666666567878776666666777777776454555555455
22233323333233333334333333344334444444457643344344444444444444444543343443444344343444444544577654444444443455544454444578876777747777777777777766666666666666666676667777877666666777777666545445544554
33333333443333333444433433333334444443457753344333544444444444434444444443444355343444434445477653444544545555544445467788766677647777777777777766766666666666666777677677777777666677776567644444444444
44444333344434444434433333443334443333457632333333454434444444443334444455454344444444445554477653444444445554434456788777666677657777777777777777776666667667667777676677777777777777776567744444444444
44333333333443344334344333443333333333346542233233444445543344443444444534443343334344345565467653445455544543335667877776666677657777776777877777677676676776677766666677777777777777775347754444444444
44433343444544444433444334444333334433356532121233434434443334333433323534434443354344555456557653445555543323356777776665566677657777777777777776677776776766777666766667777666777777765116764444444544
55544445445435444444444334333434334434346543222223333333333222333334434444344344443444455555326654544554432235677887666665566677767877777777777776666777776666766566766676666666777776654225875444445544
44544434334554444444455443333444334343334433332233333223344333344434434333444333333444455445336654445554222557877776666665566677768877777777777766666667767766665566776666666667777766543214875534333444
33344433434333444444444543443444443334333223333333333333343444444444433344444443333444444444457754555543224677766666666665666776768877777777776766677677766656555566776667666666777655432014885444544444
33333344433333444544444554444444445444444333423233433443333444344444433444443333443444433444467664443333357787666656656566666777777777666777666666666666666555555566776667766666776654321115986454444554
44444434333333344443333444344443454544455333433333333443333333344334434344333344443333354444453234343234468765565555556566666777777777666777666666666666665555555566766667777676766543211125886543444444
44334443433343433333333334444433444543455454344443333443433334333322334343344444444432356664441233342224687655555555556666666666777777655777766676666666555555654567766667777776666643211226787544334433
44443344443344333443443444445545455454455455444433344344444443323344433344443343344442255677651343343246776545555555555555666666777666665666666666666555555566554568866667777766666532112225687653333333
44444333344345444444444444445444554444455445544444444434444443334443343333443334333333225667763335333136655554555555554555666666766667666666666666655555555665545569876677777766776531112234688654333333
45544444333444434444444445544444344444444544444444434333354445333243333333333433333343433566643434422345555555555554455656666666765677767766666665655555555655556678876677777667776421122244787655434433
44444444333443444443444455444444453343443444334443334443344443233223333333344434333333343355553442423445455555554433444555665666665677777766666665555555566666677787776667766567775311222234787654433443
44444444344444445444443455544444454443344444333443334443333433333333443224465444444433443444443352232444565555443323445555566556665677777777765556666566667788887786786666656678765212222234787554333333
34444433443333333344554445555544444444444544434444444444444443444345543344564334454444544654543343222312566556422234455555566556666777777777875566677777878888887776686666667878764212222346787554333334
34444544432334443354444434555554435444335544444433444444444444444444455555555445454444545544444344334111255555311344444555566555666777777777996677777778888888776765467666778777653122222345788655544334
44444444334433333454444333555444323223344334444434444444444444443454554455444555545554545543343554554111135453112444444455566655556777776667898767777788777888776643267667778787641222222334788655535434
44444443444444344544444344444443212334443334444444434444444555544455444444444445544344444433442665673112224311114543444445555553345666665556698777877788667788765433258667778887631122222334788655444434
44444444444444444444444444444443334434433444444444444445444444455555444544545544543333333344423664672111232111135544433445443333234566555445467666875444456776533222248777778887511122223444778665444434
44334434344444343444444443444454433443444444444344445544544444443444443444545444454344333335545664452111232111355543322334333334333455544445434445764332245665322223348777888876311122223434667655443333
44444433444544443444454543444454434443334444443343455554554334444444344445444434434444445434345555343111233223343333333333333343344465544456632323444343223554333434445777998876211122333444546655444334
33444444544444444445444444454454344443444444433344444454444344444444344444343433334444444444444655543222344235532243333433333443443356566667753444444444433434454443444778988886421123334444445655443444
34344433333444444444544444444456554444554545544445544343333344433333443444333333333444344444545655555654454324553343333334333444443346666678964444344433334443444343344588998887431123475443333455433443
44433433333444444454455554444445555444544444534444444433233333333334433444443344344334344444544545566654445322555533334333333442333357666778974443344333343443333333244488998887432233795434313344433333
43433443433343343444444543443444445434433443433333444434444433334444333334434544453344443444434544556534322432345554444344455432343359766678875444434433344433333333334378988888332334996343312223432332
33443334333333333333344444444443334432234443334434444444334434334434444344444444553434333543444444545434322442234554445454444454334349976678886433333433333333433333333369888888433326998443421222333333
33434334334444333443444444443333333444444334444444444433334444333334444444444443344434444443434344444324334531123343444443444443334349987777897433333434443333332322233359988889633338998433332212233443
43333334334434444534334333333333323445444444444443444444444433444334434444444433343444454434334434333224334432112134544454444434323457966666787433333433333333333333333349988889733238999523333431223433
33233233333333334434334333444334434444334443433334443344444444444334534444443434444333333334335634431113334522111334444544344334433458954666666533333333333232333433333348988888843328999643333343222333
33333333334333333333223334444333434334433444444444444344444444444344544454433443444334334344444444422223325522112434434444343334433359988876567632333333333333333333333336999888862327999744533333333333
33333443443443443333322333433333433444443444444443344433344443343344434444433443343344333334443445323333224521212333333444344333322359999888778743323333334333433333333334999887784327988743334333243333
33343444444444554443333333443443344333333344434444444434433444343343454334433334333233344334443334433323213511212323333443343232223569999977888875333433233333334334333343798787765326987642333333343333
33344434443444453433543343444433344444433344444433434443343354333344354343343344333333366333444344454322213421412433333333333234334568899767889997444334333433344443333443698676654325888743333333334333
43333434323444343434653443333334334444333333343433444333343333344343344333333343443333344333454444554222123321413433433223333334335458789976778888432334434433444333433433698566765323888743333333333343
43333333233433443443553443443344344443333443444434443334334334334444444433333444444333544434454344554322344420424523344223333344434458778766667656443334443343443334433344797567764222788633333334334333
44444455433333433333444333444334434443433443443334333333444444433333333333334334444334444454454434588744543221435522233222434344434447668644666445433343333343333333433334488567654222498633333343333233
33444454333334333333334443444444333443443344343434334433444443333444333443444345544445444234343434455545533232244412332112433234423336768633555566433333433344444334333334368888654322278633333333332333
23333444434344333434333434433232232443344444343333344344443444433443333443354345444465454345433432354444432222133212442112423234323334778623345665443334443334453332332432457788753322259733433333333333
23444444433334444433333333433334433343333334433343344334544434433343333433344334434454444454333233356745643312123222532223454345333443788623225655543224333433333232332222238788752432238632333332333333
34433454333334344433443333434333344443333433333443333333544345433434443334443333433444343443333343245534653103324353433344456544233333686533235766752222322433422233323122128887642422227622332222323344
33333343334344333333443334434343333333333333333433333243432233333333345333343343443434333254433554434334442112323322531243334444445333675522123666662122321222311223212132127887632212225522211112233334
34333343333233332334322334533543333434333333333333322233332333342254346333334343333333322244322663434233333333443332431244323345334332654423123566663221222222211123211121148877642112225411111111122231
33333333333322333335423233333333333333334334333223334323333433332243334333343453333333323333332473434324432443563343333355223333344333655633233376686211231233135134311121138877632112236311112111122222
32222223323332233334433233233333323322344333233332333333443333443332234333343554333333333323333463434334533334433333332353323233333323766765212266787311243631223124312232258777524212246322012131111122
32333223333333333433422332323333333332433333323333333543333343243543334334333333323433433233333432343333333233423333332133224333323334676654233257667511243631333224323334258777535412266343122122111111
32233333333333332333532333323333333433443332223434344533333343244343443234332333333323323333324323243232233234344333323233223333333234455554333146556533244443344244334344367777543222365323322122111111
33344333333333333333333332333323344323333322233343345434333432444433333234332333333233323243423333332232333323355333233233333333233334446546644155545322345465456454333444467877543232365322321111111111
33433333334433333333333343434323344333333333333333434344334333543432333232232222322322234432323332332233224233344333332343355443245334234534644465764422553455443344444464567886433332466421212222310111
33333443334333333333334433334333334334433333333333333333333334332333333322333333332423223223323333333433233444333233333343444344335342233233344544542433343334433344544454467877433223676311115464211112
43333344333334333443343333333333344333333343343443333332433233234333333333333323333333233323434233432333332445332333322333322323233344233333344334344433464333334354434543567876444224676312112252111223
44333333333334333433333333333333333333333443333443333233432332333333343333344333333333344332334224332323332333333233322323223213233364232233433333464344343443233344444554456765333322665312014332221223
32233333333334222233323433443334334333323332343344335443443323333443333333234343332332233323233233232223343333323333232233223213333564223434433333343335432343233454333334456665244334544223124432221344
22323323433333332233433434454333344333333333443334334433345333334333433334344333333333332233333333123124333323435323332333334433222454332233433332233223343332233354333356555543132255544323144354233643
23333334433334443333333434433444333333333334333334333322354433333233344434334333333222332123333233232233333333423322433423333434433334233333322342333233443443233353334455565442233233435533333465334432
33333443433232333433333333323434433333333333334433343233333333433334355434444333343333333233333223433233332334532322334433344323333333223333343332244223334533333463326744564431344355434443333345534322
32232333232233222333333322333334433233323232433433433343333434434333345433434433344323323344343333333332332443332332443334345323334332333433264345534333335533244334456534453333353445433433333233223343
32322233333322223443344433344334443344334333444334454444233434334433334333443444343332433343343333233333323332223334733334333333333333333333443443536533334443433343344343233334343334443333333333323463
23223333433443334544343334335444333344235443344334344444344443434334334444443344333333333343433333233333333322233334544333333433333434444543433543335533344543433344233442322355454433334443333444423332
32333334443443443443333334334544333334443333443334434444333334433334334343333443333234434433433332232343333334433333333322332223332334333343334333433333334442422243233432222233653444334542433663433345
34543343333344444433333323334434433444443333344444444443333334332234333333334333333434444323332333322233334334432334344222233232333343333333334443333323233342343242333422332223533554433543233442333247
43322332433334334333333223233333443443344433444433434443333443342233344323333232234433344433333333333333344434443333344333433222322443234333333333333333333323343333323334442224433433332232233223434555
43333333433335334343333334333433344333444434444333344443343333333333334434432244334433434443323443334443333333333343233333333222222442233344333333323323323423222344443334353333453333233245333333445644
33334443433333343443343344434344444434443344445433334333332235444334434443343445434434444443433443334443433433333344243333332233333332232344332343323322322322323344433323354432443345334233433233564434
33344433444433443334344234443454445445533444344434444333332345554444444553344433434334544334444444424444433434333333333333333333232233333333333342223533332222332232223322222323433237533234322334333544
43343333454444333344445444444444454344433333444334334334433444444443344544444433433233433334443443434334434344333334333332333333323333433333333443334553332221232232232323322235534235633333322333323444
33344443443333333334444333434433453344343333334433434544434444544333444444433443434344333444343443333433333334333333333433333233444433333333423333233232322222233332333332323323233323432322333244333323
34434433433333233333443334434343343333344333332333344443333543433333443433332355444343444444434433344334433444333333334433323224444333334334333333344323223323333233233232233443322223322323233333332321
33333433333343233333433443333333442333443443333344344443344443333433333333233333443234334333334444333445434453332333334334433334444235335544333333343333333323232223333123233333322433333323234343332232
43343333433343323333433333333433433443333443444433443433333333443233443433343233444334333333333433444443333334333333343323543434333333345543334334344333333323322333234333333334333443333223233443322222
