22674222222222212578533222332223223123222574222235323223356533333224878888888888888888888888776448888555567665666875443443333332233333353224788888888888888888888888888888888888888888888777787777777777
22674221222223223678844222233212222133221574222334332233235532222223578888888888888888888888887548888555565567777886433322344422213324454334788888888888888888888888888888888888888888888877877777777777
32674221122222126877643222332222211122222674222333322222223211122232356888888888888888888888787537888654333467787786434332443333213224433445788888888888888888888888888888888888888888888877778777777777
21674222222222212674323232322233222211232674222223322232223521112221236788888888888888888888787548888643233478664454433333443223212222222257888888888888888855667888888888888888888888888887777777777777
22674223222322122663422233323333222212233674232233222222224841112222223578888888888888888888787538885333332467643322333333333322222222222237888888888888888643444688888888888888888888888887787777777777
43475333332321131454312233334222132213343685322224322232335652111322222445678888888888888888777637764433433334444433333332223322222222222256786688888888887533333478888888887776578888888887777777777877
55674354445433454444434343434332353334342375322234322233232322112322112332456778888878888878777646533435433322335554443333232222222222232334654678888888885433343447878888888776468888888888778888888887
44774254444555555445445445555445555445454475333345333343443422111322223433334678888866588877777644544435322232354665433334422222222222332222334578888888886443333436857888888776468888888887657778888887
44674244444444544444444444444444554555555554344455454455555554444545555555544677777754466754577643564435222222344543223423311142222232323333333578888888886533333456747888887876478888887875545567787678
44674344444444444444444444444444444444445555344444554455555555555555555555555655556655555555677645565556445555555444444545443453333364333334334678888888776433334575635888887776478888887763334334566367
43675333334444444444444444444443444444444665344454444555555555454455555555555555555555555555357534555566555556655555556555555555555566555555555666666666665444444555544765677775367767776544343333443344
33674233333333333333333333444433334444444665334444444444444444444445555555555555555555555555237644555555555555555555555544555555555566555555555655555555665555555565555555556776455555555555555555555555
33674233334433444444444444434343344443344665334444444444444444444444444444444444444444445545567644545555555555555555555555555555554555555555555555555544555555555565555455556776455555444455444445555555
44675344444444444444444444444434444444444665334444444444343444444444444444444444444444444444478644444444444545555555555555555555554544555555544444445554555555555555555555556775445544444444444444454455
44774244444444444444444444444444444444444565334444444443444444444444444444444444444443344444477643444444444444444444444544444445445544545545555555555554555554555555555555555776444555555444444444444444
44674243333333333343433333444444443443444665334444444444444444443444444444444444444444444444577653444444444444444444444444444444444454444444444555555544444444455544545455556876445554444444454444444444
34675243333333343333333333343334433433434665334444444444444443433444444444444444444444444444577653544444444444444444444444444444444444444444444444444444444444444444444445545776444444444444444444444444
34675244334434433333333333343333333334333675334444444444444333444444444444443444444444444444467753444444444444444444444444444444444444444444444444444444444444444444444444431476444444444444444444444444
33675234344334443334443333443344433334444665333344444433333334433344434444433344444444444444467753444444444444444444444444444444444444444444444444444444444444444444444444443565434444444444444444444444
33675233344333444444444334444443443333344663233444333433333344344444444444333333344434444444468753444444444444444444444444444444444444444444444444444444444444444444444444445776444444444444444444444444
33675233333333333333333333344433344444344664334444344443333444344444444444434444344444444444468753444444444444444444444444444444444444444444444444444444444444444444444444445666554444444444444444444444
33675234333443333334433333334443344444444675334334444443334444344444444444433444434444444444467753444444444444444444444444444444444433444344343344434444444444444444344444445776544444444444334444434444
43474234444434433344344333333443334444344775333344343343334444434444444444443344344444454444467753444444444444444444444444444444344444444443334344433333343333344444344444445776544444444444334444444444
43474344444443334444344333433434344433334675334333343344334444444444444444444443334443444444468764444444444444444444444444444444444444444444444444444444444444444444444444445655544344443344343444444444
33675334444444444444444444444444344433434675334444334434444444444444444444434432223433444444468753444444444444444444344444444444444444444444444444444444444444444444444444335765544333333343443443344343
44675233444344444444444434444433334444444775333343333333434444444444444444444431453444444444467643444444444444444444444434344443444333444444444444444444444444444444444444446776534344333433333433333343
44675234444344443344334443334444434433334775334444334433333433444444434433444432554444443443467653444344444444444444444444444444444443333344444434434444344443334333334333336876544334334333333333333333
44665244444444444444444444444433444444443575334444444334443422443444334333344433445344343333358754444344343443343444434444444444444444443444444444444444444333333333334333336876544333334333343343333333
44665234444444444444444444444444444444442475444444444444444431264444444433444345456343344343358754334333443443344333334444344444444444343344444444444444444444444434444333336775333333333333343344443333
44675244444555555555555445555555555544434675334444444444444553146544445444444446456244454444457764343343334344344444444444344444444444444444445455555444454544444444443444436875533343333334333444444444
44674233334444444444444444444444455555554675345444455544555457524665444544455546446255545555557764444444444444444444444544444444444444555555556556555555555665444444444444446865544444444443334443343444
43464243344344434333444433344444444455555775346555555555555556852467654444444435426335555545557764455554445444454444444444445555555665666677667677777777777776655444444444446766644454444444444443343344
43464233333333434344443333433444444444444675335443444444445555784245665554454334225323444443445665454454555555555555555545455666677777777777766666666667777776677665544444447877534444444444444443443343
33675233434344433444443444444444334444334676334443333344444444577444333355554444533422334332334445444444444444444555555557777777776777776677766666666666777777776677655443337877434444444444444433443333
33665233334344444543334445444444444434443676334443333433334443357755321124444335633422222222233434445544445444455665677788877777776777776777666666666667777777777666666444347776433333433434444433333334
33665233333333444444444443344444544434444665334444444443343344346675432213544235746433444433334433344444444444567877777777777777777777666766666666666667777777777766666654446776433334333333333333333344
33564312223334333443344344444434433333444665335534444444444555544687534556664455676433567655556543434335544557777777777777777777777676667766666666666666777777777766667775446777444444333333333333333333
23443313232223342333333433333333433333443575335444444544444445545589865777667756784355567776676655546668885446777777777777777777666666666666666665566566678877776666677786556777445445444443433343334343
22233223233222332433333333333433444333443475334444454444444444434557887766667646764224566777777767778888887436777777777777777776666666666666666655666666567777777777777876557887545554555544444444544433
22222333333222333333333333334444454344444675333434445445444444444444567666666664652212234566666766687887778536788887777777766666666666666666666655666665556667777677777776556656445555445555555454544444
33333333333433333333443333333333343444444676434433444444444444444445457666666553442112222234555656667777778745788887777777766676666666666666666656776665556666776666777775466455445555544455555444555555
34444443344433444444443333344333344444444676423433345444444445443444576666665454332212222222234434557666678744788877887777776666666666666666676667776665556666776666777764366556444444443444444554454445
34543333333344434433443433334333334433343575223333334454444444444434666666655444211222222222222222235556688746887777887777777776666666667667777677765565455666665566777764256656444444444444444444444444
44433333343444434444343433434443333343334564322223344344455434444456666655555444211122222222222222222355677755877777877777777776666666666667776777655565555666666566677664235656344444444444444444444444
55554444454554444444444433444333343443333664321212233443344333443466676555566654321112222222222222222246677756777887777777777777677666666677767766655654445566665555677653135664344444444544455444444444
44445444443445454444444554433334433344433554422322333333333332224556676555555553321121121112222222222225677756777787777777777777777666776777776666554554444566665556677642026566444433433344444444444444
43334443333344444444444555434334443433333332333333333322334444343466776556544432221132111111222222222223677765767788787777777777777767776776766666544544444555555556676532235676444444444444443434444444
53333444344433344444444455445444444443443432333333334334433444444457765566565543221132111111122222222222677764677787777777877777777777767776655665444554445444555556676423422676544444554445544544443344
34444333443333333444444445444444334544444543333223333244433334444447665566762112211122111111122222222222577764667777777778877777777777777766555554444444445555555555665323333666544444445445555554444444
44444444343344434343323334433444334444444543443434433334333333334456655566510011111112111111122222222222677665566666667777777777766667767665555443344444455555555555554234346754433333344444444455544445
44443333443334433334333343444454444555445545534444433334344343443366655556423211111111111111122222222224777665556666666677777777766777666655554332234445556656655555554343446753433333333333334344333444
34444433334433443344434444544554545543445544554434334444444444432456555445445222111111111111112222222236777665555555556677777777666776666555443333233346666666666555554333336764532433333433333333333344
44454444433334444444444444454444444444444444455444454443334444433465445454432221111111111111112222222257777555454555555567776776666665665544333332234467766666666554554333347764542343333334334333333333
45454444443344343444334444554443434444444444444444444343434444543465454565433311121111111111112222222477786555444544456566667666666666555433232321224577766676665555553433357773452333433444434333333333
44444444444444444544444345554444435443334444443344333344334444323465544554323211221111111111111222223677776555544543455556667666666565554432222222233787666666655545653433457773452343333334444434454343
44444444444433333343455445555554445443434444443344443344444444345577755553222111421111111111111223334777776545433544455555666666655555544322222223332587766766655446654333557772343343344334334433343334
44344444443323344334444444455555444444544455444444444444444444476555687532111113411111111111111122345777776544334555555455666555555555543222222333321188776666554456654443467762233333344433343333333334
44444444443334444334544443345555443443333454444444344444444444466755445431111233211321111111111112356676676444235666554445566555555545432222333333221049876666555667644544457762232334444433454333433333
44344444434444433445444443345454432222344433344444444344444444458986444321112422111323211111111112355677776444245665554446656566555544322333333332210018976666566666644443357762232234444333443333444433
44454444444444444444444444444444432243444334444445443444445455479998554335323211013213432111111111245676775554345555544556665655555443233333333323200006987666666666654434346762233244344344333333354453
44433443444444443434444444444445443344444344444433444444544444599898753234211111254123433321111111124676664454345544444566665655544443333333333333300014987766666666654433312762233345443333433333443444
44444443344454444433444554444445444344333444444433434555455444578888742223201343443113433333211111113576654554455544333477655566554443333333333344422344787776667666654433332663322445554344333335443443
33344444444444454444444444445445433444433444443333444445444534245553342333112343342113444454432222211356554553344433222377766566654433333333344344444444467776777666654434356663222454444444334444444433
33444444444334444444554444444445554445445444553333444444544444323320142333213344341134444444444322222235433432344322222356666667533333333333443344433444447776777766665444457773223444433344444444444433
33434334333234444545445445543444555544445454454455554433333233331200332221223333431144433444444332233323321121233221122334554444322233333334333344444444343777778777775443357764223443443343344334443344
34444334344333444435444455344334555554454344344343344444333333332222322121134444431233434444443333223333532221243222222233333333333333333344333343433443342587778887787444347775224443443344433434333343
43334334443333333343334444444334443443323344433233334444443443332221111111344454421233434434433333332333343222565443332434344444324433343334334444433443333698778898888644357765224434443443333333444333
43344333433344433344344444444443334444334433333344444444433343432221111333444444421243343345333333333333332222665443333544444454444443333444455444433343333599888997788844457754233334333333433333434333
34333333433343444444333443443433333334454443444444444444333444433322223434444344332343444443223333333233222222576544444444444445434433444444443343333333444489988887788974357763232332223334334334334333
34333322333334333344443333333433343344444444444334344334444443344433343344434444333444444432213333333334443333476544454444434443333334443453333343333334344379998888888885356653223322234433333244434334
33223433333343333343333333344433344443443344344433444443444444444433454344444334344443333322223333334434444455466543354454444443443344433333333433333333333349999988788888556533323332332333333333433344
43333434434344333333332233344333344343443344554444434444434444443434454445444334434432432222223113344445443434456554344444434433344443333333233223333333333337999988888888863333323333333333332333333334
33334344444434455444343333334344333444334334443444333443344444344333444343344343334434432222233123433355433443446554444444444333333344233343233212233333333336999888888888864433333233233333453333323333
43334543444434445444344334345443334443443334444454344444433334533434445533344343443333322222333344433333435533434654334334433443355225333342212222333333333434998888897787765333333333333333333433333433
34333443432344433433355334343333333444443333444444344444334334433334434434334334443433222222334444434444434433344655443334433343453333333333323334433443433334998899997677665333333333343333323333333433
44333333332343434444346434444333434444433333334443344433334333333433433443333344444433322222345444444443334434444455544444433333543444334433334444443333344444898888888656665433343333333323333333334344
44444345543333344344345433344433434444343344344343444433444444444344444443333344444433322222345444444333344444444566665554444345443454334434333333333333354433598767898656765444444333222333333333333343
44344444443343333433333343334444444444444334344333433344334444433333333334333443444433422223345444444434334444444356666665544344444444345343333334333433444333587766788756775345643323333334333343433432
43333344443343443333433334444333313334344434434343333443444344434344433334335434564444522223443333433323336434443246666565434543443443334434333345433334333343478877668778876443333333333433333344333322
22334434443333344443433343333333334334333443443333334443444444443344333334435534443445632233543323323223355543433346666544343343443333333333343354433333344333458877666777776443333333354443333443333333
33343345433333444443344443443333333334433343443334334433354443443343443333343422443345532233433322323332353553422346665433443333234343323352343364333332444443348887654777776434433333345643443433333433
33333334333443433343344333343433333433333333333344333333344333543344434433444334344344552234423233433333353343433334665322322322223221323232333343333333333343348876663587766433333233234533434433333333
33432343333333333223343223343345334333443333333343333223333223334334433543333444334443452233443346442444433243333322454222222212121111222112333123231233334334547888753278776532332232353233333322332334
33333333433332233333442233343333333343333433333333333322333343334324434643333434433333432233432246433443443333322332233332211111111112211112222222232332233332347888752158776522222322232232322222233423
33322322333333223333353332323333333232233443433322233332334343333323333333334445423433332233333336444432452244323221135432211111101221111133121221211221122212137888641147766621111211111221111111113523
34233322333333323334333233332233332333233333333333333344333334334333323343333344433333322233233345243333354323433222126553311111102320111165211210211221122232137888641027766631111111111321111211112233
43322333333332333333353223332333333333344433332333334354333334423444433433433333332333422122332443343233333322332112114553411111000210111122111210210121113252147788631127766641211210122431101421322112
33334333333333333333333334333333333443334332222344434553343344424443344323433224333332531112332332333333323312122111113654522221011211110111123210441230222242267787521127667652211110121222212523641134
43344243333443333333333334333432334432333333333333344443433443245343333323433233333323542221242333322122221212112252112755653321111211121332553210441332533563366788522126667753222100011122124336541244
33333344333343433333333334333443333433443333333333344333333433344233333323223222232233563222222333222221111111112131113765666642213422222354365421453222454353665577444126667763121111111113423334432334
23433333433343433344333333333333333433333333334333333333233333433333333333223343333245544322332333322221111111531111122656534423213524323323334443354133234334553676444435766763121110121134533444543233
44433333333333433344333333333333333333333334433344333334334223233332333333334333433344444333243322342211111112522212222654322122122223423334434553333343346423343445453445566763342200230154423545632333
33333333333333432223333343344333333433332344233334433433344333233233334333324433333334565433323322321221111122233222315665432231123235423223444333335443334343333334423555556653432411332443323324433222
33232332343333333223343343445433434433333333334433433444334432333444333233323443333234664333312223111101112221232332445534421220223347422333444333335434553225313344433335444443423432224452332354332222
33333333343333444333333343444444334333333333443333433343235543333333343333434533333334553323321122111101422322333433444333432442333246433223334333333322333333323345423334555433413435554242433434222234
33333344344333333343333333442343443343333333433343334332334333333323334443433433333324553211221111111101223233443333243433323342343333423333333224233322334443323334333335544323324224454444323535433355
33323233323223322233334333333333443333332323343343334333333334343333334543443434334334532312212211342112334233453232233443334432343433321333333223224322343344333336332554454223233433544454333335543343
33233222323333222333334433334433444334443323243333445444423333443443333433343443334432211223233233333233333244333233244333434542333433232333325433443422234553233445433674355333334335543344342334453432
43332233433343332354434333333444443434433543344433445544434344433443333433344344434333233334334433323333332333222333563333433332333333233333335434463643333554323433345544433323444333544343333323322335
33333333444344344444333333443454432333434443334433434444433444443433443444434334333333334334343333323333333333223333454433333343333333344344353344333653344454343324324334333324524333333333333333332335
33354333433334444443333333333443433344444333344443444444333323343333433333433444333333443443343333223234323343443333333332233222333233444344333444333433333454343234423344222235456443433444233355442333
33343233233333444433333322323342344345334343335454343444333343333224433333333433233443444433333233332223333433443233434422222323333333333333333443333332322334233224333343222222254354444454333366333334
44333333343332543434333333333333334343334443444433334444334334334333334443343323323443333443333333333333334443444333334433333322232234323333333344433333333333334323232332334221353354443343323333233433
53333443344343334434334334433433444333444334343443333334333333343333343443443224433444343444332344333444333333332334323333333322222244323333333333322332332332332224343334434233333332323223323322333465
43333443344433344333334433444444545544553344444544444433333223544433444444334344443443444434343344343444343343343334424334333224333343223234433234332232322232221234544333435433245323323333433323255454
44334333345444433334433445344445444433443333444433433433443234444444434455333443343323454333444444442444443343433333333333333333323223233333323334222342232222232333332342333443233333643423343323445343
33333344343333333333444333343443345334433332333433433443453444444443334444444344343323442333434344343333343444433333333333333333332333343333333334333465433222133223223232221222543323663323332232333354
32443443343333323333344333344434334433334433333343344454343454354333344344433345443434443344434443333443333333333333333343333323334443333333343333333333233222223233233332332333443433354333233323332333
33333343333334322334344344433334334333344334343334334444343344332343344333332234544423344444343433334333443344433333333443332323444433333433433333233432232233333323323333223343323332333232224334433332
34333333344334432333343443333333334333333344343434444443333434333333333333333333344323433333333444433344443444333233333433443333444423433444433333334433323332233222323312223334432232332232323433333233
44323333333334333444334433344343333333433333345333333343333333344323334443333333344444334333333433344444333333333333334432354333433334434654333333434433333332332232323323323333333353333332323334333223
44432333333333433344334443333444223333434334334223333333333333344333334332333333334444444333333334444643332333322332333332344444332332334443333433433433332321333244333434443333334444332322323243343322
