44444652444444444444444444446974444444554445555555555554477425554555555445545545555545555575113366423334432233322663111331222333234578888877788887877754553343622322234456444333332222222222223222244455
44333563344444444444444444445974444444444444444445445444467534444444555444444454444445555587103556334445444455313765333444445444443578888865457775567753465444522222234565433343332113222222233232223345
33333563233333333333333333335974333443444434334444444444467534444444445544444454444444444588302555435545455455325555555555555555555666666665555565567753465445533333354444332342332124312124322222332346
33333464333333333333333333334964333333333333333333333334467534334444444444444444444444444589622566435444554454346465455555555555555555555555555555567743555556555555565555555555555445444445544443443356
33333474333333333333333333334964333333333333333333333333368533333443433444444334444443334589842566434444444444466485444444555555555545555545555555316653555555555555555555555555455556555555655555555556
33333464333333333333333333435974433344344444444344443433367424444443444444444444444444334479962576434444444444585575344444444444444444444555444555536754454555555555544555444554444455555455655555555556
33333464343333334333333344445854443444444344444444444444467534444444444444444444444444444479972466434444444443695565344444444444444444444444444444457753444444444555554555555555554455544444554445555445
33333464333333333333333343335964444443334443434444444444478524444444444444444444444444444369883356434444444443785564344444444444444444444444343444457763444444444444444444444454444544544444444444444444
33333464343333333333334433334974443333333334334444344444477524433443334344444444444444444458883355434444444442685464344444444444444444444443344444467764444444444444334444444444444444444444444444445455
33333465243333343333334433334974333334433344444444434434467524433333344334344333344444443458883245434444444452663464343444444444444443444444444444457764444444444444444444444444334444444444444444444444
44444366233433344443334434445974333344433443433433334434467524434444444334334433343344434467885344434444444452655564444444444444444444444444444444457764444444444444444444444444444443444444444444444444
44444356343444344444344444445974444444444343344333443443368524444443444334444443444344444467897334434444444443675464443344444444443344444444444444457764444444444444444444444444444444444444444444444444
44444466344444444444444444442774444444444444444443444444367533434433444444444434444444444567688433334444444434663363443344444444433333334434444444357764444443444444444444444444444444444443444444434444
44443466344344444444444444444864444444444444444443444443467634444333344444443344444443344467898532234443334334774564444444444444433334344444444444457764344444444444444444444444444444434444444444434333
44444465243344334444444444444974444434444444444444444443467524443444443444444333444443444468889632113432224344764774444444444444444444434444444444457764344444444444444444444444444444444444434434444444
44444466344334444444444334444874444444444444444444444444347434444444443444334434343444334479999733212432223345777964444444444444443334334444444444446764344444444443443433444444434433434333333333333333
44444466234344444334443444444973444444444433444444444444457534444444444444444433443444444458999743332432234444799854444444444444444444334443444444447764344444444444443334444434444434433434443443333343
44444446333344443443333434444974444434434443444444334433467533444544444444445444444444444446999855675555546554799644444444444444434443444433444444457765344344444444434434434444444443443444444444444444
33334445333444444444443444444874333433334444444444433334467523444444444444444444444444344444799877766667666556887544444444444444444444444434334444447754344444444344444443333434444443434444444443444344
33323356333444455555554555443674444444334433444444444444467534444444444344433444344444444443478877666666655556765444444444444444444444444444444444457754344344444444444444334433433443333333333333444443
33323356322444454444555555444774555545455545445444444444457524444444444444444444444444444444458776665555554443453443444344434433334444344444443333447765344334343334443444344444443444444434333333344443
33333356312233444433434445554884455545555555555555555555567534444454555544445444445444444444567767665555555543333444443444434443344434444444334433437865344434434344333343433444444444444444333334344444
33333346322333343434444333444874455454444544444455555544467524445455555555555545555555555555556677665555655555323444444544444444444334444444444443447765333333344344334333334443434444444344433334433444
44433345444444444544443334434874334434444444544444444444467524444444444444444444444444455566666776655555555444323445444444554445544444444444444444446765344344344433344444444444433344444444434444444443
44444444444344444544444344433884322334434444444344444434347534444444444444444443444444444565777777655555568644324555555554544444444444455444444454446765344444444444444444444444444444443444344444444444
33444433444454446444444344443784332333333333333333533334357523343343444344444434444444444442368777655554566433335555555555565444455555544565544444447765345554444444444444444443444444444444444344443444
33444434334445434444344443444464343433343323333333433344467523344444544444444445454444444421277666565444541101235455555555555555555544445555555444446775344444445545554455555554444444444344444444433444
44444434334433223433444444443344554333343333333333334344467523334444444453434445545444444432676654565434631000134444444444444555555555555555545554446765344444444444444444444555555555554444444444444454
44445444434334444434444544444433543333343334334333333333367523334333444444444444444445554446656554444445454200123444444444554545555555555555544455443675444444444444444444444444444444444444545554444445
54544445444444444444455664444445544444444433443333333333456431323333434344344444444444443346455555543355323311213555544455665655556656666666554445442676444444444444444444444444444444444444444444445445
44454455444444444444447952344345544444444443333333333432334332333333343233343443333333444355557865444443322212212555554467765555555667876666655445545765445554444444444444444444444444444444444344434444
54454444434544444454435543444444433445454455444444433342223333333322333343333333343443444465579898533333222112122456656677655556677667766666666544445876445555555455444444444444444444444444444444444444
44444444455544455555444444444444344444444444445444343443222333333332343333343334334544455664698789733222111222221136766666655665677777666666666543435776434444444445555555544444444444444444444444444444
55455544454444445544545444444444443444444444444423333343433444334443343334444334434443344655999978843221111212211124565555677766667776566766666554335776534434333444444555655555554444444444444444444444
44445555554555445444445344444445444444444444444334445444555444334444344444444444344444345667889876653222111112121112245555776656666665566666565443334776534444444433444344444545554445565655555444444444
44544444544554344444444455434434434334443434434444444444454333344334443443444443344443344554567664253222211111121112313455676656665566666555555433233776534445444444344445533343444445555565555444444544
44444444445444444554444455444544444444444444344543443444444444444445544444444444444444334622334421015212421111222112321345555565666665555544455532223676535454444445544445434443533333333333344444456655
33334444445444444444444444444544444444444334445544443445555554555455455444444444444344344522323310014211321112222112332134444566655555555444445532222476534454444444555445443444335434533333333333344444
44444455554444432334444444434443323333443433444434444444444544444444555444454554443334444422332210134211321222322111233123333566555555554443445532222476534443444444454455544344344444544434433433333433
44444444443443434334444444444433333343334444443434443445333444334444444444445555433434454433332222332211212232222111223223332456655555544444444542122366545434454334444444444444444444444444434443334443
43434444334344444344545444444444554445444445444444444444444444444443334445545445544544444443322222222221112111211211222212332345544445554544434553122266534344444444445333445434443444443344444443444334
44444444444444454454444444445444554445444554444444444444445544344444333444444445544455444555333222122321111111111111222222322235544444554444434653112267533443443444444444344444453443333433454454444344
44444444444445554444444544444444443444444544444444444444444344444344444444333334444454444556433232122221111111111111222222222223444445544444333543212257543443444444444434444444554444434444444554444343
44444554555545554555555555544444444434444444444455555543444444444434443334434444444454444555533331111121110111121111222222222223334544444444433542111257643433343434443433335444455444444444434544444343
44344444446444454555555555444444544445455544444554444444454444433444454444444444554455555544555531100111111111121111222222222222234444454543433532111267633434444443333443434344444444444444333444444344
44454443335444545655555544444445444554454444445544344444455544444344444444444444455444444554334311000111111111111111222222222222233344554444433432111267642333444444323333434443333334444444333444454454
44444554444444456565455544344434434454455445445444454444544444444345444444434444554444444443331000111111111111111111222222222222223333443333322322111277642334445433433433333344433432434323342333343343
33344444333444455444554544544444455454444555445544434555445445544444444454444445555454444544333111111112111211111111222222222222222333333322222222111367642223344333333333432343433322334233333333333344
44455543334445544344444444544544446544443444445644443454544444444433334343455545555555445444322221111112111111111111222222222222222222333322222221111366542323442233333222132234342344443333333443433333
44455434445444445455444454334445455545555444544544334445445445544333445433554444455555544444422111111111111111111111222222222222222222222222222221111465432233322223233322243344333444344433343333333434
44443333444444444444444444344444344554455545554544544554444454444344443444554444335555543443432111111111111111111111222222222222222222222222222211111444333333333322334433343343334444444433444443343444
44445333334444454444444544544444444554444454444544544444445445544555444445544444445554432222342211111222111111111111122222222211222222222222222211111443333333333333334343333432333444444434344333443344
33434444344444454454453534444444444444444444544445544444444444444455544444444544544444433243443212344333111111111111122222222111222222222222222211112333344443334333333443343333433444444433333333344334
44433334344433443344443323444444444554544545444444454455444444344444443444444444444545444344444444466344321111111111122222222111112222222222222211112222355444445433333444333344343433334433333344444334
34434444334444444444344433444333433344544445544443444444444444445445444444444555444445544344444444466444332111111111122222221111111112222222223211112334355444544433333444333343333333334343233334444334
33333333443443333333454343443433433434455455444444544444344554445434455444455445445545543444434444477544323211111111122222221111111111222222223221113444445445544223434334333333333333333333333333344444
33333334444443334434444444445434444444444444444444444443444444433334545444555444444445555545445554577664211111111111222222221111111111111122123222113444554544433122333333333333333333333333223333333434
33333343343434433433334344344433444444444444334443444443444434434334454544545555544444565554445454577663221111111111222222221111111111111122122222213444444433333321332333333333323333333433222332333334
44443443344344444333434434444433344433344344334433444444444434444433434434444455444434555554455344577663221111111111222222221111111112222223122222223454443433333223333333433334333334444443332333343333
44444443344344344434434453454433333343444444334444444444444433344333334444334454444444444454333344566664332111111111222222221111111122222233212222223354344433443323444433333343333334344333433333433334
44344333443434444443444444455544444333444444444443344444434444443344544445434444454444344445334443566665322111111111222222221111111222222333222222223343334444444444434444433344334434422343333333433344
44433333444444323333443444433444434433334445444433443444443333344344344445443343443433333334444444566656321111111111222222221111122222233443222222223443233344444454444454444443444455433443334333434443
33333343444443333333333333433333454433443444444444433333332443333334433344443443334433444344444444666656522111111122222222222222222233333343222222223434333344343444444345344444444344544443333344434534
34434434543344444344445343344333333444343333323345443334333444444444433344333333444443344443343344566656632221111122222222222222233333344444322222223344334434333334444434335434433344433343444445433333
34333332433433344443444444444334544444334434334444444443334434444444444444443234344333344344444345566655652222211222222222222233333334344443322222224464344434444445444444435445444444344234444334323334
33333333333333334343434433444434444344344433334344343343343544444444445545443333335444433444444444566666673222222222222222223333333224434433422222224443443456444334444444344444443443344334333332323232
33333333333333343334434433343344443333444434444344333333444455454444544544345434445454334444443334456666664222222222222222233333332222344333422222234333433344433343444433444343344433343344223233323321
33343333443333334334443443344434333333344444444444443334434334343344443544346434443333443444444334445665544332333222222221122332222222343333222222224433333333434643333343333334343333322233422334312322
44333333454323343444433333354334333444444333434444444444444434543334344445336534444434544444433333434554445754333444322221133322222222244433322222234433433444434543333333333333333335333354433334221122
43333343333333333333433333333343254334334333333344444444444444554333344444435443344444444444444344444443489866657976422221244432222222234333332222234543444444434433434334434333433333343355433333332333
33333333223333323433232233333334443343334344333344433344334444544344343443334344444444534444444444444443598865669975432211244442222222224443332222234543444444434434444344444334443334544344333344333444
33333333223233223233333223333343334433333433344333333333234444454343444434443334444433323335444444444455576874546864332221333434222222223433442212333443444434334444444753454544454334444344343434333333
33333332233333334333333223323343333323333333333333334433344444544333344544444444344333434334433443444356644664332343332222334345422222222444542222322333333323235434455543454444444444444444434444333333
33333332233333334333333333333344343333333332233234433443344334544443444444444444444333334434433444444356874343332264332222334335623222222445642223322433333224246533454343455544333444344443333334333344
32333322343243332232223332333443233433333333333453433433343234444443433334344433344344334433333444333357886533332168776432344345732222223344422223321332333333254453432343445444334333454444333334334345
33334332342233343322233222333223323434343333334443332333443443443332333333443233354345444334443333433357896532233269998642334443753322224334322223322233433433354343433444455433445445554443443445434346
23333333333324444322233334334222333443343333444333333333333332333333223343363333343443344343333443333347796333343269998642333543773222234333312223322345444444543233433444345333444456443332343333343344
22222343334333344322333334333333333333333334334333334343423332233333322434344332333333343233234443433337786333333369997642333543585222233343322222222247434343443343333332333332333234454242233423443343
33333444344322343222333343343433223333343434333444443344423333344333333334344233333333333333234333333336886433344359997642223343488322233333322222223237443432443244356334333322533234452232333322432343
33334433344332333343333333343433333343343443333333333443333433343333333333344333332333333344344433332336896433333359997632333433488422233334332222223336433333454343445333432323532232222542333332332333
33333223333332333334333334443443334444434334433333333444334443333444333433333334333433333443334332232446797433343369987533444323577622333333332222123333234323333332344333333322422222322331333332343233
33333223433343333334444443333433344433344334433333343534333234433343433333433334444443334542333333333345687433343369997423443323667742333332332222232333223323222322343334332322322121222222332233444333
34433323443433344455434442233221333443334444434433433332433334433344433333433444334343333443444344333335676433243469986323334323666642333323332212242333323223323232333453332322332122122322232334434433
33444444433444433445433443222321222334333444334323333344443433443333444344434333333333333433433334334335575333243379975323333323656643333232222112233333223222323332333443323223233321121221123334423233
44444443344334333445444443323323334333234443233333233343433343333333443334334343333333333433333334434345676423343379874223333335656543333232322112332333323333322333333333333224335633231222121233223344
44444444344333333344453443334433334433343233323443333333323333334443342223343344444333443433333344333335666533444367764223333335555543333333322112343423343233333344532323233222334324332232211111112233
45343243344432233343333343333444434443333234234433323333333333344333344333334344445433434433333333344435655543344378654334334346555444333333321112323422333222333233333322222223444222232223311111111114
44332233343444343323233333333344444434333443333323334333333344445433334433433344443344444433333333443435655443344588654434343355554443333332321112423323323222333333332322322223464322232212211111111111
33233233433443344323233233434454442342223444333333233333333333424323323233334333342343444343333334433445765433334487654333333365554433333322321112433322322212433333333322333322331222222212211121101111
32433433433333333333333333234444332222233334433444333333323333333333333333433433333333443333332323343445665544433587654334435565555533333322321112333323322322333323343232332211232222212222211111111100
23433333233233433333333342233343333222232343224444323334333233443333332354444444434434444434443423243345565555333677654333344755555434222233421123433222343323333323343133322221132111121111111111111100
23332342333334333344332342344433233333321222233344333333333333444445434455433333443454443444433544344434455544333687654323334756543333333322222223433333343233233234322212212111111110111110110001101100
33222333223334343343332343443243344334333234334333333334445433434344444444433333343454433333444444334434445543234877654333435656542234333333222422334333223333232233211111121111111110011110100001100341
33232234223234343333222333333342333333323342334433333343444333334334444443333332333443443344444333344444445542225876654323346556542343343333211432333333322323332332211111121111111111111100100111111342
43333243233244344333323343444433334333223444333333343445433334444333453434433332333333344345334444335454443332225766654323446445442443333333211222342333222233322221111111111111011111111111111113214223
33333333333333334433334334433333343443233554443334444455334344444343434434434334433343334443344443444443343322224766554323365444323323233333211222333233321123211111111111111010000100001011111114322234
33343334332333334433333333333334333333333344433344443444334444445444334434344433544444445443444434344443334312223765543223366543213324323442111233333332222221111111111000111010000000001111111111222333
32343343332333333333333333343334434443333334444444444544434434345544443334443433444445445544554344444544444421222655432133455543213234433442112333332222211111101111111111101111111000000001101121233333
23333433323333333344434333334443333433233324444443344343333444444434443334444544444445445434443333444433434432122565543243445643213443443331111233221211111111011011011101100110111010000001211132333333
33433322333433344343433323333333333443334433454443333353344454444333333333444443444443345334433333334433433443212377642343345533124433333321111112113111111111111111111111101111111000111111111222222223
43333333333333333333333333233323344444344433454333343453444444333334333434344334443434334433334433333343344454222277653333445532123243322211111111124321111111111111111010110011011111111111111121112322
43433323333233343334433332333343333343333343444433443445534443334334432333343444433333344333344344343343334444321288764333446522221133211112112233333331111111111111111111110011011111101111111111213232
34333334334333334443333344354333334434343454444444433335433333334344433444334433344343444444333344443434444444411277653343334323211001112213244444333331111111111111111111001111111111101111111101211111
33333434433334444433332343343333334434333344443343333444432343334333433344344443344444333344433343345333344333532387653233333321113101123323333333322221111111111111111111111111110111111111010011111111
33333333333333344343433343333344323333334444433343334443343343433443343454334343333344333444444344334223334333332588764333234221222222334333333211221111111111111101111011111111111011111111110111111312
33332333333233344433433333333435432444334432332332344432343334433433332353334453443333444564433443332234334333331387764333224222332223233223321111111111111210111001111111111110111111111111111143112222
33334432343434543333333433344435554444433223233333334544443454333333333345334454445643453444333443333333343333443487764322222223222223231111111111111111111211111111111110111011111111111111001143112332
33333332343344443333443543444434446433333333333334335443443453333334333434334444435644443334344433223223333444444687764211122332332112211111112222111111111111111101111111111111111111111111111221223343
33332332343334444333343344343333344333334333333343333343333353323343333443344334443433333333334433434433334444443587764212122231222123112233344433321111111101111111111111111111111111111111112232333333
33334433333344443433354434343443443334334333333323343443343443344432432343333333333334333333343344443443343334434577664223323321112111112333333333311111111112222233221111111111111001111111123333333333
33344343334434333333443444344433433243334344443333443344333434433232333333254233234322223343334333344333334443333566664223222321221111111223322222111111233333333333221111111111111111111111233333233222
33443334444534333344544443444343444454343333444444433345433333332223323333332323224233443333333344455334434443344566665233332332322221011112222223212222443223333333331111101111111111111001233233333332
