36642112222122256764531333222321232322223223224543434334477445435578888888888888888888888888888888887555667777888887634543222322232223223468888888888888888888888888888888888888888888887777777777777755
26642122222212256763332333222322232232235543223333333233464333333358888888888888888888888888887788887655667667788765334433222222332323323478888888888888888888888888888888888888888888888778887777777776
36642222222221126775322223332232321232226642223453322233664333232358788888888888888888888887764588874555666656678754334333343222233335532357888888888888888888888888888888888888888888887778888777777874
37632212222232236787332222332222222332226632223443322333455222222235788888888888888888888888875488875555545787778764343224443332232244534457888888888888888888888888888888888888888888888777877777777765
37632111222221268776432223322222111222227642223333222222332111223223568888888888888888888887875488886433335777866754333324433342222333334578888888888888888678888888888888888888888888888777787777777777
26632222222222137743332224222432222112337642322332222322344111222212477888888888888888888887875488875333335786533444333334332222122222222588888888888888887445568888888888888888888888888777788777777777
27642232223222227533233333232332222122337642322332222222258411122222235788888888888888888887875488743333335666333233333323333222222322222578877888888888875433346888888888777777888888888788888888887777
25743332223211225543222333342222322133437742222253222323356421123222224456788888888888888887775486544343333334454333433322232222222222223557656888888888864333335688888888877654788888888888888888888777
46743544454324533443333333343224533343425752222342222323323221223221123324567788888788888787775464334353332223455644433333222222222223322244456788888888754333434477688888887764788888888877777888888877
57733554455555544454554455554455554444535743333443333434434221123222344333346888887655888667776445444352222224457643333343222222222223332223346788888888864333334477588888877763788888888866576788877887
57643444444455444444444444434455555555555543455554545555555544455555555555456777776544667546776446544452222225444432333232112422223422222333346788888888764333345766378888778754888888778644344557864775
57743444444444444444444444444444444444455543444445544555555555555555555555556555565556555556775355555665555556555555555555545544444644444444356777777777753333345656368777777754887788766433333335543653
47643433444444444444444444444444444444456653444545445455555555544555555555555555555555555542675355555665555556555555565555555555555665555555556555555556655555455655556555677744666566655444444445444444
47743333333333334433333344444333344444446652444444444444444444444455544555555555555554555552576445555555555555555555555455555555555665555555556555555556555555555655555555577754555555555555555556555555
47633334344334444444443344344433444433347653344444444444444444444444444444444444444444454455775444455555555555555555555555555555545554555555555545555445555555555555554555567754555544444544444445555555
47643444444444444444444444444444444444446653344444444444434444444444444444444444444444444445776444444444444455555555555555555555445445555555445444455545555555555555555555567754445455544444444444444444
47742434444444444444444444444444444444445653444444444434444444344444444444444444444434444445776444444444444444444444444444444454555445455455555555555445555445555555555554567763445555544444444444444444
47732433333333434434443344444444444434446643444444444444444444434444444444444344444444444445776444444444444444444444444444444444444444444444444555544544444444444454445555568764445454444444444444444444
47742433333333433333333334433433334334346653444444444444444434344444444444444444444444444445776445444444444444444444444444444444444444444444444444444444444444444444444454336753444444444444444444444444
46742433343344333433333333333433343343347653444444444444443334444444444444434444444444444444777534444444444444444444444444444444444444444444444444444444444444444444444444315753444444444444444444444444
46742433443344433344433334433444333344446653333444444343333344333444344443333444444444444444777534444444444444444444444444444444444444444444444444444444444444444444444444447654444444444444444444444444
46742333443334444444443344444434433343447532344443444333333443444444444443333333444444444444786534444444444444444444444444444444444444444444444444444444444444444444444444467654444444444444444444444444
46752433333333333433333344443333444443447643344443444344334443444444444444344443444444444444786534444444444444444444444444444444444434444444444444444444444444444444444444467665544444444443344444344444
46742443334333333344333334344343444444447653433444444333444443444444444444343443344444444444677535444444444444444444444444444444444444443433333444343444444334444433444444467764444444444443344444444443
35733443344344333433443333334433444434447753343444433433444444344444444444433443444444544444687534444444444444443444444444444443444444444433444444333433433333444444444444466664444444444443444444444444
34643444444333344343443333334343443333447653443444433443344444444444444444444444444444444444687534444444444444444444444444444444444444444444444444444444444444444444444444366555333334433444433434444444
46742344444444444444444444444443444334347753344443344444444444444444444444444444444444444444686434444444444444444433444444444444444444444444444444444444444444444444444444367654333433333344334333433433
46742334444444444444444444434333334444347753333433333334343444444444444444444444443454444444676434434444444444444444444443344444333333333444444344444443444444444444443444478754443443343333333343333333
46742334443444434443344433344434344334347653344443443333333334444444343333444443322344434344676534443434444444344444444444444444444434334444443444444444443343343333343333378764443343343333333333333333
46642444444444334444444444444344444444436753344444443344334344334443343333444444314544443343686544443443444433444443444444444444444444334444444444444444444333343333344333367754433333333344434444333333
46652444444444444444444444444444444444425653444444444444444444444444344434443444325553443444577533333434434433433333444343444444444443444443444444444444444444444444443343367753333333333343333444433333
56752444445555555555554455555555554444346653444444445444444444455444454544444444434453544544676644434433443444444444444444344444444444454444454544445555555554545555444444478654444433333433344434434444
47642434444444444444444444444444555555547753454444555445554444444444454444444445545463555655676654554444444444444444444444444444344434444555455666666666666666666666554444477655444444444444444433434444
34642433444444344344444334444444444555557753565555555555555555555555544444444455455363345555674445555555554555555444444444445455454555666677667777766666666667776666666554578675444444444444434434334444
34642433333444343444443334334443444444447753454444444444455555555555655544545545446354333544464334444555555555555555555555455555777777776677776677666666666666666666666666578774344444444444444444433333
36642334333444334444444444444433344443346753344433333444444445555445555555556764435145331333343233343444544444445545455677678778887777776677766666666666666666666666766666666664343444444444444334333333
46642333343444445433343454444444444444446753344434334333444434444333444444568874334335321222222223443334444554444456777887777777777776777777666666666666656666766666766666666654333333333334344433333444
36652333433334444444444343444455444344446653344444443433433443433333333343478884345524323233343444554444444457775456777777777777777666667666666666666666555566777666677666566664433443333333333333333344
36642232333333334433443444444344333334447653354344444444445554444444444344565555336635333466766666776666678788887436777777777777776676666666666666666555555556777766666666667776444443343434333333343433
44533132322333323333344333333334433334436753454444444444444455454445544455654334246656443567777777787778888888888436788877777777766666666666666666666555555666777776666666667777555554444444444434444433
22332232332223324333333333333334443434424753344444544444444444355435544445676665555784355567777777777777877777788546888887777766666666666666666666665556656666788877666776777776655544555554444444444443
22223333332233333333333333344444543444446753334344554454445444444444334344677767656764222355554445676676776777788547888877777766666666666666666666665566666666788776666667777776655554445555554555555444
32233333333333333334433333334333444444446764345334444454444544444454444344776677656743112222222222365665676667787558877877777776766666666666666666666666666666777777666667777775665444444455555445545555
44444433444334434444433433443433444444446763234333454444444454434444444445666666664553112222222222245565666667777457778887777777777666666666666666666766666666767777776677777765576444444444445444544454
45433333333444334334434333343333344333436742233333454544444444444344444446666776664443222222222222224555566677777567788777777777777766666666666667666776566666666777777777777764466544444444444444444444
34333333333444344433433334344433333333345643222233443444454344444444444546666766554432222222222222223455556776777567787777777777777776766666666666776666577666666677766778787763267544445444454444444444
55444444445544444444444334443433434433336643112232334433443333333343332567666655555311112222222222222355556766767667777777776777777777776666666766776666567655556677666677787652157544444444554444444444
54444444444444544444445444333344334444335543223223233333333322244333444466665555555332112222222222222244567667777667878777666777777777777777677666766765566555556666655677776542047744334444444444445544
43444433333444444444545544343344433333334333333333333223344444445444444666655556665443132212221222222224566677777767788777776777777777777777777666667654566555555555555677776531246754444444444444444444
33334433444333444544444554454444444334434323333333343343334444444444446667655555554432244211111222222223566678777656677777776777777776666677777666666544556555555555555667765421457874454455555544444444
44443334433333344454444454444444345444445433333233333444333434344444446667655543443322134311111112222223666677766666666777777777777777676677776666554444555555665555566667765322357875444444544555444454
44444433433443333433333344334443344444445334434343333343333333344323435666555555654222124311111112222224766677766656565666677777667766677767766555544444555566666666666666664353347776444433444444444445
34433434433343333433333434444434445554455455344444343443443434433332334666555575212221114311111112222235766777765555555566667777667666666666666554444444455666766666666666653463356676444333333333333443
44444333344344433444444445445555455434455445544343344444444443324344443666555651001111113311111222222356666777655655555556666776676766666666655544344334455777777667666666653665455576444333333344333333
44444443334345444444444444544444454444454444544444544433344444334344344666555732432221112331111232333456767787655655565556666777766666666666654434343233456777777767666557654753444576444443343333333233
44554444433443433443344445544434344444444444444444443434344445434334233665554645632211211321111233334455667777655544566556655667766676656655544433332234578766677766665567646753443577544444444344443333
44444444444444444444443455544444454433344444433443334443344443232223334665554454323111221221111123444445666777655534666666555667766666666655543333333334479877667666655578757743444467534344444334433343
44544444344333334434554455554544454433344444434444433544444433443334444654455554232113221211111112323435666777555435666666555666666666665555433344443433326977666666544688657653355367644443334333333343
43444443433233443344454444555554444445444554444444444444444444444445554554555542231136212221111111222335666676555435665555545666666666655554334555443333222887766665545788657653444357754444543333333333
44444444433344443345444333455554434444335544444443444444444444444444455665456432321146214532111111112345676665565445655555555666666666555443355555433332210397766665567787567653333446765444433344444334
44444444444444334454444333454544322223444433444444444444444444444455565667765432111354214643321111112234566665665456655544566766666666655665565544333322111278766656667776577653333445765443333434544433
44544454444444444444444444444444322334443344444454434444454555544455665555666421212442114323332221111122356565664455555444477776666666667665554443333223222248876666677886547753333444666543333334434433
44434344434444444344444444444454433444444444444334444445444444454455557764444422313221123333433444432212125554453355443334479877666777776654333333322344322125877677777876427753444443555544333344435444
44444433444544444344445444444454543443434444444334445554554444443444479984444344333112333223544444453443222443233344332234469877766886665543333332344444421234877777777776446653344442444554344444444333
33444444444544544444444454444454334443334444443344444454445334444444469897654354212344444332334445454443332343333454333344349866656775333333333334444444433434787777777775676653333433333344444444444333
34445444443344444445544444444455544454454445543334454444344444444444367787553234101444444332444444443333332665533665444543335655545654322223333444444443433433577767877776677653444333223334443444443333
34343343332344445454454455434445655444554545544555544333332334443334334443042343112344334233554544434433432343434766544433222344433433332333333444344443323443457777888887677653344434212323434444333444
44443343333334444454445553443445555544543443443444444443333333343334423221232333213334344244543544454344433343322776554444322343334344443443334434334433334443335878888888777653344334211223334343443333
34343444433333333333344544443444445433333444332433344444434433333434432222212222114334344244433443444444445543322376654555444543344433433444454444434433334433335888898888777653234344311123333334442333
33443334333444333443344444444433334443344443334444444444333434333434443221111121134433434243444332334454444443322276654555544454444433334444544443333443334333443788898888877542123332221212433334433332
43343334333444444443334434433333333344544434444444444443334444333334444322211111333434445323433343333443434333332267654554444443344334544544333433333334443333342498887788886642123222343221332344343343
43333223333433434434433333334333433444444444443343444344444433444334433411100133333444444334433433444344444433333257654554444433433344434532334443333443333333333379988888886542133222333321133443343443
33234333333343333433333333444333444434433433443334444434444444444334543443212333444433333334343643444344444423333337665554444434433443333332323233333333433333333369998888897542233333323332124334343333
33334343343443333333322333443333443434433445544444344444344444444344544454433343344334333334443444444654433312321236655454444334434432323332332232333333333333333459888888888533332332333333323333333333
33343444444444454443433333443443334443343344434443334433344443443334443444443433343344333334443344333544333222311236665554334433322342333431222222323333333333433358899888888843333333333343434333233333
33344434444344454443433343454433334334433344444543444444333345334344455434443434333233344334444333443333353222223335666543333532323243333422122233333433333333433348889888878863333333433333333333344333
33434434433444344433553343434433334443433334443443444443343344333344344333343344434333465333353444344443342222234435677654333433323333333333333444334434333443344448889987878654343333333233333333334333
43333333223444344433464343443344334444333333343433444333343333334334334433333444444433344333455444444343332222334445677655443345434433344333344434333333434433444337888986676665433333333233333333343334
44443345333333343443454333444334343444433444444434444334444444443444444433333444444333554444454444444344442222333335677776543444434433344333333333334334544332444337888997566665444333333333333333333333
44444455433433434333343333344444444444443333443334333443344444443343333344334334444334444354354433444333342222233336777766654445434433454343333443334344333333333337987887567655333233334343333444333324
33343444433434433334333443443333233443444344443433334434443444343444333343444346544455444334333333333323464211223334777655544334433333333333333443333433433334444348887788567654443333433333333333332233
23344344433333443444433433433333333343334434433333344434443444433443333344345344444465454445433333222333655311122333566654333234343433333433443533343334443334444468887678788754433333555533434434333333
33433454433334444433444433433333343344333434433344334333544434433434433433444224434354344444343333323323644533122222376543222322233423333522433332433234444333455388886467778764343333356434344333333333
33433344334334333433444334434333344333333443333443333333443345433444344334443343343344344444332334334344532434221122255543321631221113222223332232322333323345443688775337778764332323444333344223323344
33323333334333332333432233533443333334343333333433332233332233343334335433334443343434433354433454434433332434321112235444321321111112222122332122312332323334334788664214877764323323432333332223323244
34333334333322333334422333433433333433334333333333333223332433343245346433433344333333333244332464334433433433322222115554311111111111111211221211223212322233326788752111777764222111122222121111223232
33223233333332233333533323333333332332334434333222333323443433333233233333344454334333323333333364434324422422221233115764331111022211112631111112112211331132137888631121687764111111111111112111122233
42333223333333233343432333333333323332243333333333332443333343443333233333333444333333333333323363433323223211111111113664541110122201113632112102111211231441157887521121687664111111111211112212211124
42233333333323333333432233323333333333444333322333343543333344234444434333323333333333433333324432332222222121111121112654442211112102112211322102201210144741367886411122577664112101211111015203311122
33333333333333333333433332333333333433343332223444335533433443344433443234332343333323323333324333231222221111221221112765542311113112112212332104514403244431566675411113677775321101111111114135411344
33443433334433333333333343334323344322333333333333444434334432453443333333332333333233333342423333231221111111222621012766654211222112334435633204424313345465666554321223677765431011111111143134321223
33332343333434333233333343444423334333433333333333443334334333542333333232232232322322233332223332222111111111222321113776676532135323223533644324653323553446544433342245566765321111111111122224322233
33333434333434333334333333333333334333333333343333333332333334333333333322233433332423233223423333222111111224222222323766555432224342233233334533542332344345433333444445667875311111211111124636532333
44433334333334433443343333333332334333333344333443333333342232333323333333333333333333233323434233211111122235233233215654332211222335233344444434343433365333333354433443567876343112411111113345323323
43334333333334322333333433443333334333323443333344334333443332333333343333244333333333344423234223311111222333323323245565433211233354222234443333355434343443233344234553466775334332334321212444332223
32223333334333322233433434454334344333333333344334335443344333334443332333233333332323333334233233222112233333333324444335423212333474323434443333344335533353133454432243456665334333333523313553322234
33333333433333443333333434444443344333333334433334334432355433333333433334335333333333332233233333223124333323434323443333324523232464332233433332333223333333233454333344555665123256542223234343222453
23334443443333333433333334433434433433334334333434333322344333333233344434334333333223333223333233232233232334432332434433333433433334223333322343233223454433233353334455565543133223443543234355434543
23232333233232222333333333333334443333323233433433343333333343443333345433444343344334433334333223433333342344432323344433335323433333323333333333244222334443333363325654566443234436444444433345533422
32233233233232223333334333343333443344433232433433443444333334434433344433434433344322323444343333333332332442332322443434345423334332333433255345534323335643234344446643454333344445433444334234423333
33322333333433323544443334334444444344335433444434455444333444334433334333443444343333443343344333233333333332223334743334333333333333333333443343536533434544334343454344333234343334443324333333313364
32233334443443344443333334434544323334334443344334344444344444434334433444343343333333343343433333233343333333333334544433333433333334443553433543235533334553433343343342322245344433334344333333333343
33543334343344444434333333334434333334443333444334444444333233433334333334334443333334434433433333232343333434433334333322333223333334343443334333333333324453432244333343222243564444434552343463432344
33433332333344444333333323234433433454343443354543434443333433333234333333334332334434444333332333322233334434442334344222223233333343333333333443333323323342333242333432222222543554444543333562233236
43322333343334434343333333332333343343344433444433444443343333343333344433433233234433334433332333333333344434443333244333433322322343233333333443333333333323343242322333342223433443432232233332334346
43333433443423344343343344334433444334444344434433333443333333433333433434432244334443434443423443344443333333323344233333332232222443233334333333333323323323222244443234343233344322223235233333444654
33334443443433444343344334444445455444543444445443444333332235544334434443343444434434444343433443433443433433444344333334332233333332232345332343222322322322322345432324355442453334334334433233564434
43343433454444333334335544454454445434533434444334444333432334444444344553344433434234554334444444424444433444333333333433333333232233333333333333223532322222333232223422223422333326633324422334343443
33343343344344333334444443444444453344433333444334334434544444444433344444443443433333423334343443434333434444333333433332333333333333433333333443333564342221232232232322322334533325633333322333333444
24434443433323233333443333444343444333344333333433444543434443553333443444333444434344433444344443334433333434333333333433333233343433333333433333233232322222222333333332323333333333442332333244333333
33433433333343223343443344333343333333444343333343344443433443333433443433332345444333444443434443343445533444323333334433323324443333334334333333334323323333333333233232233443232223322322233343333322
33334333332343322333434443333333343333333443434344444433344343333333233333233333343234333333334444333344434443332333334333433334444234334544333333343333223322332223333123233344431323332323234333333232
