99999887788877788766646999789963133333222211123333453232211111111111111111221111322343454235666664555677766666678887766776666677766667766677776666666777777666665555555566666666666665566677766666666566
99998877778877887666544898777873123333222211134444542111111111111111111111121111222333453135666654434677787787778888766676656666666666677666777766667676777777666655556677666666666655666777766555556776
99988877777766887766543588766674223332222211135555531111111111111111111111121011223422452234556654335667777887777788777776667776666666667766666677766666666777777766666677665566777766666777766666666688
88888777777656788765453388766675213332222221135555421111111111111112111111111011223323531234356643345666676666766677766766777777666676766666667777777766666666667667776676655556776666667777766666667777
88888777677666788753444388766676212333222221134443122222211111111122221111111011123313421233355533245566665555565666666766887776666676666666667777777777666655556667777777766666776666667777766556666677
88887777666566777653233368766666212333222221222221122222211111122122222111111011123212211222345422234556664454554578878778888776666666666666666677787665555555555667766667777777776666667777766666677777
88877766665556666653224467665455212332222221222211222222221122222222222111111111112112101121344322234545554443544567888888877776666666666666666777777654444455666676665555566666666666777777766666777777
88776666655457666653224557554445212333222222221112222223222222332232222211211111111111101111333212334423343433334677777788877666665666666766666677877665544556777677765555666676655677777766666666777678
88876666655556666643224556654444222333222222221111222223222233322332222222211111111111111101232111223211333333334678887888767666677666776667666677777777766666777667776655777777776677787666555556656667
88888877666766666543223434544443222332222222211111222223333333333332232223322221111121111101121011223111223323234667887788777777667777777656666778766677777777776666666666677666666666666777666655665566
99888766555666665443323433334443222222222222211112222223333333333333333333322222222221221111111011231001223222345677776778877766555676666655667777776677766777776666666666666656666666566666666666666655
99877655554555554433322333333333222222222222111112222223333333333333333333333332222322221111111011221001222222346677766678777776656677766666776666667667765567876666776666666556677667666676666666666666
99876554444455444333222333322232222222222222111112222223333333333333444444333333333333321111110011210001221122356666556787777777777666667776667666666776665445777666556665666655666677766666766666666677
89866654334444443333222333222222222222222221111112222222333333333334444444443433334333321222221111110001211122367665556776677777788777666667777666677877665444567755555566666655566666776777777776667766
89865554333333433333222232222222222222222221111112222223333333333333444444444443444443322223321111111111111112456555566666666676777777777776677777778887766655555665445557766776666766777777777787666666
67754554333333333333222222222222222222222111111112222223333333333333334444444444444433333334321221111111111112555555566556666766777767788777667777788877777666665566666655676677766777667667777788766666
55433443333333333333222222222222222222221111111112222233333333333333333444444444444434333334322222221111222113455544555555556777666776766767766677777766667666666666777776666667766666666666666678877666
45433333333333333333322222222222122222211111111112222233333333333333333344444444444444433344333222221112232123455435544454457776655677776566666566766766666666677776666666666766665555666666666567776665
44322333333333333333222221112221122222111111112112222333333333333333333333344444444444434444333223211123321234544345333443456776666566777666677666666666655666667777776666666776566666665555666666776555
44322222222333333333222222112211122222111111122212233333333333333333333333344443344444444444333333222233322234443343223433466777777766666666676677766666666666666677777666666666545677666555556656666655
43322222222333333333223222222221222211112222222222233333333333333333333333334433344444444444443333222343223344433332223323555667777777666666676666776677666666667766677766666666666666666656666776655666
43222222222333333333223222222222222111244322222222233333333333333333333333333433333444444444444443233443333444333322223223555556677776666676666666667666666677666666666666666655555666666777776666666666
43222222222233333333223322222222221112445432222222232333333333333333333333333333333444444444444443344443334443333321122224444555666777776666666666666666666677666666555666666665555555666777777666666766
43322222222223333333223322222222221114434443222222233333333333333333333333333333333444444444444444444444344444332221222234434445666666777666666666777666666666766666666666556676666666667776677766666777
43322222222223333333322322222222221135433333333322233333333333333333333333333333333444434444444444444444444444332211222234333345545666666666666666666666666677777666666666665677666677778777777777776688
43332222222322333333333322222222211145323233443222222222233333333333333333333333334444334444444444444444444444333222222333222455345556666655555666666666666677776666666666777666778888888888878877887667
44332222222222333333333222222222211254223323454222222222233333333333333333333333334444334433444444444444444444333322223332123543234456666555556667777777776677777667776666677777888888878877766778898777
44332222222222333333333222222222111343223333345322222222233333333333333333333333333344333333344444444444444444434322233322134422233456777766666777777777777777777777776677788888888878876666667789999788
33332222222222233333333222222222111442223333334422222222233333333333333333333333333344334433444444444444444444444332233321243222222345677777777776666566667776677777787778887886556788986677788999998788
33332222222222233333333322222221112432222333234422222222233333333333333333333333333333334433334443344444445444444442343322333322222223466666666555655555445554556555677777878974457899997899999999999988
33332211222222233333333322222221112422222233233322222222233333333333333333333333333333333333334443344444445444344443444333333333222222334544555455555555544433555444678889999976689999998899999999998999
22222112222222222223333332222222112422222222233322222222233333333333333333333333333334333333334443344444445444444444444333334344322222234323554555556666665446885568999999999878899999998888899999988889
11122222222222222222233322222222112322222222234322222222233333333333333333333333333334333333333343344444445444444444444443444444433333344434555555566666677789997889999999999889988899887888888888887788
11122222223323333322333322222222212322222222235322222222223333333333333333333333333333433333333444444444444444444444444444444455443444445445564334455556667899999999999999999888888888888888888887777777
22233222233333333333333322222222222332222122234322222223323333333333333333333333333333333333333334334444444444444444444444444555434444555555554323344455557899998888888888888778877777777778778888777788
33333223333333323333233332222222222243222222233222222233333333333333333333333333333333343333333333334444444444444444444444444555544445555555555432233444456778888788888777777777777777777777887778778899
33333333333333333333323322222222222234332222222222222223333333333333333333333333333333343333333333333444444444444444444445444555544445555555555443223333455667777777777777777777777777777777777777789999
33333333333333333333323222221123222223343222222222222223333233333333333333333333333333334333333334333444444444444444444445444555544444555555554443322223334556667777777777777788788777777777777778889999
33333333333332223333222222211233222222234222222222222222333333333333333333333333333333333333333334333444444444444444444444444445544444455444555444322222234445566667766777777887777777777777777778988999
33223333333332223332222222211233222222222212222222222223333333333333333333333333333333333333333333333444433444444444444444444444544444444444444444422222223444556666666667777777777777777788888899988899
32222222222222223222222222212332222222222222222222222223333333333333323333333333333333333333333333333443333444444444444444444444554444445444444444432222223345555556666667777777777777777888899999998888
22222222222222222222222221123322222112222233322222222223333333333333323333333333333333333333333333333333334444444444444444444444444444444444444444432211223345555555666667666777777878778889999999999878
22222221222222222222222222223322222211222233222222222222333333333333333333333333333333333333333333333333333344444444444444444444444444444444444444432212222344555556677666667778888888877899999999999877
22222222222222222222222212222222222221122232222222222222333333333333333333333333333333333333333333333333333344443444444444444444444444444444444444443212223455555566677666667778878888876788999999899877
22222222222222222222222212322222222221122222222222222222322333233333333333333333333333333333333333333333333344443444444444444444444444444444444444442211223445556666666666677888778888876778899999878877
22232222233222222222222222322222222221122222111222222222223333333333333333333333333333333333333333333334433334444444434444444444444444444444444444442111222345566666766776788998788888877677899987767887
22232222222222222222222223322222222221222221111222222222223333333333233333333333333333333333333333333333333333334443334444444444444444444444444444442111122344556666776777789998788888887667888987667888
22232222222222222222232333322212222222222221111122222222222332233333223333333333333333333333333333333333333333333333343444444433444444444444444444443221122344555666777777789998778877887766788887777899
22222222222222222223322333322211222222222221111122222222222332233333222233333333333333333333334333333333333333333344333444444433444444444444444444443222123445566666777767789998777777777766788887888999
22222222222222222333221222222222222222222221111122222222222232223322222233333333333333333333334333333333443333333344433444444433344444444444444444443222223445566676677766788887677777677666688888889999
22222222222222223432221112222222222222222211111112222222222222233332222233333333332333333333333333333333333333333344433444444433344444444444444444443222223345566666666655677777667766666666688889999999
22222222222222234322222111222222222222222221111111222222222222223322222223323333333333333333333333333333333333333344433433444333334444444444444444443222223344555556666555567776556666666677778899999999
22222222222222233222222211122222222222222211111111112222222222223222222222322322333333333333333333333333333333333344433433443333333334444444444444443222222334455555565555556666555555666778778889999999
22222222222222233222222221122222222222222211111111111222222222222222222222222222333333333333333333333333333333334333344333333333444334444444444444443221122234444445555555556665544555666788878899999999
22222222222222343222222222222222222222222221111111111122222222222222222222223322322333333333333333333333333333334433333333333333343334444444444444443221112333444444555556666655444455666778877889999999
22222222222222333222222222222222222222222221111111111122222222222222222222222222222333333333333333333333333333334433333333333333343333344444444444433221123334444444455555666655444455666777777788888888
22222222333223343222222222222222222222222221111111111122222222222222222222222222222333333333333333333333333333333433333333333333343333344444444444433221123344444444445455555555444455666677776778888888
22222233333223343222222222223322222222222221111111111122222222222322222222222222322333333333333333333333333333334333333333333333333333344444444444443221233444444444444444555554444455566666776677888888
12222233232223343221222222223322222222222221111111111122222222222222222222322222222333333333333333333333333443334333333333333333333333334444444344433222233444444444444444444444444455566666676677787777
22222233222222333311122222222233222222222222111111111111222222222222222222322222222333333333333333333333333333333333333333333333333333333444444444433222234444444444444444444444444566666666666667777777
23333333322222233311122222222333222222222222111111111111122222222222222222322222222333333333333333333333333333333333333333333333333333333334444444433222234444444444444444444444444566776666776667777777
33443333322322222221122222322333222222222222221111111111122222222222222222222222222333333333333333333333333333333333333333333333333333333334444444332212234444444444444444444444444556676776777677777777
44443333322222222221243222332233222222222222221111111111112222222222222222222222222333333333333333333333333333333333333333333333333333333334444333332112234444444444444444444444444455666676677677777777
44443233322222222111353322232233222222222222222211111111112222222222222222222223222333333333333333333333333333333333333333333333333333333333333333332112234444444444444443333444444455665666667667777777
45433333322222211111343222232333222222222222222211111111111222222222222222222222222223333333333333333333333333333333333333333333333333333333333333332112333444444444444444444444444455555565666667777777
45433333222111111111332222233333222222222222222211111111111122222222222222222222222223333333333333333333333333333333333333333333333333333333333333332122333344444444444444444444434445555555556666667777
34433322221111111111232222233333222222222222212221111111111122222222222222222222222223333333333333333333333333333333333333333333333333333433333333332123333333444444444444433444333444444455555666666766
34433322211111111112332222333333322222222221111222111111112222222222222222222222223333333333333333333333333333333333333333333333333333333333333333322123333333333333333444333333333344444444555665566666
23432222211111111113432222333333322221112221112222111111121122222222222222222222333333333333333333333333333333333333333333333333333333333333333333322123333333333333333433333333333334334444455555556666
23432211111111111113432223333333222222222221111222111112121122222222222222222222233322333333333333333333333333333333333333333333333333333333333333332123333333333333333333333333333333333344444455556666
12343211111111111112332233333333222222222221111122222222121122222222222222222222222222333333333333333333333333333333333333333333333333333433333333332123333333333333333333333333333333333334444444455666
11233211111111111112222233333433222222222222112222222112211122222222222222222222222332223333333333333333333333333333333333333333333333333433333333332123333333333333333333333333333333333333334444445556
11123321111111111112222333334433322222222222122122222222211222222222222222222222222332223333333333333333333333333333333333333333333333333333333333332123333333333333333333333333333333333333333334444445
11112222111111111111222333344433322222222222222222222222211222222222222222222222222332223333333333333333333333333333333333333333333333333333333333332123333333333333333333333333333333333333333333444444
11111222211111111112223333444543322222222222222222222222222222222222222222222222222332222333333333333333333333333333333333333333333333333333333333332123333333333333333333333333333333333333333333333344
11111112211111111112223334445565332221112222112222222222222212222222222222222222222233222233333333333333333333333333333333333333333333433333333333332233333333333333333333333333333333333333333333333444
11111111111111111122233334455555542222112222122222222222222211222222222222222222222223222223333333333333333333333333333333333333333333444433333333332233333333333333333333333333333333333333333333333444
11111111111111111222233344555566542222112222222222222222222211222222222222222222222223322223333333333333333333333333333333333333333333444433333333332233333333333333333333333333333333333333333333333333
11111111111111112222333444555666653222212232211111222222222221122222222222222222222223332223333333333333333333333333333333333333333333343333333333322233333333333333333333333333333333333333333333333333
11111111111111112223333445555555553222222232211111222222222222112222222222222222222222333322333333333333333333333333333333333333333333343333333333321233333333333333333333333333333333333333333333333333
11111111111111123323323345566666553222222232211112222222222222222222222222222222222222333333333333333333333333333333333333333333333333333333333333321233333333333333333333333333333333333333333333333333
11111111111111234333332334665655554222222222211111222222222212222222222222222222222223333322233333333333333333333333333333333333333333333333333333322233333333333333333333333333333333333333333333333333
11111111111111344333333333665544454322222222211111222222222111222222222222222222222233333322223333333333333333333333333333333333333333333333333333322233333333333333333333333333333333333333333333333333
11111111111111233333344433555555554222222222111122222222222111122222222222222222222333333322223333333333333333333333333333333333333333333333333333322233333333433333333333333333333333333333333333333333
11111111111112233334444423555554454322222232211122222222222112222222222222222222222223333322233333333333333333333333333333333333333333333333333333322333333333433333333333333333333333333333333333333333
11111111111222223333344334555655444322222234322222222222222212222222222222222222222222333322333333333333333333333333333333333333333333333333333333322333333333333333333333333333333333333333333333333333
11111122222233222332333224555665555322222224542222222222222112222222222222222222222222333333333333333333333333333333333333333333333333333333333333322333333333333333333333333333333333333333333333333333
22222222222233233222222234555555555422222224454322222222221122222222222222222222222222233333333333333333333333333333333333333333333333333333333333322333333333333333333333333333333333333333333333333333
22222222222233223222222245555554554422222223566543222222221122222222222222222222222222233333333333333333333333333333333333333333333333333333333333322333333333333333333333333333333333333333333333333333
33322222111222222222222345555555544422222223467765332222222222222222222222222222222222233333333333333333333333333333333333333333333333333333333333323333333333333333333333333333333333333333333333333333
32211221111222222222233455555555444422222222366666542222222222222222222222222222222222233333333333333333333333333333333333333333333333333333333333223333333333333333333333333333333333333333333333333333
21111111111222222222344455565566655432222222366666554222222222222222222222222222222222223333333333333333333333333333333333333333333333333333333333233333333333333333333333333333333333333333333333333333
11111111112222222223555555556665555532222222246666665322222222222222222222222222222222222223333333333333333333333333333333333333333333333333333332233333333333333333333333333333333333333333333333333333
11133322222222222344555555566656655542222222235666665433222222222222222222222222222222222233333333333333333333333333333333333333333333333333333332233333333333333333333333333333333333333333333333333333
11334443333223333345555555555555566652222222124566655554322222222222221122222222222222222233333333333333333333333333333333333333333333333333333332233333333333333333333333333333333333333333333333333333
32444444444334324444444555555555565653222111112455665555533222222222221122222222222222222233333333333333333333333333333333333333333333333333333332233333333333333333333333333333333333333333333333333333
32455545555444434555555555555555555564222111212355555555554322222222222222222222222222222223333333333333333333333333333333333333333333333333333322233333333333333333333333333333332233333333333333333333
43344555555554434556555554444555555554222111212356665555665433222222222222222222222222222222333333333333333333333333333333333333333333333333333322333333333333333333333332333333222233333333333333333333
53344445555554445556666555555555555565322111222355666666666543322222222222222222222222222222222333333333333333333333333333333333333333333333333322333333333333333333322322222223222222333333333333333333
54445444555554445556666655556655555555322111222245566666666555422222222222222222222222222222222333333333333333333333333333333333333333333333333322333333333333333332222222222222222222233333333333333333
55444555555555544455666555556555555555322111222245556666666656542222222222222222222222222222222333333333333333333333333333333333333333333333333222333333333333333332222222222222222222333333333333333333
45544555444444444544455655565555555555322111222245555666666666664222222222222222222222222222222333333333333333333333333333333333333333333333333223333333333333333332222222222222222222333333333333333233
44554444443332234555555555565565555555322111222245555665566656665432222222222222222222222222222333333333333333333333333333333333333333333333333233333333333333333332222222222222222222333333333333333333
65544444444432222345556666666555555555322111222344555555555555555554322222222222222222222222222333333333333333333333333333333333333333333333332233333333333333333222222222222233222222333333333333333333
66655455444433333345555555555555544555322111122344555555555665555555532222222222222222222222223333333333333333333333333333333333333333333333332233333333333333332222222222222223222222233333333333333333
55555555555433233455555555555555555445422111122245555555555566655555554322222222222222222222223333333333333333333333333333333333333333333333322223333333333333332222222222222222222222222322233333333333
44555554444444455555555545555545555555522122222234555555555566665555556422222222222222222222233333333333333333333333333333333333333333333333222223333333333333332222222222222222222222222222222323333333
44455555433344556555544444444444444445522113222234555555555556666655456642222222222222222222233333333333333333333333333333333333333333333333222223333333333333332222222222222222222222222222222222222222
44555555444445555555444444443444444445432113322223444444455566666566555554322222222222222223333333333333333333333333333333333333333333333333222233333333333333332222222222222222222222222222222222222222
44455555554455566554454444444555555555532122322223444555555556666666555555432222222222222222333333333333333333333333333333333333333333333332222233333333333333322222222222222222222222222222222222222222
55555555455555565554335554444455555566642222222123455556655555656666665555544322322222222222333333333333333333333333333333333333333333333322222333333333333333322222222222222222222222222222222222222222
55445555444444555555433445443344455555552223222123445555655555556666666555555533332222222222333333333333333333333333333333333333333333333322122233333333333333322222222222222222222222222222222222222222
