44443112222211111111122222222333323332222222221111111111112333332112221122333334455666776655555667667777777777766666666677766666667777777777888776666665555555555556666666555555555555566666555555566666
44443222222221122111122222333333333332222332222211211111112233321112221122223334455666666556666666666666666666666666677777776667777777788777777776666666666666666666666666665554444555555566655555666666
44433222222221222111122222333333333333333333322222222221112222211122211122222233455556666666666666655555556666556667777776666667778887777887766556566677777766666666666666666655544455555666666666555666
43332222222222221111122222333333333333333333333333333321112222111122111122222223455556666666666777766556666777666777776666666666666777877666666666666667777776666677787776665555555666666667777766655555
33322222222222221111122222333333333333334433333333333322222222111121111122222223455556677776666666676666666766667666667776665555556667777666666677777767777777667888899987766666666666666666777777666666
22222222222222221111112222233333333333334444433343443322233321111121111122222223444456666776666666666666666666666666655566666666666666666777777766667777777776666778877777777776766666666666666666666666
22222122222222111111112222233333333333334444444444443333334322111221111122211223444455666666776666666666655666666666666666666666666665566778888887766667777777666666666677777777667777777766666666666666
22221222222221111111112222223333333333333334444444444333334332222221111222211233444445555556666666666666666666666766666666666666666666666667778877777776677666666666666555666666677777777766666666666666
22221122222211111111122222233333333333333334444444444433344333222222112222222234443344444445566666555666666566666666677667777666666666777777777777777776666666666666655666666667666666666666666666677777
22221122222211111111122222233333333333333333344434444444444333233222122332222344433344444444555665555566666666666667777777777776666666667777777777777776777777766666677777777777776666666666666666777777
22211122222211111111222222333333333333333333333333444444444333333222223332223344433334444455555556655555667677766777667777777877776666666666777777777777777777777777777777777777777766666677776666777877
22211122222211111111222222333333333333333333333333444444444443333322233332223333333333334444555566777766666666666666666666666777777666666666667777777766667777776777766666666666777777766666666666777777
12111122211111111111222233333333333333333333333333344444444444343323333332233333332222233344455666666666666666666655666666666666776666667777776677777766655666676666666656667666666666666777777666677777
21112222222211111111222333333233333333333333333333344444444444443333443333333333322222223333445667666666666666666655555555666666666655566677766667766555666666676766666666676777777777666677776666666667
22112212244432111111222333332223333333333333333333334443444444444334444333333333322222223333345566777666666666666677666555555665566655555666666667778765566677766667766555666665667788777667776666677777
22222112334543222222232233332223333333333333333333334443334444444444444433343333222222222223344556666766666666666666666666666766656666777777776667777777766676666666556666666666666778887666677777777777
22222123433343322222232223333323333333333333333333334443333344444444444444444333222222222222334455566666666555555666666777666666666666777777887666666666667677766666655666777777766666666666777777777777
22221234432333333222222223333333333333223333333333333443333334444444444444444333322222222222334455555556666655554555666667766655556666666666666766666666666666666766666777877777776655666777777777777766
22211234433333443222222222333333333333333333333333333333333334444444444444444433322222222222234455555555566666666666666666666666666665666666666666666666666776677887777778887777777766667777777777777777
22211233322333344322222222223333333333333333333333333333333333444334444444444433322222222222234455555566666666766666677777766666667776666666777777777776666677778888888888888888888877777777777788887777
22111233322333334422222222223333333333333333333333333333333333344334444444444443332222222222234445555556677666777666666777777666667777888888888888887777776666788888888888888888888877777766777778888888
22111233222233333432222222233333333333333333333333333333333333344334444444444444433322222222234444444555666777777777777777777767777777888888888877777767888776788888888888887777777777777777777777788888
22111232222223323332222222233333333333333333333333333333333333333334444444444444433322222222333333333456666777777777777777788888888888888788877765556667888888888999888888887777777777777777777777778888
22211232222222223322222222233333333333333333333333333333333333333334444444444444444333332222233332223356777777777666666666777777888878876666778776666788899898899999887777777777777777777777777777777788
22211222222222223322222222223333333333333333333333333333333333333333444444444444444433333222222222222345777766555444444444544555566778876666789988878899999988788898777777777776667788888788887777777788
22211222222222233322222222223333333333333333333333333333333333333333344444444444444433333333332222222223345544333333332233334445567888888777899999888999999998887877777777777777777778888888888877777788
22222232222222234322222222222222233333333333333333333333333333333333334444444444444444333333333222222222222222222223333333344455678898988877889998878889999988888877777777777888887888889999999888887888
22222223222122223322222222222222233233333333333333333333333333333333333334444444444444444333333332222222222222222223333333444555677888888777888888777778888877888777777788888888888788889999999988888889
22222223332212222222222222222232222333333333333333333333333333333333333334444444444444444443444333322233333222222223333444445555667788888877777777777777777777777777778888788888888788889999999999998889
22222222333222222222222222222233223333333333332333333333333333333333334334444444444444444444444444333333333332222222333444555555566677777777777777777777777788888877788888888888888888889999999999999988
22222222223322222222222222233233333333332333333333333333333333333333333333433334444444444444444444444444444433222222233455555555566666677777777777777777778888999988888999888889988888888999999999999998
22222222222222222222222222232233233333332333333333333333333333333333333333333334444444444444444444444444444544322222233445555555556666667777777766666777778889999999999999888889999999889999999999999999
22221111222221122222222222232233233333332333333333333333333333333333333333333334444444444444444554444444445554432222223344555555555666667777777776666777788889999999999999887788889999999999999999999888
22222211122221122222222222222232223333332333333333333333333333333333333333333333444444444444444444444444444444432222222334444555555556677777777777777777888888899889999998888888888888999999999999998877
22222211112222222222222222222232223333322233333333333333333333333333333333333433444444444444444444444444444444443222222333444455555555666777777777778888899988888888888888888888888888889998889999998877
22222221112222222212222222222333333333222233322233333333333333333333333333333333444444444444444444444444444444443322222233344445555555566666777777889999999999888888877778788888888888888888888888888877
22222222112222222111222222222333233333222233322233333333333333333333333333333333334333344444444444444444444444444332222223333444455555555666677777889999999999988898887888888889888888888888888888888777
12222222122222111111222222222333222332222222222233333333333333333333333333333333333333334444444444444444444444444332222223333344444455555566666777778899999999888889998888888888998888888777777778777777
12222222122222111111122222222222222222222222222223322233333333333333333333333333333333334444444444444444444444444332211222333344444444555555555566777788999888888888898888888888888988888877777888887788
21122222112222111111122222222222222222222222222223322233333333333333333333333333333333344444444444444444444444444432211122233334444444444444444556666778888888888888889888888778888888888888888888888888
22122222112222111111112222222222222222222222222222332223333333333333333333333333333333334444444444444444444444444433211122233334444444444444444556666677888777789888889888888767888888888888888887777777
22112222222222111111111222222222222222222222222222222223333333333333333333333333333333334444444444444444444444444433221122233344444444444444444556666667788887889999989988888888888888887778888887777777
22112222222222111111111222222222222222222222222222222233333333333333333333333333333333334444444444444444444444444433211122233344444444444444444455666667788888899999988988888888888888877777888888777777
22222222222222111111111112222222222222222222222222222233333333333333333333333333333333333444444444444444444444444443211112233444444444444555444455555566778888999999998888888888877777777877778777777777
22222222222222111111111111222222222222222222222222222223333333333333333333333333333333333444444444444444444444444443321112233444445554444555544445555556678889999999998888887777777777778888777777777777
22222222222222111111111111122222222222222222222222222223333333333333333333333333333333333444444333444444444444444443322222233444444554444455444444555555677888899999988888887777777777777778887777777677
22222222222222111111111111122222222222222222222222222222333333333333333333333334333333333344444333344444444444444443322222233444444444444455444444455555667788888899988888888777777777778777777777766666
22222222222222111111111111112222222222222222222222222222233333333333333333333334333333333334444333344444444444444443322222233444444444444455444444444555566677778889998888887777777777788887777777766666
22222222212222111111111111112222222222222222222222222222232233333333333333333333333333333333433333334444444444444443322222233444444444444444444444444455555666777888999887888777777777778888777777776666
22222222222222111111111111112222222222222222222222222222232233333333333333333333333333333333333333334444444444444444322222233344444444444444444444444444555566777888888888777777777777777887777776666666
22222222222222111111111111112222222222222222222222222222333233333333333333333333333333333333333333333444444444444444332222233344444444444444444444444444445556777888888887777777777777777777777766666666
22222222222222111111111111111222222222222222222222222222333333333333333333333333333333333333333333334444444444444444332222233344444444444444444444444444444556777778877777777777777777777677777766666666
22222222222222211111111111111122222222222222222222222222323333333333333333333333333333333333333333333444444444444443332222233444444444444444444444444444444556677777877777777777766677777666777666666666
23222222222222211111111111111112222222222222222222222222222333333333333333333333333333333333333333333444444444444443322222333444444444444444444444444444444556677777777777777777766666777777667666666666
33322222222222211111111111111111222222222222222222222222222333333333333333333333333333333333333333333344444444444444332222334444444444444444444444444444444556667777777777766777776666777777666666666666
33322222222222221111111111111111122222222222222222222222222333333333333333333333333333333333333333333333344444433433332222334444444444444444444444444444444556666776677777766777777667777776666666666666
33322233222222221111111111111111112222222222222222222222222233333333333333333333333333333333333333333333333444444443332222334444444444444444444433344444444455666777777776666667777777777766666666666566
33222233322222221111111111111111111221222222222222222222222233333333333333333333333333333333333333333333333444444443332222334444444444444444444333333444344445566777777777776666777777777777666666666555
33322222222222221111111111111111111222222222222222222222222233333333333333333333333333333333333333333333333334444333332222334444444444444444333333333444433444456667777777777667777777777777766666666655
33322222222222222111111111111111111122222222222222222222222233333333333333333333333333333333333333333333333333334333332222334444444444444444333333333433433344445566677677777766777777777777776666766655
33222222222222222111111111111111111112222222222222222222222233333333333333333333333333333333333333333333333333333333332222334444444433333444333333333333333344444455566667777777777777777777776666667665
33222222222222222222211111111111111112222222222222222222222223333333333333333333333333333333333333333333333333333333332222333444444433333333333333333433333344444444455666677777777777666777776666666666
33322222222222222222221111111111111111222222222222222222222223333333333333333333333333333333333333333333333333333333332222333333444433333333333333333433333334444444444556667778877777776677776666666666
33322222222222222222211111211111111111222222222222222222222223333333333333333333333333333333333333333333333333333333332223333333433333333334333333333433333333334444444445566777888777777666676666666666
33322222222222222222222222221111111111222222222222222222222222333333333333333333333333333333333333333333333333333333332223333333333333333333333333333333333333333444444444556667777877777666666666666666
43322222222222222222222222222111111111222222222222222222322222233333333333333333333333333333333333333333333333333333332223333433333333333333333333333333333333333333444444445567777777777766666676666666
44322222222111222222112222222221111111122222222222222222222222223333333333333333333333333333333333333333333333333333332223333333333333333333333333333333333333333333333444444455677777777766666677765566
44443222221111122222112222222222111111122222222222222222222222222333333333333333333333333333333333333333333333333333332223333333333333333333333333333333333333333333333333444444556777777766666677776666
55444312222211122222111222222222111111122222222222222222222222222233333333333333333333333333333333333333333333333333332223333333333333333333333333333333333333333333333333334444445566777777666677776655
66655532222222122222111222222222111111222222222222222222222222222223333333333333333333333333333333333333333333333333332223333333333333333333333333333333333333333333433333344444444455666777776667776655
66666553222222122222111222222222211111222222222222222222222222222223333333333333333333333333333333333333333333333333332223333333333333333333333333333333333333333334433333444444444444556666777666666655
55666655422222222222112222222222211111122222222222222222222222222223333333333333333333333333333333333333333333333333333223333333333333333333333333333333333333333334433334444444444444445666666665556655
55566655532222222222212222222222111111222222222222222222222222222223333333333333333333333333333333333333333333333333333223333333333333333333333333333333333333333334433343444444444444444456666665555555
55555556543222222222222222222222211111122222222222222222222222222222333333333333333333333333333333333333333333333333333223333333333333333333333333333333333333333333344433444444444444444445566655555554
44555555543222222222222222222222211111112222222222222222222222222222233333333333333333333333333333333333333333333333333223333333333333333333333333333333333333333333344444444444444444444444555554444444
44444445543222222222222222222222222211112222222222222222222222222222233333333333333333333333333333333333333333333333333223333333333333333333333333333333333333333333344444344444444444444434455554444444
55554455554222222222222222222222222222122222222222222222222222222222233333333333333333333333333333333333333333333333333223333333333333333333333333333333333333333333344444334444444444444433344555444344
55555555554322222222222222222222222222222222222222222222222222222222233333333333333333333333333333333333333333333333333223333333333333333333333333333333333333333333333344443444444444444443333445544333
55555555555433222233322222222222222221112222222222222222222222233233333333333333333333333333333333333333333333333333333223333333333333333333333333333333333333333333333444433443333444444444333334454433
55555555555433332233443222222222222222222222222222222222222222223223333333333333333333333333333333333333333333333333333333333333333333333333333333333333333333333333333444333444333334444444333333444433
55555555555433333223455422222222222222222222222222222222222222222333333333333333333333333333333333333333333333333333333333333333333333333333333333333333333333333333333333334444433333334444333333333333
65555555555432333222355542222222222222222222222222222222222222222222223333333333333333333333333333333333333333333333333333333333333333333333333333333333333333333333333333333333333333333443333333333333
55556655555432223322245544222222222222222222222222222222222222222222222333333333333333333333333333333333333333333333333333333333333333333333333333333333333333333333333333333333333333333433333333333333
55555555555543222222224444432222222222222222222222222222222222222222233333333333333333333333333333333333333333333333333333333333333333333333333333333333333333333333333333333333333333333333333333333333
55555455555543222222123455543222222222222222222222222222222222222222233333333333333333333333333333333333333333333333333333333333333333333333333333333333333333333333333333333333333333333333333333333333
55555555555554322212112345555433222222222222222222222222222222222222333333333333333333333333333333333333333333333333333333333333333333333333333333333333333333333333333333333333333333333333333333333333
66655555555554322211111245555554322222222222222222222222222222222222233333333333333333333333333333333333333333333333333333333333333333333333333333333333333333333333333333333333333333333333333333333333
55555555555555432211112235555555432222222222222222222222222222222222223333333333333333333333333333333333333333333333333333333333333333333333333333333333333333333333333333333333333333333333333333333333
55555555555555532211121234555555543222222222222222222222222222222222223333333333333333333333333333333333333333333333333333333333333333333333333333333333333333333333333333333333333333333333333333333333
45555555555555543211122223455555454432222222222222222222222222222222223333333333333333333333333333333333333333333333333333333333333333333333333333333333333333333333333333333333333333333333333333333333
44445555555555543211122223455555445543222222222222222222222222222222222333333333333333333333333333333333333333333333333333333333333333333333333223333333333333333333333333333333333333333333333333333333
55445555555555553221122333455665554444322222222222222222222222222222222333333333333333333333333333333333333333333333333233333333333333333222222222233333333333333333333333333333333333333333333333333333
56544444445555543221123433455566655555543222222222222222222222222222222333333333333333333333333333333333333333333333222233333333333333332222222222222233333333333333333333333333333333333333333333333333
56555554555544554321112344455555555555555432222222222222222222222222222333333333333333333333333333333333333333333332222233333333333333322222222222223333333333333333333333333333333333333333333333333333
55555555555555654321112344445555555555555554222222222222222222222222222333333333333333333333333333333333333333333332222233333333333322222222222222223333333333333333333333333333333333333333333333333333
55555544455555565422112344455555555555555555432222222222222222222222222333333333333333333333333333333333333333333333222333333333332222222222222222222333333333333333333333333333323333333333333333333333
55555544445555565532221234445666555554555555543222222222222222222222222333333333333333333333333333333333333333333333222333333333222222222222222222222333333333333333333333333333333333333333333333333333
55555555555556666532222223434566665554444555554322222222222222222222222333333333333333333333333333333333333333333333223333333333222222222222222222222333333333333333333333333333333333333333333333333333
55544555555555556642222222334455555555544455555543222222222222222222223333333333333333333333333333333333333333333333333333333333222222222222222222222222233333333333333333333333333333333332333333333322
55554444455555555553222322334455555555555555555555432222222222222222223333333333333333333333333333333333333333333333333333333333222222222222222222222222222333333333333333333333333333333332333333333322
55555555544444555554222232233445544444444555555555553332222222222222223333333333333333333333333333333333333333333333333333333333222222222222222222222222222222333333333333333333333333333332333333333322
55455555555555445554322232223455544444444555555555555333322222222222223333333333333333333333333333333333333333333333333333333333222222222222222222222222222222222233333333333333333333333333333333333332
44445554445555555554323333223445555555555555555555555543322222222222223333333333333333333333333333333333333333333333333333333332222222222222222222222222222222222223333333333333333333333333323333333333
55444444444444455555322333322345555555655555555555555555432222222222223333333333333333333333333333333333333333333222233333333332222222222222222222222222222222222222333333333333333333333233233323333333
55554444444344455555432333322345555555555555555555555555653332222222223333333333333333333333333333333333333333333222223332333332222222222222222222222222222222222222333333233333333333333333233323333333
55555555444333445555542233332345555555555555555555555555565433222222223333333333333333333333333333333333333333332222222333333322222222222222222222222222222222222222233332222233333333333332232222333333
66655555444433445555553334333245555555555555444555444555556653322222223333333333333333333333333333333333333333322222222223333322222222222222222222222222222222222222223333333322233333333333222222232222
66555555554444445555554333433335666666655555444444444455555665433222223333333333333333333333333333333333333333322222222223333332222222222222222222222222222222222222222333333332223333333333222232233333
55555444555555555556554333433335566666655554444444444444455566543322223333333333333333333333333333333333333333322222222233333332222222222222222222222222222222222222233333333333333333333333333333233333
44544433445555666656665333444334555566655555445554444444444555665432223333333333333333333333333333333333333333322222223233333332222222222222222222222222222222222222233333333333333333333333333333233333
44444444444555555555555433444434555555554444455555555555555544556653333333333333333333333333333333333333333333322222233333333332222222222222222222222222222222222222333333333333333333333333333333333333
55444455555555555544445533344434555555554444455555555555555665555776433333333333333333333333333333333333333333222222233333333332222222222222222222222222222222222223333333333333333333333333333333333333
