44444444444444444444444433344455447874444444444456789999512433444444555555555543788753467873354444444443447974444444454555554444455444444576434555555555555666668875666666666666665555555555567644444455
33433344444444444444444433333344446874444444444456789999522433344444555555544542687643367873354555554454446753333335765444433445665444444566323344555444555556668975566666666666666666666666677644555555
33433334444445666544444443334444435774444333344458789999623434345555555555555542576553467873354555555555555554444445774333334456765444444566434444555445544444558875666665556655555555555555677644445555
44444333444446899744445445444444445555554444455567789999734433334555544455555542577654567873455554444445555555555545555555555555555555555556555555555555554445558975444444455555555555555555567644444444
55555444455555555544555555555555555555555555555567779999854333334555555555555552586665556775554544555555555544455444555555445555555555555555555555556665555455458975433445445554445445555445456644444444
55555555555555555555555555444445555555555555666578778999864333333455555555555553487765456787554555555555555555555555555555544445555555555555555565566655555555557974333444444444444444544444567644444444
55555555555555555555555555444455555555555556886568878899965333333345555555544555488764346884455555555555555555555555556555555555555555555555555555555555555555555655555444444444444444444444577643445544
55555565455555555555555555555555555555555556753468878999975432232235555554444556478764235853555555555555555555566666666555655566666555555555555444444445555555555555665444444444444444444444577644444544
55555555555555555555555555555555555555555555555557778999985432222224555555554456578754346864566665566765566556666666666666666666666566666655555555555555666555555555554444444444444444444444467643334444
54555555555555555555555555555555555444455555555558888999986432222222555556654446678765346865666656667766665566666655555555556666666666666666655555555555567875555556555555555444444444444444466543333333
44444455555555555555555555555555655555555556655668899999996432221111456666554446678877548865566566666666666666666665555556656666666655666666555555555555568863455555555555555555444444444443334443333333
55555555555555555555555555666555566665555666666668999999996432222111355666533446678876558855566567777666655656655555566666666666666666666666556665555566555654555555554555555566555555544444333333443333
55555555555555556655555566666665566655555566555557999999997433222111156667523455668765479975566566666666656666666666666666666666665555555655666655567666655555555555445555555555556554444444433334444443
44455555555555555555555565555565556666666555555556999999997543321110145666523456668877699754456666666666666666666776766665555667776666666666665555566655666555555555545555555555555433334444444444444444
55544455555555555556655555555665555555555555555556799999997543222211115666434546668878999764346666665666566666666666666554455666766555666666666666566655555555555555555555555555555445556655566554444444
55555555555555555555555555555555554555555555555555799999997443334333214655335546558999998643346566666665555555666666655565555556665556665556665665555555555566545555554455555444444555555555555444444444
55544445555455555555555555554555555555555555555555689999998556666453213665345556457999997532345555656666655555666666656666666656666555555556666655556665555566555555555555555555555555444455555555554455
55555544445555555555554555555555555555555555555555679999998788888675445765567667568999985422245455545666665566666555555556666665556555555555666555555566555555555555555555555445555655554455566655555556
55555555555555555555555555555555555555555555555555557999998877776667777777887667568999975321234455544666666665555555565555665555555555555566665555544445555555555554443444455444555545554555555555545545
55555444444445555555555555555566555555555555555555556899987766666657776667786567668999864321234355534566666666555555665555666666555555555556555555555545555555555554444454444555554445554455544455544444
54444433444455555555555555555555555555555555555555555799876666666777776666666557878999853211233355433456677656655555565555666555555555555555555555555555665555555556665555555555555555555555554455555555
44444444555554444455444455555445555555555554555555556788766666666666777666655556988888642211123255423455566556555555566556666555555555555555555556666665555655555555665566655565555555555555555555555544
44444455555544555555555555555555544555554445554555557875666776666666666665555565787788532111122244322345556655555555555555665555555556665555665566666555556665555555555555555655555555555555555445555544
44444444444454555555555555555555555555555555545555678766666666666666655654454554357656522111111124212245555655565555445545555555566655555666666666666666666676655555555555555555555555665555555554445544
44444444444444444444555555555444455444555555556667887766766666666666655555444454225644322111111113211234455565566554445555555555555565555555566656666666667776555556665556666665555565555555555555544455
44555555444445544455665555555444444444544445678887767777766666666665555555444444224554222111111111111224455565565555555555666665554555566555555555666776667665555556666666566655555665555555556655555544
44444444444444444455555555445555444455555556788877777777666666666666555555544344213433222221111111111123445555555555556665676555555555556666665555667776666665555556666655677766655555555555555555555444
55544445544444433344555544444444444555555566667778888766666656666666656666655433312333222222211211111123334455555666666766666665555555556665555555666555666666666666644556666666665555555556655555565555
44444444455434555555555544444555444444444666677778887766666666666777776677665443322222222223322332111112234445555555555555556665555555667665555556666555556666666655556666666555556765555555555555555555
55445555444445544555554444444455555544445677788888777666666666667776655556665433322222222333333332221111223345445555445555555555555555566555556655566666666666665555666666665665444566555555555555555543
44445555455555544555555554455555555444444688888887776666666667667766554554444433222222222333333332332111122244445555555555555556555555556545555555666556666666666555666666666666543345555566555555555544
44445555555555555555555555455555444445554798888887776666666677666776555554443333222222222233333333332211222233345555555555555555555555556655555555666666665666665555566665555666654433455555555555555555
44444444444555544445554554445444444555555568888887766776666676677777765554443222322222222233333333332222222233334544555555555554455555555555555554566666666666555566666665556666665443334555555555555555
44444554444444444455555555555555566555553347987887667666667766677788874555432222321111222223333333333322223222234555444555555555555555555555555555565556766666555566666666666666666554334455555445555555
44445555555455444444444455555554455555542148888876667666666663578899874544433222222111112222333333333323333222224544454444444554555555555555556766677666655666666667777666666777666665443445555555555555
55444445555555455555555554455444555555543269888776666666666665578776643443333222222112212222223233333333333221123455555544444444555545555556667776777666656666677778887777777777777766543444554555555555
44455445554555555445554444554445555554444478887666776666555567875543211111223322222123222222222223333333333211123455555555555555555555555666788777666556666666666788888766777766677777654334455555555444
44444444444555545445654445554455665555445788777667766555555567863211000001112322222222222222222223333333333211123345555555555556666665555887898666665556666666667788887777777776777666665434334554444444
44334455444444444433444444445555444554447877666567665544444357751100111100112322222211122222322222333333333311222334555566666667775665567897886666656666677888777888887777777776677776655444433456655554
44444455544334443223334444445554444444457766545566555444566546742212110000011221222211122222332222323333333322222123566555555666574588878887777656666766677888889887777777778777777766555433432235677765
44444444444344334332223344444455555444467655545555555434555566654343111000011212222201212222232223323323333332221112554333333356786678767776666656666766667778888877767777888777777665544333333223467776
44444444444444344443334444455555444444466545444445544435555555555443211100001122222101211222222222322323333333322222332223334467887766666666667767787667777778888876667777787776666665544333333222235666
44444444445555555445544444444444433456766665544334433445566544433443321111112222222111211222222222222333333333333332232222344666666666565666678888886667777888777776677777666666666665543332333212223566
54444445455555554445554445544455444566666666554333322355555333323443322122322222222111121122222222222333333333333333333322334565665666665566677776676666666777667667667777666656666666543222233332222345
54555544444444444444554455555556665566555555544333333445543333333332222222222222222111122122222222222232333333333443334432233455555666666667788766666666777666666777766666655555556666543222233444333333
44444444444444444444444555555556766898655555444344444444433333322222221122222222222111112222222222222232232333333443333433222344555555566667888876766666677777777666666666655555555666543222223345544433
44444444444444555444333344455677789999765445444344444443333322321222221112221222222121111122222222222222232333333343333333321233545665566665677666666666677776777666666666555555555666653322223345555554
44444444444333444433333445567877999999997566444333443333333222221222221112221112222122111112222222222222332233333333333333332112445666676666566555566667777766666666666665555444555565554322222334555544
44334443333443333333334555678789998898887554333333333333332222222222222112222222221221111112222222222222233233333333333333333211234566678665555545677767766666666666665555555544555556655432222333454434
55544543334444444554445545578999986799875444323323323332222222221222222112222222221121111111222222222222233333333333333333333311123445677755554566788877666666666666665555555555555545666532222233456554
55554444444455555555444444589999987899986665333322322222111111211222221112222222221221111111222222222222223333333333333333333332112334556665444567778887766666666666655555655556555555667542112223355544
44443344445555544554545445799999998899987654333222222211111111112222211112222222231221111111222222222222223333333333333333333332211233434554335566677777666666655566655555665555555445677643212223345554
44444444554455554444444467999999999999987643333222222211111111112222111122222221221121111111222222222222222333333333333333333333211123333444334566666666555655565565565555555555554444688643222222335544
44454444555444445455555655678999999888877533333222222211111111111211111212222221221111111111222222222222222323333333333333333333221123334444333555555556555555555555555555555555455444555543222222234554
43455455554444444554446524447978777755567533333322222211111111111111111111122111322111111111222122222222222322333333333333333333321123333443333445555555545555555555555555555555544444456543222222233444
44445455544443344444457314446657654432235743333322221121111111111111111111111122232111111111222122222222222222233333332333333333321123333333333344444555545544555555555555544444554444467643222222223444
44554444334444443344475102435446532111101463323332221112111111111111111111111222232112111111121122222222222222223333332333333333332112333333333333444455555554555555555555555555555544467643222222223444
44444454434444333344563112324345310000000166323332111112211111111111111111112222222111111111111122122222222222223332222232333322222112333333332333344444444555555555555555555544555444456543222222222343
44444445554444333333552111324244200000000047323332111123411111111111111111122222221111111111121112122222222222223332222232222222222111233333333333334444444445666555555556655544455543356543222222223444
44445445554333444444542211223233100000000047323332111223521111111111111222233322211221111111121111112222222222222322222222222222222211233333333323333334444445555565556655665555545543345543222222223444
44444444333334444434543222223232000000000056323333111222322111111111222223333322111321111111121111111222222222222222222222222222222211222323333333333333333444556555556665555545554443335543222222223444
44444444333445544444443222223232100000000265333333211122222111111122222332223321111221111111121111111122222222222222222222222222222211222223333332223333333334455555556655544444554333334433222222223444
44444445554444444444443333233232100000002454233332211122211122122222233322223221111221111111111111111122222222222222222222222222222221222222333333223322333333445555555555444444443343333333222222224444
44444444444444444344543343332332222100134543233332211122222211111222233322223221111221111111111111111122222222222222222222222222222221122222223332223222223333334444555544443333333333333333222222234444
55554444344444554433454433332333333323344432233332211112222212222222222221112211101211111111111111111122222222222222222222222222222222122222222232223222222333333434455543333323332333323332222222235544
44433444334444444455444433333333233334443222233332221112210112321122222111111221101111111111111111111122222222222222222222222222222222112332223222332222222233333344454444433322222233222232222222234444
44333333333344345555554543333332233433322222232222221122210011321111111111111121111111111111111111111122222222222222222222222222222222212333222223332222222233333334444443333222223233222222222222234444
55443333334443445665554543333332222211112222222223321122211011221111111111111112111111111111111111111122222222222222222222222222222222212233322222233222222223333333344443333222222332222222222222234444
43344434444444455554455553443332221111222222222223321111111111111001111111111112112111111111112111111122222222222222222222222222222222211233333222223222222222333333333343332222222332222222222222345555
44444444544455554444444554433332221122222222222223331111111121110001111111111112112111111111122111111122222222222222222222222222222222221233333322222222222222233323333333332222222222222222222222344444
55544555555555554444554554333322321112222222222223332211111111110011111111111122122111111111112111111212222222222222222222222222222222221223333332222222222222222222222222222222222222222222222222334444
66544555566555554444554464333333221111122222222222332121111111110011111111111122222111111111111111111211222222222222222222222222222222222223333332222222222222222222222222222222222222222232222222444444
34555444555444444444444476654333211111111122111112332112121111110011111111111223322111111111111111111111222222222222222222222222222222222222333322222222222222222222222222222222222222222333322223444555
44455555434554555555444467887654211111111110000011332111221111110011111111111222112111111111211111111211222222222222222222222222222222222222233322222222222222222222222222222222222222223333322224545544
55554565444444446644444456789874322111111000000001233111111111110111111111112222112111111111221111111211222222222222222222222222222222222222223322222222222222222222222222222222222222223333332223444444
55544555665544456654444445556764322321110000000001233111111111111111111111123221222111111111122111111122222222222222222222222222222222222222223222222222222222222222222222222222222222223333322234344444
44444455554444445543445545555544445421000000000001233112111111111111111111334211221111111111111111112212222222222222222222222222222222222222222222222222222222222222222222222222222222223333332244455555
55544555555543344433334445544455554431100000000001233112211111111111111123442112211111111111111111112212222222222222222222222222222222222222222222222222222222222222222222222222222222233333332344555555
55544344555443333333334444544445534442100000000011333122211111111111113444311112211111111111111111112222222222222222222222222222222222222222222222222222222222222222222222222222222222233333332345544556
44433344444333344443344444444455345441000000000001332122211111112233235532111134421111111111111111111121222222222222222222222222222222222222222222222222222222222222222222222222222222333333333445555555
44444444433334444444454444444454432111110011111111331122211111122112343111112355552111111111111111111221122222222222222222222222222222222222222222222222222222222222222222222222222222333333333455555445
55544444444444444555555444444564421111221111111001221122211112221101111111234545565211111111111111111221112222222222222222222222222222222222222222212222222222222222222222222222222222333333333455554444
45555554434555445555654445444466311222111111111012221122211122211111111223455443346421111111111111111211111222222222222222222222222222222222222222222222222222222222222222222222222222233333333445544444
44455543444554444443444444444446532243442111111012221122212221111333232345555555545642111111111111111111111222222222222222222222222222222222222222122222222222222222222222222222222222233333332344444444
55545443454444334433444444444444444556643211111112321122222222432444453355555555554575311111111111111111111222222222222222222222222222222222222222112222212222222222222222222222222222233333322444444444
54434434444455555555544444454333344544332111111112211122222345443444443455555555554467421111111111111111111122222222222222222222222222222222222222111222211212212222222222222222222222233333323444444554
43345544444444555555444444455433334433221111111122211122234555443344444555554454444458532211111111111211111122222222222222222222222222222222222222111222111112212222222222222222221222222223333454445544
54444444445554445444334443445532223322111111112222111212345555543455555554454444456658854321111111111211111112222222222222222222222222222212222222111111111112222222222222222222331222222333323554565444
44455555556654455544554444454433222111111111112221011113444555544555555554455444555668874322111111111111111122222222222222222222222222222112222222111111111112122222222222222223332222223333323544565444
44445555555555555444565555555434432111111111123432122344455544545555555555555555555568886422211111112211111112222222222222222222222222222112222222111111111112222222222222222333332222223333323444554344
44434555555544444444555555554444554211111111124444444555555445555555555545555555556568888643322111112211111111222222222222222222222222222212222222111111111112222222222222233333332222222333333444554444
44444444344444444444445554444444555431111111245444444554444444555555455555555455556568888765532211112211111111122222222222222222222222222212222222111111111122222222222223333333332222223333333444554444
44555543344454444555555445544455555443211123444445445555544444544454445554455555555578988776432211112221111111122222222222222222222222222212222222111111111122222222222233333333332222223333334544445443
55545544444445555554544555444554444434333344444444555554454555444455555545555555555579998777632221111121111111122222222222222222222222222212222222111111111222222222223333333333333222233333333433444334
44445444555555455555555555544544344444554444455454445555555555444455555555555555555579998877762222211121111111112222222222222222222222222212222222211111122222222223333333333333333222333333333443344444
54455444454455555545556554444554444445544444454444445444555555445555565555566655555578988876685222221111211111111222222222222222222222222222222232222222222222223333333343222223333222333333334333344344
44554444455555544444443444444455555444444445444445545554455566555555555555565555555568888887677422222112221111111222222222222222222222222222222222222222222222333333334443222222333222333333334454444444
44544444445443444444444444445545655444443456544445444445456665555555545555554455555557888887667622222222222211111222222222222222222222222222222222222222222233333333344554322222333222333333334444444455
55444333444433454444455555555544455444444556434444444445545665544444455554455555554457788877655532222222222222111222222222222222222222222222222222222223333333333334444555532222233222333333334344344444
45554334444444444444555445544444444455555444434444444444445566544444555544444444555446788877654432222222222222221222222222222222222222222222222222222233333334444444445555543222233222233333333334444444
44444444444444444455555555544444444554455554544455555444455555555555666555554455555545788987665432222222222222221122222222222222222222222222222223333333333444444445444345543322223322233333334344433444
54554433333344444455555555544445555554445555555554455555545555544455665555554556654445678998765433222222222222222222222222222222222222222212222233333333333444444554333334444322223322233233344333334444
54565443344344455434445555444445556544445555555444545445555555444455554556554555544444578999876533334322222223222222222222222222222222222222222233333333333444445554444344345432222332222233344434455444
44444444333344444444444554544444455543445555555444555445455555555544455656555544445544567899986655433432222223322222222222222222222222222222222233333333333444444444554433434444323322222223343333344334
44333333333344444444444454445554455544345565555544444444445444444555566656656555555555557889987777766664322233333332222222222222222222222222222233333333333344333444544445433575444322222223343433334433
43333323433333333455545444446655555444455665555544445544444455444555555554555554555554557999998899888998643333333333322222222222222222222222222233333333333323322234444333444587676322222233343443444444
22234333344344444444544443345555544344445665444444555555555555444554444555555554555544545899999999999999975333333333332222222222222222222111222233333333343333333334444333444678787332222233443332333444
44434444455444444433344444445554444445555555544554445544455554454555445655554455555444445799999999999999987543333333333222222222222222222111122333333333333333344444433444443358776332222233433333334434
44344443344554444444344445555444444555555555554444445545556775565555555555555555555555445689999999999988887654344433333333222222222222211111112333444333333432344333334543344336875322222233443344444433
33344333445555455444455555555444445554444455444444544545555566654444444555544555555555555558999999999876677643344433333333222222222222211111112333334564224433443344433443344434875332222333444334334444
33444344444444344434445545555665545544345555445555555444555555555444445555544455555445555557999999998865567533345544333333222222222221111111113333334565334433443444443453334334796333223333444334433455
44544445544444555544444455555565445554555555444434554445544555554444444455555444444556556766899999998765445533344654443333322222222211111111112222345565444433334434443443433333575333223333343324443334
