22322333222333222222222222232222333332222345543333332334433333333333333333344433333333333347999999999999999999999999889999788789999974334444433333322211013333222321111222233333333334444444555444445555
33222223223433222223333333333222333333322334443333332333333333333333333334444333223333334469999999999999999999999999889998777689999974334444443333322211013333222211111222333333333334444445555444555555
43222222332334432234443332333333333334433333332223332223333333333344443233333333223333345799999999999999999999999998789988776599999975324444443333322211013333333211111223334444444444444444444455554444
33222222322234442234443332222222322333332222222222222223333444333345554333333332322334579999999999999999999999999987789998775579999976423544444333322211013333332111112233444444444444444444454555444443
33222222222234433334333333233333322333322333322222222222333444433344544333333332233344699999999999999999999999999877899997566559998876423444444333222211123333332111123445554444433333433444444444443333
22222222222233333333222333444443322222333322222334321123333444333343333333333333333358999999999999999999999999987678999985456549988777522444443333222111124333321111233456655555533333333322233333333222
22222222222333334443333333344433222222232222222344321122223444333344433334333333334789999999999999999999999888876679888864344459978777522444443333221111133333332122334455555555433334333332222332222222
22222233222233333444332233333332222222223332222332211112345443333344543333333333468999999999999999999999998888776679778764233459967777522344443333221111233333333333454544345565443333223333222322222222
22222333223333444433332222333222223222233443332222222234554333333356775433334446899999999999999999999999999998888888678753225568865677422344433332222111233332223444555433233555443322222223333221122222
12223333333333333433332332222222222222234443322222233344333344333356765333346789999999999987777789999999998888899987677543235668764566322344333332222112333322223445555321123443343211122223322211222222
44555443333333333333344332222222222222344433333222233333233444432345554434579999999999999876776679999999887777679887766543334557765566322344333332222222333332222344443211112222332111111222111111111222
43333223333322223344443322222222222223333333333333232333344544332234566678999999999999998876555666899999865567657666655443334446655555323444433332222223333322222234332222222222211111111111111121111222
33444333332222223344443333321122222233333322333333333334555433332233469999999989999999998898665556899877755445555655555443334444444554323344333332222223333322222222333222222111111111111111111121111221
34444444322222222334443444433222222233333333333333344555444333323345699999999899899999998888676655698777754444554554444433333444444443233333333322222333333322222222333333232111111222111111111111112211
44444443333222222333433344444322222222233333333333345554334444333578999999998999889999988889776645676566654444444444444433333444333443223333333322223333322222222222333333332111111222221111112111122111
44444444443223333333333333444322222222334444443333455554334444444699999999999999879999889989887645643345544434444444443333334444333333223333333332233333222222222222333333332211112222221112221111122111
55555556654555543333332333333322222222334444433333455655435666445999999999999999899999999999878646533344443434444444444444433443333332223333333333333332222222222222333333333332222222221222221111111111
55445565544443332333433222222222332222223333333344445555445666689999999999999999999999999999977756433333433443444444444445433343333332223333333333333332222222222223333333333333333233222333221122211111
55555555555434444444433333222333322222222223566566654444456889999999999999999999999888999999987654333333333343444444444566433333333332223333333222233322222222222222333333333333333332223333221121111111
55555556654334433444344443233333222222222245666687765556689999999988999999999999998777899999888654333333333334444444444454333333233322223333222222223222222222222222333333433334443432334332222221111111
55555555543333223333344443233332222222232344556888877889999999888888899999999998677434567788778764333333333334444444444443343322223322222333222222222222222222222222333333433334444433444332322222221111
55555455554433333344444444443332222222222345678889868999988888889898889999999996565222454466578654333333333334444444444433343332223222222333222222222222222222222223333333333334444444444333333222221111
55544567777654444444444555432333322222222346899999879999888888788887689999999973331122234334457644433333333334444444444333344333223222222332222222222222222222222233333334333444444444443344433333222111
44555555554444444444444565323333322223323468999998799998888886688887799999999975763211222333346754433333333334444434443333343333333222223332222222222222222222222333333334433344444444444444444433222211
44555455566666544445444432223444433334334699999998689988788765567777899999999999985111122223335654433333333333444444444433333333333222222222222222222222222222222333333333443344444444545544444443333222
44455555555555555556543333334444445554447999999997579988888665567778999999999999985212122222334554433333333333444444444433334333333322232222111221222222222222223333333333443344344444455544444443333322
54455544455555555555543333344444333444699999999997569987788666678889999999999999986322222221233454433333333333444444444443334333333322222212111112222222222222233333333344433344443444444444554444444332
55666545554455555555554444345554333468999999888997468998898778889999999998999999987422332222122354433333333333344444444443333333333333332222111346653222222222233333333444333334444444444444554454444333
55655555445566555555555444334444334799999998778886468999988988999999999988888899877543232222111244433332233333344444444444333333333333332222124667876322222222333333333333333334444444444444555555544444
55555444445555433455555444334343369999999998677787458999999999999999999988877898866654322222111123333222233333344444444444333333333333222211257545665433222223343333333333333433334444444444555555544554
65443443334455556654455554344545799999999998666778457999999999999999988888788888766655432221111112223323333333455443344444333333333332222112577433455444333333343333333333333444434444444444444445455554
54443333444566776554455544345678999999999986566678546899999999999999988888788877665665553422222223333333433334665333333444333333333332221115765333344555533333333334433333333434444444444444444444555554
54345555444565445433333333345899999999999997556677644689999999999999887888887766555455555444555444444433344445653333333344433333333332221137643333334676633333333333333333343333333444444444444444455555
54445554444443333333334445457999999999999999545666654578999999999888876886665665444344445445555555544433444445443333333333433333333333221266433333333467743333333333333333333333333444444344444444445544
54434333444443334444434455579999999999999998644555564458988999899877766875534554444444333444444555444444444444444334333333333333333333222465333343333346943333333333333333333333333444444344444444444544
43333334555544334444334444699999999999999988754455565457988887777566655654434455444444433343344444444444444444443344443333333333333333222653333344333335952333333333333333333333333344444444444444444554
33444667655554444444433445899999999999998789974445556446888766654546546644443445444444443334444444334444444444443444444333333333333333223632233334333346733333333333333333333334433334333444443444444454
34445666555555444433333457999999999999877799974334555545787655443334445444444444444433443334444443223444444443443444444433333333333333224432233333333344333333333333333333333333333344333444433444444444
34444456666554434444333469999999999998666689975444455544565544433333344444444444444433333333333333223333333344344444443333333333333333334333332233333344323333333333333333333333334333333444433444444444
44443234555554444556533489999999999986566679976444444544455443333333334433465554444343333333333333333333333333334444333333333332233333333333322223333454333333333333333333333333333333333344333444444444
44333333455544444676533599999999999865556679976434444554445443333333334444666665444433333333333333343322233333333333333333333332233333323433322222334664333333333333333333333333333333443333333444444444
33444334566544445554334788888899999755556678876544444453333433333333334456766665533333333333333333444333333333333333333333333322223333332553332222235653233333333333333333333333333334444333334444444444
34444566665554333433335654444459997555556677876543343354333333333333335557655444433333333333333333444433343333333333333332222222223443332354343222234432333333333333333334333333333333444333334444444444
44445555566654334443234222222228975445555667766543333344333333333333345566544333333332333333333333344333344333333333333332222222224433333234553223333333333333333333333333333333334433333333334444444344
44555555443333334443343111122216964445555666666654333334333333333333345655433333322332233333333333343333344333333333333332222222234433333322454223333333333333333333333333333433334433333333344444433344
44444555433444333343332111111115954445556666666654333333333333333333335544333223322333333333333333333333333333333333333332222233443332233332232222233333333333333333333333333333333333333333344443333344
54444445444444333333332111111105943445555566666665333333433333332232234433332222222333333333333333333333333333333333333333222334443332233222222222233333333333333333333333333333334433333333344433333444
54445545444443333333333111111117843344455556666666433334643333332222223322222222222223333333333333333333333333333333333333224333333332233222222222233333333333333333333333333333334433333333334433333444
44445444444333333333454221111139633333455556666666533347843333222222222222222222222233333333333333333333333333333333333332234333333333223332222222233333333333333333333333333333443333333333334433333344
34444555443333333333466642111279533333445555566666543479743222222222222222222222222233333333333333333333333333333332333332234323333333223332222222222333333333333333333333333333333333333333333444333444
34444543333333333323357886323696333334445555566666654589743322222222222222222222222223333333333333333333333333333333444334443333333333223322232222222223333333333333333333333333333333333333333344333444
55445554444545532222366777778984333344555555555555654588753332222222222222222222222222333333333333333333333333332454432234543333233333223332222222222223333333333333333333333334333333333333333334434444
54444544554565532223466677899853322345555555555555555587653322233233222222222222222222333333333333333333333322324543222233333333233333233332222222222233333333333333333333333333333333333333333434444444
55543345444566543233566777877633333444444555555555555577654322444222222222222222222222333333333333333333333223235422233322233333223333233332221222222233333333333343333333333333333333333333333434444444
55444443333345443233566777765323334444444555555555555577654332322332222222222222222222333333333323333333333222244222333332223333223333233332222222222233333333333333333333333333333333333333334333444444
55555544333344443234664465432233344444445555555555555677554332222343442122222222222222222222223222222333333322343223333333222333223333233332222222222233322333333333333333333333333333333333333333344444
76665444444333343324664233222334444444445555555555555577544433233233354122211222222222222222233322223344444444444322333333322333223333233322222222222233322333333333333333333333333333333333333333344444
88876445554444443224664233223333444444445555555555555577555433333333235323334443344433333334443333333333443334554222223333332233233333233322222222222232222333333333333333333333333333333333333333444444
56777545555444443223663222233333344444445555555555555566544432222334334323466543344444334433333344444443333334554222223233332233233332233322222222222222222333333333333333333333333333333333333333444444
45555444444445542223664322233333344444444555555555555555543322222223333333444333333333344444445555544444333334554222222222332233333332233322222222222222222333333333333333333333333333333333333333333343
54444433445555433223774333333333334444444555555555555554443322322222234444433345544444455555555666544444334334454222222222333333333333233322222222222222222333333333333333333333333333333333333333333333
43323333344555432211685333233343333344444455555555555554444333322222224445433345555555555554445665433344344433444212222223333333333332333322222222222222222233333333333333333333333333333333333334443433
32333343333455433321596343233344333334444444444555555554444333332222123545433345555555555444346654333344333333333321222222223333333332333322222222222222222223333333333333333333333333333333333333433333
33333443333444444321597343323354333333433333334445555555444433333222123444433334444455543334346544443444333333322332443222333333333332223322222222222222222223333333333333333333333333333333333333334333
23333344444444332223688444332343333333333333333444555555444433332222223333323333344444443333346544333333332222222234642223433333333332223222222222222222222223333333333333333333333333333333333333334333
22233444455655434666458644432333322233333333333344444555554433322222233333322223333343333333346543332222222222222225744334333333333322223222222222222222222223333333333333333333333333333333333333334333
33223344444445677642125654443333322222233333333333444555555433333222233332222222222222222233346533322222222222222225622222233333333322223222222222222222222222333333333333333333333333333333333333344333
33232233334333333222234555554443322222334433334444444555555543333332222211122222222222222222235532222222222222222224422322333333333322233212222222222222222222333333333333333333333333333333333333333333
33232223333333322111223445555543322112345543444444333445555554333333222211111111112222222222234542222222222222222223323322333333333333233112222222222222222222333333333333333333333333333333333334334443
22222233333333322211223344444444432112345554333576642344555554433333322311111111111222222222223542222222222222222255322323333333333333223112222222222222222222333333333333333333333333333333333333344443
22223322222333223333223344444444432212235544347868951244555555433333323311111111111212222222222442222222222222222255322223333333333333223211222222222222222222333333333333333333333333333333333333344444
23444333233333223333323333333445554222233334699844511244555555543333333211111111111112222222222343222222222222222233332233333333322333223211122222222222222222233333333333333333333333333333333333344333
33454333333332223334433333344455555444444458999633211234555555553333333211111112222111222222222233222222222222222233333333344333322222223221112222222222222222223333333333333333333333333333333333333333
23555333333333323344444444444445676433444699888863212234555555554333333221221112211111122222222223322222222222222223356433344433322222233321111222222222222222223333333333333333333333333333333334433333
24665333455544333322345565444345777533456888899862112334555555554333333221121222111111122222222222232222222222222222355433444444332222233222111122222222222222222333333333333333333333333333333334433333
24554333456654333333334455555445554333468699997422223334555555554333333221122222222222222222222222222222222222222232353433444445432222223222211122222222222222222333333333333333333333333333333334443333
23333333456655544432223444444444544333587399842222222234555555555333333322112222222222222222222222222222222222222333443444444455432222333222221222222222222222222333333333333333333333333333333333333333
12334333445566664322223344334444544444696597422222222234555555555433333332112222222222222222222222222222222222223333433444444555333222233322222222222222222222222333333333333333333333333333333333333333
22233333345566653222333444444544444435885433222222211123333555555433333332212222222222222222222222222222222222233333433444445555333222222322222222222222222222222233333333333333233333333333333334433333
22222223345555543433334444444444444446753222222211111123334555555433333333211222222222222222222222222222222222333333433444455565333222222332222222222222222222222233233333333333333333333333333333333333
22222112334454333223443334434444566667532221111111111223344555445543333333221222222222222222233333222222233223333334443444555666322222222342222222222222222222222222223333333333333333333333333333333333
22333322233444432112345553333334555567521111111111111223333453455543333333322222222222222222233333333333333333345433432345556667422222222344222222222222222222222222223333222333333333333333333333333333
23455542223567764322234443333444444467521111111111112223333443555554333333322222222222222332233333333333333333565544433455555666432222222455322222222222222222222222222222222333333333333333333333333333
33456654334566653222334444335555433356421111111111222233233344556555433333332212222222233333333333334565444444443334553454455556433322223466532222222222222222222222222233222333333333333333333333333333
33345666534445443333433344333444433456421111112222223333333455445555433333333222223333333333333333323455544322332233443443356555533322223466543222222222222222222222222333332333333333333333333333333333
44333556654444433233333344333344544356642111122333333333334554335554433333333222233333344444433332211112222222432223334554455655433332223455554322222222222222222222223333332233333333333333333333333333
44333456654444433223344445554334443445665432222233333333345555445544433333333322233333444433323221111112222222433223333444455554432233333355554422222222222222222222223333333233333333333333333333333333
44434455555555443333432235555555443345566542222223333333445555444444333333333322333334433322222222222222222212444333333333455554432223333355555542222222222222222222223333333333333333333333333333333333
55443333334444444555533222346776444444444532345433333333334554333333333333333322333333322222333333333332234532344333333333455555433323333355555554222222222222222222222333233333333333333333333333333333
55443323344444455554443222346765444444444433344444333333333333233333333433333322333333322233444444444433345543334333333333455555433333333356654444322222222222222222223333333333333333333333333333333333
33233445666544555554444456655444433333344443222233333333333333333433333334455544444444333333333445556434555433333333333333455554433333333358874334322222222222222222233333333333333333333333333333433333
55555434567665555555544566555544333333333333332223334444454444333344433334555676644444333322223345665445677544443333333333344433333333333357766544432233222222222222233233333333333333333333333333333333
66544322355655433466664444444433223344433333332233333333454444443455554455555554444433332222223345543345677654554444334333333333333333333344566654333333322222222222233233333333333333333333333333333333
55555543233555443456665444454333333443223455543333333333333455444456655556665544444432223222223466543344567754544444444333333344333333332233455555444333322222222222223333333333333333333333333333333333
56555544323567766655544445665545543334454456543333333444556654444445554444456543333322234443334665444334566544443334344323334433333333222233344445665433322222222222222223333333333333333333333333333333
76544444322455566666544455555444455654444555543333344445665444544455655434677643333333345556788753333334455554444344344333333332233222222232355555555543333332222222222223333233333333333333333333333333
55543333344433456665544444444444556555555555433344433456665544444444443333566543333334566644677654322333445553333333444333333222222333222222268875445664333322222222222223333333333333333333333333333333
55444335665432223344444334444444445678766665544444444554444444444444333333344444444444455443344555433223456664222333344333332222223333222222257654334555333322222222222223333333333333333333333333333333
44444456654332222444443334455555678876656655554444444444444444443333332333334444455444344444333344444445566655443322333333333332223332222222234444444565433322222222222223333333333333333333333333333333
44445778764444333333333333566666666666555565554444444444444443333333322223344443345555444444334455544443345655543333343333222233444332212222223444444455543322222222222223333333333333333333333333333333
44455543222222333333333333444555556777656666665555556667777654333333222233445433333334444433456655555544455544544334432222222223466332211222222455555555554333222222222222333333333333333333333333333333
44333333333222222223333333444334455666555555555445555555555544332232222222333333333445544444565555555544554444444444432222344443443332211222222455544466654433222222222222333333333333333333333333333333
43322223444433222223333344433333456665443445554444554433345555544433322222333333333444445556655445555445555444555544544345665444333333211222222345554556554543322222222222333333333333333333333333333333
43322223334433322211113343333333455553222334444556665445667775433332223333322233333333344444443333334445556788876555533346533344454333211222223455554455554554332222222222222333323333333333333333333333
43322222223345432221123334665543344444344443333333333456788643222233332333333333432223333344566643333444556788765554444676333333456332211122223455555555555555433222222222233333333333333333333333333333
43322222222333222221234555445554333445554322223344333456776444444433222344444444443333333445665544344444555666555554456764333334566323211122223455555555667654433222222222233333333333333333333333333333
43222222222222222222345542235553222456544333344554445445555555542221123334454333333222333344555443444444444455554444456543344555445433211122224555566666676544443332222222223333333333333333333333333333
43222222222222345422455323345444333344555433333445676555444455422332222223443333334555334455433443333445544555554445554434456665443333211122224566555544565544333333222222223333333333333333333333333333
22122222322223454323442234454555544434555433333344555554444444333334444333333333444433322221223443333455544444444444444444444333222332221122224555565544444555444443333222223333333333333333333333333333
12222234443223566434433332344555543334555543332333345443334543333333322333333333333211111222233333333444444443333444454443332334444432221122223455665444445565544443333222222333333333333333333333333333
11111234544324666433332222222334433455555443322223567643356422333222222234433222222112221111123322234555443333333344454444333344455542221112223456665444445555554344433322222232333333333333333333333333
11111123443335775223221123322233345666665444322223688864665323333344444444322222211222222223333322356643333332333444434555543333356642221112223456777654334455665444443333222222333333333333333333333333
