22222222222222222222232222222222222222235542222222223333322232233432222223332233334555434432333333333489745555555445555556755322222122256788777767654333333233322233333333333333222333332222332333322224
22222222222222222222222222222222222222234433222222233333333333233332223223333333333455433433343333333699744555555544455556765211111111268887666566555333333233322333233333333333322223333222222333332224
22222222222223222223322222222232222222222223322222343333333333333332233223333333333454233433433343333699745455555554554445774311111112687776544555455332233333222333333333233333333332223222322322333233
22222222232222222223222222222333222333323333322222333333333433323333233222233333333333323444434443335899755555555544544443565311111147888764433344334332333333333333233333333323333333222233222222223233
22222222222222222222211222222223333333233334333222233333333332333333222222333333333332333344433333346999745555555554544443354321112479887533233333333323333443333333222333323323333323322222222222222332
22222222222222222222211122222322333322233333333322233333332232233332222222222233333332333333444333334799855555554454444433345411125887664322333433333333433444333322332333233222333323332232222222232233
22222222222222322222222332222222322322233332333321233322332232222322222232222223322342222333344333357999855555544444444432235321257775443333333333333344434554333332333332233332333322333233222233233233
22222222222222223322222232222222322222233332222332233332322223323322222222222233322222222344444334799999855555444444444433234445787655433442333333333334444555322222223322222233233322222223322233223233
22222233222222223322222122222222222222233322223333333332322222222222222222222232332222332333334568999999965554444444444432225889976543234322333333333333444555432223223322222233233222222222333322222233
22223333322222223332222222222122222222333322223433323323222222222222222222222222222223332333468999999999965555444444444321115888642332233323323333333333334455333333332222333332233222222222233322222322
22222222322222223333232222222122222332233322233233323323222222332222222222222222222222333457999999999999965555544444443311102664322222222222233322233333434444433333333322333232333222222222233322232332
22222222322222222443322222322222212222233222222222222333322222233322222223322232232222257899999999999999975555544444433211001342222123222222333222233333334434333334444322343223333222222222223332222232
22222222322222223342232322322222222222223232232222223323332224533222222122331123222224699999999999999999975555554444433210111232221222222222322222333333344333333323444322233223222233333222222333223333
22222222222222223333333342222222222222223232222232225323343323543222222233332222223579999999999999899999985555455444332110111343222222222122222223333333333223333233444333333323211233333323332233333332
11112222222223433333233333222222222222223233222233225333333223542355323422335532347999999999999998899999985454444444322110111553322222221122212223333343332222334433343323333222232234433333322332323332
21111222222222323333333333332222222221222233222222225333222234442255323212324547899999999999999988999999984444444443332111101454333222221122112223333344432222334443343333333322232244333233332343322333
32222222222222222332333333222223321111122333322322234333222232342233222211356789999999999999999899997899996455554443332111100264333333211121122223334444422222333343344333333333333343333333332333333333
22222222222322222333332222222233221112122234234422234332332222244334323345899999888999999999987899975799997345554443332111110265333333111111222323333333321222233333333333333333334344333333433334433322
22222222222222222222332222322223221221122343344322224333332223565335433789999998877899999899987999844689998445554443332111111244333342111112222223333333211112233333333333333333444455333223333334322222
22222222222222222222222222332112222122232334423432224333343246754334558999989997676889998889999999643589998435544433332111111333333331111111122222333232211111233333233333333333344575322222333333332233
12222222222321221212222222432222223222232354212423324334434588565688899999989997667889976677799986434799898335544433321111112333443321111111223323322232111111233333233333333333345675333222332332322223
11122222222332222123222223432222233332324642322422334346777767999999999999999997666678855566786765435798697335444333221111123334633411112222333333211221111111223332233333333333345665433332233333333323
22222222212332233212333223432333322332336411322431224789997789999999999999999997474455654455565555435587785345444333221111233333434311232222333332111111111111223322233333333333344554445432222232222223
22222222222222222221332333532343554323464221222441258999978999999999999999999998654344444455554444335567774345444333222122233333332222243222222222111111111111123322233333333333344443456542222222322223
12233222222222222221223333421233355212662232222443799999859999987998899998899999544344444444554444434556654444433333222222334333322222233222112221111111111111122222233333322233344433567653233322332223
12222222222222222233223333431344254223532233333579999999659999876899999975789999534333334344444444434455554344333333323322333333222222333232111222211111111111122222233332222233333333576652233443233223
22222222322233333223212234354444354223533222236999999898469999988999999986567788533333333444444444443444543334333333333333333333222222333333211112321111211111122211232222222233333333566654456553332344
22222322233446997422213313455443455324532222379999998798469999999999999997455686433333334444444443343444433333333333333333333322222222333333211123222212211111122111232322222223333333456545577664535554
22222232123444686442234323355542544435543223899999997787379999999999999977544585443333334444444443343333332333333333333333332222222222333333332233222223221211121111222332222223333333345445787767644334
22222332223345544554455322146543533325533228999999997688479999999999999997453455443333334444444443344333332333333333333333322322222223333333333333332233222211111112222322222222222333334456887678654443
33333333345434455454443321256544432346532279999999998578469999999999999996553245443333444444444443344333332333332332222333222222222233333333333443432343222211111112222222211222222333333467877787566443
23333334334333335422233233356565443446634799999999998568459999989999999887543224543333444444444443344433332333332222222322222222222233333333334444434443232222111111112222212222222322333577767885674354
23433455434433245432232256456556455466757999999988997557559998888899988776643222343333334444444444444433332333322222222222222222222233333333334444445542333332121111111111112222222222223677666865763552
23333533333333345333333476446446676545677899998678997557559877666687787655653322233333344444444444444433333333222222222222222222222333333333444444445543443432221111111111122222122222233566667746645543
33333432222345334222233488646566765445644489986678998556558755555666566554554654444434444444444444444433333332222222222222222222223333333333344444445444544432332111111111122221122222233566556556555456
44543442232234433222333345655766775556522388655679997555547654455555556554444555555444444444444444444444333332222345532222222222333333333333433344445555555433432222221101111211122222233555555565554565
65544543322333434223454455666556776445421495455578987556536643455555645654444445555444444444444444444444433332235556886222222223333333333333333334445555555444443333321111111111122222233445544554445654
65544444312223654247744565576678765444421674555676777545535643345556654654443444444444444444444444444444333322587534666322332233334433433333333334444555555555544443432112111111122122232234444444455433
55454334322445753699988854576798754555675844456666777545534543445677776654443444433444444444444444444444333225864333454443333334334334333333333334444445555555555544431122111111122112222233333344455433
45444454222566658988999864365654565446899534445556677644643443346677776554433344433444444444444444444434333257544433345574333344444434333333333344444445555555555555431232221111121122222222233334445433
43323554213467788874588753356554455456997434454456666645743333346776544433333333333344444444444444443333333364334443346774343343344443333333333343444444554555555555432333321111111122222222333334345433
43324543325557876431146665356555434557984344444555666658953333336654333333333333344433344444444444433333333543344443334684333443444443334433333344444444544555555555434444321111111112222222233333335444
44333223443335656433444565566786433467743444445556666789733233335433333333333333444433334444444443333333333433334443333573333333444443343333333443444444444445555555444454322112211112222222233333344445
34545556775346566655555446665665433457423444444555666798743222334333333333333333444434444444443333333333334433333443333553334334444444444333333334444444444445555555455554432222211111222222333333344455
45565677533455655555565666676664343357435444455555566787653222233322233333333333344444444443333333333333343443333333344433344344444444444333443334334444444455555554555544433332112212222222333333345555
77776664332344554445566677666556534467445444455555555787653222333322222333333333333444443333333333333334443543333333454333343344444444444433343344334443344455555545555544434432112222221223333333444445
66665423666776654434555555665456544457544444445555556887653343233332222333333333333443333333333333223344433344433334563333343344444444444444444443444433444555554455555554444432122333222233333343344445
55544212556765555434544456655543453358645544445555556886564333222222223333333333333333333333333333334443333335533334433333343344444444444444444434443333444445544455555555554322234443223333333333333445
56433124457644555555643676435434454459736644445555556796664323432222233333333333333333333333333333444443333323433333233333333344444444444444444444443334444444444455555555554322455432233333444322223444
64125689999755555445544654554434433358846744445555555685664343354222333333333333333333333333433334433343332232223222333333333344444444444444444444433334444444444555555555554235554333334334433222233344
10116999999533333344346545665544555458866644444455555665553223446334323333333333333333333355434444333443333332222223333333333344444444444444444444433334443334454444455555544455554333443344332222223334
11133799986543443333466656656553445567876433344444445555543222445599865433333333333333333542223454433443333332222223333334333444443434444444444433333334433334444444455455545555543344433444322222222234
12322489985334444544565655533422235556886443444433445555543233244587665554444433334443333422333334433443333333222223333334334444443333444444444433333334333344444444444455455555544445444443222222222233
12212246665444456644665566322232124554576554554434444555454333235555655444544444444444444423333333433433333233222222333343334444443444444444444443333344333334444444444454455555554555444433222321122233
43221345656765655445666566432222123355567544444334444455454433324554566555656666444444455422333333433333333222222222233343334444444444444444444443333344433344444444444444455555555555554432223211122222
24555555544346666567765444543223223454455554456434344445445532224443566666668875445444555322333333334333332222222222223333334444444444444444443443333444433444444444444444555555555555544432332111122222
22674555567656754688665444445432223454454334446743334555434533234433455665479754444444455322223333333333333222222222223333334444444444444344333333333444443444444444444445555555555555544433332111232234
24998655655635777866555545456333333345544444445764434454544543333333455654599644444444445322223333343334333322222222223333333344444444443343333333334444444444444444444555555555554445544433332112332233
56655554576557777654665544554323433345532454455445544434555543333212234433598544444444333322222333343343333333222222223333333344434444443344333333334443344444444444445555555555545555444444332123322333
56434556655466676668755444443333443345543334345545678667556654333212223223698433333333332432343223443333333333322222222333333444444444444334333333333444334444444444444555555555445555444554432233322233
57775777655754677875334455666764466446544445332356677983456654333211222223597322222222222247643233433333333333332222222333333344344444443333344333344433334444444444444455555555445554455455433333322222
77776777778966788765333455556666787666444456544578875533455665333222222222495222222322222265333444433333333333332222222333333344334444443333333333334433334444333444444555555554455554455454433433322222
66677756756699996554433555343456666565544545555864542233455665444322222222484222222222222343233434333333344333332233222322333334334444443333333344444433344443334444444444444444555544555454434544322222
55666787434589854534555554445445665564565655557732222232455666444321222222483222222222225533123433333333344333332233222222333333333334444333334444444443444443334434444444444445555444554544445544332222
65567753677777567544556544455545655556566655557422222222345666534331222222363322222222225433234433333333344433332233222222333333333334433333333443444434444433444334444444444445554445555544455543333333
44677653478763377455555443444545545466545545675222222212233455544432222222243332222222223344433333323333444433332233222222333333333334433333333333344444444433444344444443444444544455554444555544433455
35789844685454576545555333444556665555565446665221222122334555544432122222232232222222223345533333333333444433332223332222233333333333333333334333344443444433444444444433444445444555444444555555444554
66447898985545665554555423544557865545666655567311222223334454454443222222222222222222222444433332233333444433332123333222233333333333333333334333334444444334444444443333344444445544444445555555545544
43347765984466676655555433345688645555666665567632222333333443554443222222222222332222223444323333333333444433333222222322223333333333333333333333434444444333443443443333444444444444444455565555555556
32136311367777776666655445345655555556754555567565433333333344665444322222222222232222223444333333334444444433333322222322223333333333333333333333344344444433444443444334444444444444444555665555555566
24533211466776786676655434555535655555654454555566643333434455555444321222222222232222224443233333334444544444433332222233223333333333333333333333344444444434444444444444444444444444444555555555566666
23555335665677778656545423576446655555654355554666433333344555345544432222222232233246334443333333334444554333344332122333223333333333333333333333444444444434444444444444444444444444444555555555566666
44556666777776666555555423677765655466554455455655444543334455545544432222222333333355544433333333344445553222234333222233223333333333333333333334444444444444444444433444444444444444444555555555566655
65456667777666666566654335533456544444443344445645555555333344455544443223333333333333354333333322334455531121244533322233322333333333333333333333444444444344444344444444444444444444445555555555565555
65555666778767766677654356532365444434343345445534445555564444566555443323333433333333344355433222235555421112444653333233322333333333333333333333344444444344443344444444444443344444445555555555555555
55656676666566664446554357522244445554344543565543454467765554566655443333344444443443333335443222245555321234554564333333332333333333333333333333344444444444444344444444444443344444454445555555555554
66886665676555665455554345321134344433354444575543555455667654567766434333333433333353333334443222345553222355798667533333333333333333333333333333344444444444444444444444444443444444444445444455555444
77797654566555543466544434312245456555453334545543466444455554466656644554345433323343433323333323455543223566689889843333333333333333333333333333334444444444444444444444444444444344444444444555454444
77677643454555544444443453311344334334344444455543455553354455566554554466564455434344433323333333455432245555568889973333333333333333333333333333334344444444434443444444444444444444444444444555444445
76666664453564457656543563333322233246543542255444554445444555555555444565555444554677534333333333344333544444554566675333333333333333333333333333334344444444444443344444444444433444445444444444444445
55555665553454445555345666544311235556555544344433554424543455446554455565335544445666446533333333333345544455444565555433333333333333333333333333443334444444444444444444444444434444455444444444444445
86555655552355533345445445533222256335556545545444453333356456546643344455445887544676456753333333334467545655534555555533333333333333333333333333343333444444444444444444444444444334455444444444444445
98665554553345544544567444663222463223433456775446543344455655655656654345766676544445455653333333344556677654456556556643333333333333333333333333333333444444444444444434444444444334454444444444444444
99655554542333564334458533444333643324432356763335653344478765556666544335654444454334567653333333555556776655566434556653333333333333333333333333333333343444444444444444444444444334444344444444444444
89966664542223444443455542344436654554543355555435555345557986556564433334433453344434577564333333566578765555554456544565333333333333333333333333333333443444444344444444444444444334444444444444444444
78997664543223434333553343366446433466445344534534553433555775555553345555443444443345568764333333466687655654444478544456433333333333333333333333343334444444444444444344444444433344444444444444444444
65799743453223323333446434335455443666555544443433554335668855566653346744343444456666668964332223356676656544443368545456533333333333333333333333333344444444444444444344444444433444444444444444444444
33469973443222321343456644344244552595665554453542466666556656667875456434432234444687679863332223345665555444433446544455333333333333333333333333333444444444444444444444444433433444444444444444444444
33345997334322323334445544446446653375465554564454567755555666768887345334444433335765455663322223244543454433334445435654444333333333333333333333333444444444444444444444444334444444444444444444444445
33223599842222332224344555446533654346455455566444566645656897666577444455664343244543434753222222256544444433333445556544554333333333333333333333333444444444444444444444443334444444444444444444444444
32222359985322123233444444456542654335555554466663575555666676446555444564333444443355444643322222246545444433334456554444644433333333333333333333333444444444444444444444443334444444444444444444444454
32232335898522233223444443356655677544455554345653455556546676576554234444333456523454344433222222246654444343334446755554433433333333333333333343333444444444444444444444443344444444444444444444444455
33322233369952222323465443455556655566555445545445556555435765577665344334445564232343344333222222234344443333333576655655653443333333333333333333333344434444444444444444444444444444444444444444444455
32222223336996222334445534555534676566435555554346645656644666556566754434435644433453444432222222233223454323456543365544553344333333333333333333333333444444444444334444444444444444444444444444444445
21122233233599732333555544444543565566545554564433734545754655544447765554432344566642345332222222333222455234455221477534554444433333333333333333333333344444444444334444444444444444444444444444444444
21112332332249974246544445554444665554444434565445654543667754454334666653323434676532244432222223322222233433333333763553455333343333333333333333333333344444444444444444434444444444444444344444444444
21223211332234898434554434555445564444555535556665466544678766555335545543337634543343234332222223322223322442235646733454355332354333333333333333333333344444444444444444444444444444444444444444444444
21133113553333379944555644455434654455467645534774464465665665435534545554432334454443333322222333333324432344344569634555345322364333333333333333333333333444444444444444444444444444444433444444444444
21233234663343347996556654444444544554566653445543653554665455434633446545643554444344344322223334433234633344444475443455545422354433333333333333333333334444444444444444444444444444444444444444444444
22222232554432236999757854544555655555556453477655666774566445544643237776434442443543233322223334444454553544445553432444455522255433333333333333333433333444444444444444444444444444444444444444444444
33222434543442247789987864555555653455445564357555546654465334553464334784444343443433344322223334444433375554346755764444346632244543333333333333333433333444443334444444444444444444444444444444444444
54334554443443564556998543556555654455555565456454565455455446654345335664454453443235544322223334453333357544456555675444435653234554333333333333333333333444433334444444444444444444444444444444444444
55578655444444554442699853355445654344465564455323565445455654654445545555444454434445554322223333443333334446753334456434532454334445433333334333333333333343333444444444444444444444444444444444444444
55566643444445543544569984334445664344456555456433445665567433333234654545544455432574455322223344444233454323444334456543441257635445643333334333333433333334333444444444444444444444444444444444444443
54445433455544455655546998644454665774355445455567655445555333223223545554444444434545454322222344433333444433424565446765553358844334664333334333334433433334444444444444444444444444444444444444444443
55534443333456664656545689953454664454345344564445555555675532223324434435545445454446444322223333354333333444333344455654444457633235675333334433333334443334444444444444444444444444444444444444444432
44556423333446864554556557995345664455445655553234543235555664322434445434444456655356333322223333454334443333322222334553444445644344466433333434443334443333444444444444444444444444444444444444444432
75444444434457744444555654799633463345344465444433434444444556753344444443444456555344343222233334444333334333322223334745565444555455455343333444444334443343344444444444444444444444444444444444555322
65332134224577445556665553479973365456444355456652433653333443434444432234543455566554343232233334454433323332333345445658886455545665454344333344444334443333344444444444444444444444444444444445555322
23443334553455443535544343336997467897454344354465443454323434433334543234434445566554433333234554465533322322344554555665677555754556454444433344444444333334434444444444444444444444444444444445565322
88633455554555434665553454333599866676564333333356343333433432345433444333443444554366544333234543356645445433344444444555456665775635565444443333344443344334434444444444444444444444544444444445565322
99933455445557544444453342322359986435665333235455565544554334654442344344444444555445545333233442235534676433444434443445544444576745555555543333344443344334434444444444444444444445444444444444555323
