23322332344233333333322355322222333222233322222233322234333222222233333333333333323333334589999999999999999997899986667999864355544443332211111233333331111112222333333333233321112222222334333444554444
33222332345434433332222344432222322222233322221123332334333221232233333333333232223333356899999999999999999977999955667999874245544433332211112333333321111222322333333332123321112222222333333444454444
33222332235644433332222333343212222232233322222233333333333332344334333333333222223434789999999999999999998768989843457999875245444433322111112333333321122333322233333321122211112222222333333444445444
33222333223544542333222333434422233333333332233233233333333344444344433332233332233568999999999999999999998768889743457988884235444433322111123333333322222232221223223211111111122222222333233444445444
33222233322333563233323333344333334444334332233333222432334345544444433333222333457999999988889999999999999999887532468975774235444433322111123433333222232232111122222111111111122222222333223344444444
33222232233334354224433444344333345545544432233233212343333334444544333333232236899999999988767899999888978999876433468875763235444333322222233333332222233332111111122111111111122122222232223444454444
44332232233346533223433433444344334544556543343223223444344434444554433333333479999999999965666898998666767877765443456765753344443333322222233333322222233332222111121121111111222122122232223333444444
44334432223335532223333332244444333454444554444333323444344444444455433333347999999999999976566888887555565765554433444565653344443333332222333333322222223332333211111232111112222222112222223333343333
54345543222334532333333333234445433466544355444433333344333334444455433334479999999889999977655867777544555554554433344555543344433333333333333333322222223333333211111232121122211221122222223333333333
54345533323333332354333333334565543445654444444323333333333333344444433445799999999899999998556544666544455554444433344444443334333333333333333322222222222333333211112332221122221221122211223333433333
45444543333333332355323333434466544444554444345433333343334433345665556789999999999999999998556434444444445554444333344434432333333333333333333222222222223333333322223322321232222221112211223333333333
34433443333443322135333433433457655444444344444554433333344444588876899999999999999999999988755333444344444444444334334333432333333333333333332232222222233333333333333333322332222221112111222233333332
23432333454333443124344453443456666554444434433555444333355567887999999999999999999989999998754333343344444444444434333333332333333333323333332222222222233333344333444344223433222212111111222233233222
33443344555432355544444443344345666654444334333554334433467899878999999999999999999866889988753333333333444444444434333333332233333323222333323222222222233333344344444443234432222222111111222232222222
54434565554443345577643444355435666654444334444454433445789999899999998999889999997633567877653333333334444444444433433223332233332222222333222222222222233333444344444443454432332222111111112222222223
65555566654345555557654334345444667654445533444433333347999997899999987888789999964323444557443333333334444444444433443323322233333222222322222222222222333333444444444444554333332332111111111111111233
55555555555567875555555433344344566655556653444333333479999996899999866788899999988622233347544333333334444444444334443333322233332222222222222222222223333333444444444444554344443432222111111111111223
44455654555567775454445554445444455555555554444433237999999985899999765899999999999622222336644333333334444444443334443333322233322222222222222222222333333333444444444444554455444432322111111111111222
44445666666655666554444444444444444445455555455444589999999975799999888999999999999733322235644433333444444444444434443333332233222222222222222222222333333333444444344444555555555433332211111110011122
55455665566655656654445434434454565445555555556547999999889964799999999999999999999942332223554433333344444444444443444333333232222111233222222222223334433333443344444444555555555444433322221110011122
44545565455555666775544544544555557645665666546799999999778954799999999999999998998863343212354433333333444444444444443333333332222235798642222222233334443443433334444444455555555444444333322110111122
55555565444456766676654455665556655654566556658999999998777864699999999999999988998765432211234433323333444444444444443333333333222565588973223222334344433333333443344444444455555555554344333211111112
66666666654455665566544335566555555565455545689999999999567883589999999999999889887666533311112333333344444444444444444443333322236764456653432233334344444333333433334444444455555555554554443211111111
87666665554455654556544445555655544456545544899999999999657785468889998888889888876666654222222333334434444443444444334444333222278653334544653333344344443333333444444444444455555555555554544212211111
98656655544345653445555445555555455555554447999999999999746666458889988877778776665545555456544444444444444333344444433444333222575433333457873344343333333333334444334444444445555555555555543212212111
66655555444445554444555445555555455554444459999999999999854666447988877666676545654444445455555554444444443333334444443344333224753344433357873333333333444333333344344444444445555555555555543223223211
23444455665655654454555446654465555543333489999999988899854456546986665565565444554444434444455444444444444444344444443333333236533344433334794333333444444434433334444444444445555554555555543343343211
22334455676565554445555555654466545432334799999998667789864455545776554444554444555554444334444444444444444444444444433333333246323344433333683333334444444434433334444444444445544544555555543444543211
33454455555555554444556655555555443433346788999986566789864445644565543344444444445545443434444324444444444444444444333333333254333334433333663334334444443444433444433444444445544444555555544545543321
55665444444445565455666666655544444444444444799865566789864444644455433343444455445444443444444323344444444444444444333333333343333333333344433344334444443444433344433344444454434545555555445555434322
65465344434434566556676557875444444444333132698555566788765444554444433333444666644543334333333333333334444444444343333332333343433223333444433343344444444444444333444443344443344445555555555555444332
45355455333334567655666556665444433333342112795455656777775444453344333333456766754443333333333344332333444444333333333322233335333223333465333333344444444444444444344443444444444445555555555555444333
54445555323444577766666556554444432222442112884455666767775444453334333333456665544333333333333344433333444443333333333322344335433333334574333333334444444444444344344444444433444455554455555555554444
43444555323456567666656655544444532222343113964455667666666444443333333333466644333333333333333444433443444333333333323223443334544333334543333333334444444444444444444344443333444455554445554555554444
43355554454456755656655554544554433222344226944445565566666544443333333333465433333333333333333344434443333333333332222234433332356433333333333333334444444444444444444444433333444444444444555555445544
34456555556555675555665445544444432232357759744444555566666643444333333332453333333233333333333333334444333333333332223344333333235433322333333433334444434444444444444444333333444444444445555555445544
55545655654555456556765434444433432222359999544445445556666644477333333332343322232233333333333333334333333333333332334443333333222222222333334333334444443444444434444444333334444444444445554554455544
55566555554445556655666445543322432222359997444344345556666654797332222332232222232233333333333333333333333333333333443333333322222222222333333333334334333444344444444334333334444433344544444554445544
66654446666645566654665555543332332344469995344334455566666665896432222233322222222233333333333333333333333333333323433333333333222222222333333333344444334344433444444333333334443333444444444544445545
66545444555555565555555445554432244455468964434334555555666666886433222233322222222233333333333333333333333333443334433333433333332222222333333333443444334344443344444333333334433333444444444544445445
55545544455676565555566755455444456547667533544445455555666667876443222233222222222233333333333333333333333355433455433334433322233222222233333334443444334444444444444433333344443333444444444444455445
55555555456677666555556676445556665534786223544445555555666667866442343223222222222233333333333333333333333653222344443333333332233222222222333334334444444444444444433433333333443333444444444444444455
46665555566655766665555666544554554444475224544445555555555557865443233422222222222233333333333333333333335422333223443333333333222222222222333334334444344444444444333333333443444334444444444444444445
66655555577656776666656666555554345433465324544444455555555556864543322444422222222223333333333333333332234223333322343333333333222222222222333333334444344444434443333333333334444334444444444444444445
66555555666556676665666787656555444444466333444444455555555556754554333333532222222222223333333333444443344322333332233333333333222222222222333333334443344444434433333333334434444444444444444444444555
55555555666644665676556677766655555445677433444444455555555555554454333333453445534544344444433333444444455322233333233333333333222222222222333333334433444444333443333333334444444444444444444444455554
55456666665676565566655555556666546655678534544444455555555555555433322234343575434454444444444444444444555322233333333333334333222222222222333333344444444444333443333333344444444444444444444444555554
55556766776666556665656655445555654565568634664444444455555555544432232223444444444444445445566544544444555322222333333333334333322222222222333333344434444444333343333333444444334444444444444444555545
55556666686554455666568655444445666556657854553333444444445555544443233322344543555555555555676544544444455322222333333433333333332222222222232333344433444344433333333333344443333444444444444444444555
55566666667666555566667855544445776665556875533333443333344455544443333332245553455565665554765433444444444322222223333433333333333222222222222233334433444444333333333333444443333444444434444444444555
76666666766666765676667875543455566655556776655455655433444444554443433332235443355556554445754444444444333321233222333333333333333222222222222233333433344443333333333344444443334444444434444444444555
77777765555666676677556776444444666665665676777665666543344444454444452322234333344445544445754444444333332243554322344333334333333322222222222233333333333334333333334444444434444444443344444445444444
67777765456665566566666555544544555555565666666576676654334344455434443234333333333334433334753333333222222236633334433333334443333322222222222233333333333343333333334433334434444444443344444444444444
66667787655555555556566545445653344566555556566566666554454345445433443354333222222223222234663222222222222236334443333333323443333322222222222233333333333333333333334434344444444444434444334444444444
66666777665445555555555654346665335555545555766556765554356443554543344453233111222222222223663222222222222234212332233333333443333222222222222233333333333333333333333344334444444444433444334444444444
66666666655654456777555665446666545545544555686665665454445445674455444443323211122222222223453222222222223444213432233333334444333222222222222233333333333333333333333333334444444444433444344444444344
56655566555764456678744555555755655545545555577766665587654467655455555433333211122222222222353222222222223633223322333333334444333211222222222223333333333333333333333333334444444443344444444444444344
66654467665554467755543566656664555556655655566665676679986688733455555533333222222222222222343222222222223433334333333333234444333321122222222223333333433333333333333333344444444443334443444444444444
67655557776544457765444566656876555566655555655555556667878999734555556543333222222222222222243222222222222334444333333333234444333332122222222222333333433333333333333333344344444443334333444444333444
55654467765554456665555445566887665666554455665444445555678997334555566653343321222222222222223322222222222334343333333332334444333333212222222222333333333333333333333333344344444444334344444444443344
45554456655444446656545544567888766676443346666544445555686852233555666554343321122222222222223332222222222233342233433222344443333433211222222222233333333333333333333333344444444444344444444444444444
34554445555554456545654445667656767767544577766554555544674322222455565554344332122222222222223332222222443233332323433222344443443333321122222222233333333333333333333333344444444444444444444444444444
54356545554445456533787544577655675787655788666676665554432222222244455555434432122222222222222222222223642234422333433233335544444433332222222222233333333333333333333333444444444444444444444444444444
45446655564345445655688744455655576688766676556677655653222222212233455555434433222222222222222222222234322234323334433333335543335543333222222222233333333333333333333333344444444444444444444444444444
44665654666655534666555454433665567677876566567665555742222222112334555555544443322222222222222222222223432344323334433333335422235553333222222222223333333333333333333333334444444444444444344444444444
57766555566664433454444334443576567666555556778755556632111111122334445445544444322222222222222223322224664343223334433323334222555554433322222222222333333333333333333333334444444433444444344444444444
55786655555444344443344434444478778866654456777655556521111111222333344346654444332122222222232223332223334443433334433222323214665656433323332222223333333333333333333333334434444443344444444444444444
55677565555335655444334456656568999996664445666665556631111222233333344456664444432112222222233233333333222443455334433222223225565654443323332222323333333333333333333333333434444443344344444444444444
66776656665434665433333446777667888997555444555455545654212233333333344544565444433212222222333333333333232233334344443222223345565454444322333232222333333333333333333333333334443444444444444444344444
55676667887545654444333345667655777887534655555444445455543333333343345543455444443322223333333333333334433332333334443222234565555334334332333333222233333333333333333333333334444444443434444444344444
55565666778743444554443344554434686665433456655444344345566543333333455554455444333322233333344444333333433333333334433322344567555434334333333333322222333333333333333333333333444444444444444444444443
55687666556643355555445433334444467654456556655544343344556644333334445555444333333332333344444443333212433333333323433333334545556534668433333333333222333333333333333333334333344444444444444444444444
65577655554543345433445542344444444564456655554444333344555564443333333444434334433333333444433332222222233333333223433333334654456644567633333333333222333333333333333333334333334444444444444444444444
55566566554433334444555432244334344455444433323444332356544466434543333443344434653333333344434433333443333333333222433333334676454434455733333333333322333333333333333333334333333344444444444444444444
45566557666643433443555432344445344445544333222355434345432466533554333454343323555643333454555764567776533544433323433333444557665434443642333333333332333333333333333333334333333344444344444444444444
54565545646665544453354555555334434454543333321234533434534665453354332455443332444664433344565576566776435555654323433333335744546533442353333333333333333333333333333333333333344344444444444444444444
65554554434556655575333556654233334445453332332222343234667764444345333455544343344554454334566566555566445445554444433333334864444554443244333333333333333333333333333333333333344334444444444444444444
66765455433455564345333454444333455434454332334322344334577754555435422454554354344454334543566555554456556445444455433333333785444654444444443233333333333333333333333333333334343344444444444444444444
57865556433455554333233454344444455433346333334633334444556433344455522344565445344345433465455555443456557765433234433333333366543574445544343223333333333333333333333333333334433444444444444444444444
55766444533345555543344444444444344464454543444753444445655453345456532345566544444335434455455555544556656887643333433332223334443465444554322223333332233333333333333333333334433443444444444444444444
55445543553336765454444443344333333247455444444574455556777675444435653244566555444325534444345676667656655776654323443332223324443355454565222223333332233333333333333333333344444444444444444444344444
56544543465324787544444333355433434323434544343356556765544567444434665344466455444323643443345566777755555775444323443332222324443244554554212222333332223333333333333333333344444444444444444444344444
55543554345433567445444433335554445533333344333334444654333456533542477544456545445444664432356555675566656655434533443332222224543344555563111222343332223333333333333333333344434444443444444444444444
55544565433543555444444443434455544543333334434445433445554446754453368744457655444456686543465445565455656644544444433322222223543344455566211255444332333333333333333333333344333444443444444444344443
55555455444554554544445543455544445533334444433444533333565545776555458743446765554444568865555444444456666654433544443322222222454343345443211479865433333333333333333333333334433444444444444344344443
55644334323455554444544554445545543554333344433343343333334445565544456644544565555543344676555555444555765654333454433332222222345444554435544688877653333333333333333333333333334444444444443344444433
55442333433344444444555555444553444464433335433334333332232235656764545565554554455544454456566677555555776544323245433322222222345434577557874346667665333333333333333333333333334344444444443334444433
66553222333444443454455665544553344566433444533434433333244456767875566555664554455434445455667776544565566533323224433322222232334334445668851135555555433333333333333333333333333344444444444344444444
55666532234455453344445565544433343345433345443332333333444466765776556755465554455544333566666665434566566643323323433321222223334322343333564235565466433333333333333333333333333344444444444344444443
44455675433434334444444556654433343345544345543333233233455455665456656776445564445544345676555554454555577642332223433332222223334332244321122234566445543333333333333333333333333444444433333344444444
33444455344543323344444556776533344445776445665444433234445444555555545787645554354544555665566445555555577543232322333322222223323223343332112233355445553333333333333333333333333444444333333444444444
33333444333454332343344455554554444444455334663466543445444444444456677788755555445544345655565544555566567645333233323322222233333222343234322233444355564333333333333333333333333443443333333444444444
33333344443244433444334445553346764334454333453246654555443333344455678877655555445554445755666544445455667656643356333322223333444422343222333222332345555433333333333333333333333433333444433444444444
55433444444334433445644444554344466433233434576444566664334233434557776776645655555554456676676544545655567755643368633322223333443422243222235432233344456543333333443333333333333333333444444444444444
44543345445544433343454433445455456766444355588676467677335644555566765466665554454446556678665455555565555665543347533322223333343343333211335544333444346654333333433333333333333333333333343444444444
33333334444444433333333433455657655566667666677667667756756766677666665457765544444444555589744456555554445445533566433322222333344466554311244445534444446865433333433333333334433344333333344444444444
43333334434444433333333643444654665446667788876555666655677755567556554457875444444444565479733345544444455544333356534322222233335667544331234334665444545784343333333333333334433344443333444444444444
45444435676544433333333564454453345445656667776666765565577754446655444455775434466544577568743334443334445543333434533332222233333566664343333324655644454677334333343333333334434333444333444444444444
45544448999976433332333334455434323334455666555555566566556754445544333456565444357766666647754333323444344544333344333332222223334566567434543223653445455555433433343333343334333333443334444444444444
34555556898874333333343333444323443334554556555555556566655564344434433345655444446777864555743333322344434544334555543333222223334557557533343212453434445554333333333333333333333333333444444444444444
43465554454443222323332234444333445556665556666556655555466655443334653333576554445765665776542333211222333354333454454333222223334555755433543311454343454454333343333333333333333333334444444444444444
44445444455444333333333344555445554557765555567666776655455554444444563333667655334654455576433322321122233345333343355533222233333355553334453333565345455445323344333333333333333333444444444444444444
44444334345543333335544565555554455556655555567777787765445544333334568434886776545665544446534323231112223544433333334433322223332345433223333344455434555554322444433333333333333333444444444444444444
34544433333343343344664576566677655665665555567888765444443444332234347844786555566776554555543454322111223444333442234433332233332245654223323455552443355676544444433333333333333344444444444444444444
54454444334545556445666665445545667775677655655789974344333334432234434555674544456565444455554356322222223333333344333543333223432245567744322235553233344566544443443333333443333344444444444444444444
66445446434687666655656655555544334676565456666556665444434555543233433544687444333455454345444345422222223323333344433443333323443235555774333334544435433564443223554333334443333344444444444444444444
46545435533456556555665653555544444579855556655554554554444677655334333564687344322357655334443544432221112212332223333453333332334444554565433334543344753453355325544433333443333344444444444444444444
45544544344443345556655554455554444469984565545456565334454456555543335565586223334557754544666884322222111211233222232354333332224555434543432343453333564443454336633433334443333344444444444444444444
55544565545543234556765655655555444568876555457887645544444444544332345555455223335666543556888786333322212221244432222455333333223455544542232344455333355543343246622233334444333344444444444444444444
45544576666655544466786676665665567677656654556776433454334433333333355436654333344577643377888644432322222443344443345676433322223344555553332244456433345543333355422223333444333444444444444444444444
44566557678765567555678656766555557776545656664333334444334443334543454335654455444577443357778853333222223344344445555567533233223344445554663243345655345543234465322333433444333444444444444444444444
45577766667875345665556665776545556777545555654432335544434444333345454333444676555455433346665674347632222444333333576446643344334334444554465243134468744443223566321122343344344444444444444444444444
