88888888888999887778776777568998999853322222222222455544344442111113332233344454553356666678777776556666655556555555665566666666666666665566666555555554444556666666776666665555666556665565555566666666
88888888888998877777766667657998899853322222222223444433233431111112431233454443543345555678777766666665555666655555555556666666666666666666666555555455444455555666665566665556666666655566666667766676
88888888888888777777667767656998789842232222222223444432122321111112321233454433443244445577666666676665566666666654555455555666666666666666666566655565444455566666666666555566566665666666666677667765
89998888888887766776677766644898778851232222211234444431111111111112321233444424443244445576666666676656666666666543455445556666666666666666666666666665556665666666666655555566666656666556556666565555
99998888887887766676567765543588666751233222211345433211111111111112311233434323442233334566666666666666556655655423444455456666666666666666666666666656666665666666655555555566655555555666666665555566
99888888877777666666678874443387666762233222211455311111111111111111211222323223442133334565555656666776666666666434444444444445566666666666566666666666666666666666555555555555555555555666666665555566
99888888887777666665677763333377666662123222211343111111111111111111211122222122342132234555555556667776666666665554455543322334556655566665666666666666666566666666666666666666665556655556666666655666
99888888877766666555666764223367655552123222211221111111111111122111111112122122332122223445545555666776776666666666676643333344566655555556666665566666555555666666676666666666656666555555666666666666
98888888887776666554666664224466554452122222211211222221111111222111111111121112231121223344545555556777877666666666676655555566766555555566665555555555544445566666666666556666666566655555566665666655
88898999988876665566665653224556544442232222211111222222111222221111111111111111221122222334444445556777666666655555666666666666666666766666555555555555544456666656666665666666666666655555566666666666
77777888988876654456665543223444444432232222112111222222222222222112111111111011111121112234334445567776666666555556666566666666667777766665555666666666555667666666666656677666666666666666566776666667
56555667788765544444555443323433333332222222122111222222223223322222221111111111111121112234233446666666666555556666666666666666666666665555556666666666666666666666666566766666666666666655667776666777
55554445678765543333444433322333233322222222222111222233333233322233222111211111111111111233233356656666665555566666655666655555666555555666666666666666666666666665555666666556666666666655678877666666
66665555556765543333333333222332222222222222221111222233333333333333232222222211111111111232222355555666666556666666556666555555665555566666666666666666666666666655556666655566666666666666678776666666
66566555445543343333333332222222222221222222221111122223333333333333333323333211111111111221222355445666666665555666555555555555665555566666666666666666666666666666666666666666666666666666676666677766
66667666535432333333333332222222222211222222111111122223333333333333333333333222232111111221222453445555665555456765555655555555666665566666666665555566665666656556666667766666666666667666667766776666
77766666544322223333333332222222222211222221111111222223333333333333333334343332332111112221122443345545566444457766666666665556555556666666665565655665566555555556666666665567778776666777777666666666
77777665543322222223333332222222122111222221111111222223333333333333333344443333432222212222223433344445555555566656666666666665556655566666655556665555665555555666666776666667667665677777776666666667
77776655543222222222333332222211122111222211111112222222333333333333333344444333433223212222223333333334466665543456666666666655666665555666666666654455555555556666667777777777555667787767777666666677
66666656544222222222333332222211122111222111111112222223333333333333333334444334433232122232233333322333466654433455556665666566666665566666676655545555556666666766677788766678777777776677887777777777
44455556543222222222233332222221221112211111111112223323332333333333333333443344433332222332233332222333565555544554455555555566655666666555555445566665566666667887778787777889877777666677777888877778
22233435543322222222223332222222221122112321111112233333333333333333333333444344433332234322333322222323555666556555454455554566666666666556555556666666665666678888788888888887777766667777777888889999
11222234543322222222233332222222221121124553111112333333323333333333333333344344444432344333333322212223455566665565543455555677765566666666666667776677666766678888888887777776666777677777777788889999
11112223343322222222223332222222222221243443222122222333333333333333333333344444444433444334343322112123444566656655433345556677666666666666677777888877767886678999887787777776667777778777777788889999
11111122333222222222223333222222222211353233332222222333333333333333333333334334444443444444443322112123434555666655444555666676666666666666788888776655668998789998777787776666677888788888888888999999
11111111233222222222223333222222222111442223443222222223333333333333333333334333344334444444433222111233335544566655554556667766666666666778888767754556889997899987677777766766777788888898888888999999
11111111122222222222223333222222222102422222344222222222333333333333333333334333334444434444443222112232245334556666666677777777777777778877754578977888999998888877767777777888777788999999999999999999
11101110122222222222222333322222221103322223234322222222233333333333333333333333333433443444444332222222343223467777777776666676667767776668744789998899999988888887666788778888777788899999999999999888
11111111111222222222222222322222221113212222224322222222233333333333333333333333333333343444444333223322331122346777666544444444344334677899757899987888888887788876677887777877778888999999999999999888
11111111112222222222222222222222221113212222223322222222333333333333333333333333333343344444444344223323322222234665444334344333344457888998788888877888887777777776678888777888888888899999999998888888
23322333333222222222222222222222221113222222223322222222223333333333333333333333333343344444444334333333222222223332243233344553467677899998888877777777777777788887888899887788888888899999999998777788
33333333333222223332222222222222221113221211223222222222333333333333333333333333333333344444444334334333333322222332243333455565688788888888777777777777777777889988999998777778988889999999999988777888
33332333333222333333222222222222212212322111234222222222333333333333333333333333333333334444444433444433433443333343344333554555798877788777777777766667766667899999999987777778888888999888898888877888
22223333222233333222222222222221122222332212223222222222233333333333333333333333333333333334444444444444444444334444455323444445777777777777777777776666676678888888888887777788888888899888888888888888
22222322222223322222222222222221122221233212222222222222233333333333333333333333333333333333444444444444444543444444455433344445566667777677777777766666777789887887777776777888888888888778888888888888
22222222211222222222222222222211222222223321222222222222233233333333332333333333333333333333444444444444444543444444454443333334555566776667777766667777888999997877777777788888888888777788888888888777
22122222222222222222222222222211222122222321222222222222233233333333332333333333333333333333443344344444444444444444444444322223344456666667767767777767899999998778887777887788898888888888888888787776
22222222222221222222222222222112222112222221222222222222222223333223333333333333333333333333333344344444444444444444444444432222233565566777767778777766789999888677888777777778888888888888888777777777
22222222222222222222222222211222222211122222222222222222222223333223333333333333333333333333333333444444444444444444444444432222223556567777666777667765678888777667788877777788888888888888888777777777
12222222222222222222222222212222222221112222222222222222222223333222332233333333333333333333333334444434444444444444444444443221123445567777767887677666677887656666778888888888888887788887777777777777
12222222222222222222222222212222222222112222222222222222222223332222332233333333333333333333333333444334444444444444444444444321122344566777778998777677766777655677788888888888888777778777777777777776
12222222222222222222222222122222222222112222211222222222222222322222333223333333333333333333333333444444444444434444444444444321112334456666778899767667765676556678899888888888777777777877777766667766
22222222222222222222222222233222222222112222211122222222222222322223333233333333333333333333333334444443444444433444444444444321111233455567777899866666665566677889999988888777777777777777777776667766
22222222222222222222223322233222112222112222111122222222222222222223332233332333333333333333333333334343444444444444444444444432221223444556777888766665655567788999999988888776676677777776666777667776
22222222222222222222233211122222112222112221111122222222222222222222222223332333333333333333333333333333444433444444444443344433222223444445555667765555455567889999999988777766666676777777667776667776
22222222222222222222332221111222112221112221111122222222222222222222223323322233333333333333333333333333444433443434444444444443222223344444544556665444445677889988889998777776666666677777777666666676
22222222222222222222322222111222122221112221111122222222222222222222222322322233333333333333333333334333344443334434444444444443222222234444444455654444456777888888888887776677666767666677777666666667
22222222222222222223322222211122222222122221111111222222222222222222223322222233333333333333333333334433344443334333344444444444322112234444444445554433456777777777788777776677666766666677666666666666
22222222222222222233332222221122222222222221111111111222222222222222222222222233333333333333333333333433344443333333344444444444332112333444445555544333456777667766667766666677666666677776666676666666
22222222222222222233322222222122222221222221111111111222222222222222222222222233333333333333333333333433333433333333333344444444332112334444444444444433455666666666666776655667766656666766666666666666
22222212222222222233321222222222222221222221111111111222222222222222222222222233333333333333333333333333333433333333333333444444322112334444444444444433445555555666656676566566766666666666666666666666
22222222222222222233321122222232222221122221111111111122222222222222222222222222333333333333333333333333333333333333333333333344332212334444444444444333344445555566666665556656666666666666666666666666
22222222322332222223321112222232222222112211111111111122222222222222222222222232222333333333333333333333333333333333333333333333332212234444444444444333344444555555666666556655556666666666666666666666
22222233433332222222221112222222222221112211111111111112222222222222222222222222222333333333333333333333333333333333333333333333332222233444444444444333344444444555666666666666666666666667666666666666
22333335543332222222211122222222222221222211111111111111222222222222222222222222322333333333333333333333333333333333333333333333332211234444444444333333334444444444555566666666656666667677666666667666
33333346543332222222111232222222222221222221111111111111222222222222222222222222332233333333333333333333333333333333333333333333333211233444444444443333333444444444455555555666666666666666666666666666
43332246543332222111111343222233222222222221111111111111222222222222222222222222233343333333333333333333333333333333333333333333333211223344444433333333333334444444455554445566678776666666666666766665
33322246543222211111111332222333222222222221111111111111122222222222222222222222233333333333333333333333333333333333333333333333333211233333333333333333333333334444445554445556667777666666556666667765
22222236433222111111111222222333222222222222121111111111111222222222222222222222232333333333333333333333333333333333333333333333333211233333333333333333333333344444444555555566666666777666666776666776
22222224433222111111111222223332222112222222121111111111111122222222222222222222232233333333333333333333333333333333333333333333333211233333333333333333333333333444444444445555566677777666667777655677
22222113432211111111112432223332222111112221122111111111111122222222222222222222222233333333333333333333333333333333333333333333333311233333333333333333333333333334444444444455556677666666667777665556
11221112432111111111112322233332222111112211121111111111111122222222222222222222222333333333333333333333333333333333333333333333333321233333333333333333333333333333444444444445556666666666777766666555
11111111232111111111112222233332222111112211111111112111111122222222222222222222223333333333333333333333333333333333333333333333333321123333333333333333333333333333444444444444556666666666677765565555
11111111122211111111112222333332222111222221111111112111111122222222222222222222223333333333333333333333333333333333333333333333333331123333333333333333333333333333333344444444555666566666666665555544
11111111112211111111112232333332222222222221111111112211111112222222222222222222222333333333333333333333333333333333333333333333333332123333333333333333333333333333333334444444455555555555666655555444
11111111111111111111112233333332222221112211111111222221111111222222222222222222222233333333333333333333333333333333333333333333333332123333333333333333333333333333333333344444444555445556666544444444
11111111111111111111122233443322222211111211122111222222221111222222222222222222222223333333333333333333333333333333333333333333333333223333333333333333333333333333333333344444444454445555555544444444
11111111111111111111122333444432222111111211121111222222222211222222222222222222222223333333333333333333333333333333333333333333333333212333333333333333333333333333333333334443444444445555545544444333
11111111111111111112222334455552112211111221111111222222222222222222222222222222222222233333333333333333333333333333333333333333333333212333333333333333333333333333333333334443444344445555544444444333
11111111111111111122222334444454211221111222111111222222222222222222222222222222222222223333333333333333333333333333333333333333333333212333333333333333333333333333333333333344443334444554444444444433
11111111111111111122223344454555421222211232111111222222222222222222222222222222222222222233333333333333333333333333333333333333333333212333333433333333333333333333333333333334433333344444445544433333
11111111111111111223322234556555542222211221111112222222222222222222222222222222222222222233333333333333333333333333333333333333333333322333333333333333333333333333333333333333333333333344445444443333
11111111111111112344333323456655565222222221111112222222222222222222222222222222222222222233333333333333333333333333333333333333333333322233333333333333333333333333333333333333333333333333444433433333
11111111111111122333323342355555666321222221111222222222111112222222222222222222222222222233333333333333333333333333333333333333333333332233333333333333333333333333333333333333333333333333333333333333
11111111111111122333444443465666666321222221111222222222111112222222222222222222222222222233333333333333333333333333333333333333333333332233333333333333333333333333333333333333333333333333333333333333
11111111111111223333444443444455555322222221111112222222211111222222222222222222222222222222333333333333333333333333333333333333333333332233333333333333333333333333333333333333333333333333333333333333
11111111112223333222222223445555555422222221112221222212212212222222222222222222222222222222333333333333333333333333333333333333333333332233333333333333333333333333333333333333333333333333333333333333
22221122223344443222222223555555444422222222112222222211222222222222222222222222222222222222333333333333333333333333333333333333333333332233333333333333333333333333333333333333333333333333333333333333
22322222223444332222222234555555555522222222212222222211122222122222222222222222222222222222323333333333333333333333333333333333333333332233333333333333333333333333333333333333333333333333333333233333
33211222112343222222222355556666666622222222322222222211112222112222222222222222222222232222222333333333333333333333333333333333333333332233333333333333333333333333333333333333333333333333333333223333
21111111101122222221234455556666665521222212532222112111112211111222222222222222222222232222223223333333333333333333333333333333333333332233333333333333333333322223333333333333333333333333333333323333
11111111111122222212355555566666655531122222443222111111112211111222222222222222222222222222222222333333333333333333333333333333333333332233333333333333333222222223333333333333333333333333333333333333
11123211122222222224556555666666666541112111244222111112211211111122222222222222222222222222222332333333333333333333333333333333333333332233333333333333332222222222333333333333333333333333333333333333
21355543321122223555555555565555666662221111124322111112222211111122222222222222222222222222223332333333333333333333333333333333333333332233333333333333222222222222233333233333332233233332233333333222
42444445423333355555545655555566666663221111113543212222222222222222222222222222222222222222223333333333333333333333333333333333333333332233333333333333222222222222233333333333333333333332223333333222
42344455544454344444566666555555666653221111113555322222222222222222222222222222222222222222223333333333333333333333333333333333333333332233333333333332222222222222333333333333333333333332222233333222
43344445555454355555555555444566665564222111122455542222222222222222222222222222222222222222223333333333333333333333333333333333333333332233333333333322222222222222223333322332333333333332222233333322
43355555555443455556655555556666665553221111112455553222222222222222222222222222222222222222223333333333333333333333333333333333333333332233333333333322222222222222222333222222233323333333222233333222
44344555544555555555555555555665655554221012222466555442222222222222222222222222222222222222222233333333333333333333333333333333333333332233333333333222222222222222222222222222222222233333222233333222
65434555555555555554445555445665556654221112222445556663222222222222222222222222222222222222222233333333333333333333333333333333333333332233333333333222222222222222222222222222222222233333322223333222
55444555544444455545566665555555555554221112322444556555322111222222222222222222222222222222223333333333333333333333333333333332333333332233333333333222222222222222222222222222222222222333222222222222
54555555444444455555555566555445555555221111332345555545532211122222222222222222222222222222222333333333333333333333333333333332333333333333333333333222222222222222222222222222222222222333222222222222
44555554445455566556555544444455555555322121232234555555544322222222222222222222222222222222222333333333333333333333333333333333333333332233333333333222222222222222222222222222222222222233222222222222
55445555554444555665543333444445665555321133223224556665556642222222222222222222222222222222222333333333333333333333333333333333333333332233333333332222222222222222222222222222222222222223222222222223
54444554444444555544433223455667665456411123223223555555555665222222222222222222222222222222222233333333333333333333333333333333333333332223333333333222222222222222222222222222222222222223222222222233
54555444445445666554333455566666554556421232423324554455555556532222112222222222222222222222222233333333333333333333333333333333333333332223333333333322222222222222222222222222222222222223222332222333
55555554555555555555555555566555555555421253432224544555555556663222211222222222222222222222223233333333333333333333333333333333333333332223333333333322222222222222222222222222222222222333333333222333
55555555455665556555444444556665555555521143352224544444443444577422221122222222222222222222233333333333333333333333333333333333333333321123333333333322222222222222222222222222222222222333333333333333
55555556666655555554444455566555445555532144243124544455555554457843222221222222222222222222223333333333333333333333333333333333333333321123333333333222222222222222222222222222222222222333333333333344
55555665565554455555555555554444455556632135334124566666655555556985222222223222222222222222222233333333333333333333333333333333333333321122223333333322222222222222222222222222222233222233333333334455
55555444455555566555555565544445555555542224434224666665544545556999533222223222222222222222222233333333333333333333333333333333333333222122223333333322222222222222222222222222222233332233333333445555
44333444455555455555555565554455444444442223434424555555555555556899964322222222222222222222222223333333333333333333333333333333333333222122223333333322222222222222222222222333333333333333333344455555
43334455554444566555444444444554444444553223454324555544455555666899997432222222222222222222222223333333333333333333333333333333333333222222223333333322322222222222222222222333333333333333334444554444
43444444444444555555555555555554444555565224565434444555555556777899989853322222222222222222222223333333333333333333333333333333333333221222223333333322222222222222222222333333333333333334444445544455
44433445555443344455555554454444445566665224555434445556665667777799988985432222222222222222222223333333333333333333333333333333333333221222233333333322322222222222222222333333333333333344444566656676
44444455554433333444444444445554445666665323556534445555555556666789998787543332223222222222222222333333333333333333333333333333333333221222223333333332333222222222222223333333333344444444455666666666
44455555544444334444444444455433455555555422455434555555665555566689998778743333333333222222222222333333333333333333333333333333333333222222233333333333332332223333333333333333333444444445545555555665
44455554444444445555555555555555444334455522245445555555555554444469999876774333333333333222222222333333333333333333333333333333333333222222233333333332332333333333333333333334444444445554445566555655
44444444444444445555555545566655443444455432233345544555555554455568999876678533333333333333222222233333333333333333333333333333332333222222233333333333333333333333333333344444444444455655555666666654
44444445555555445555554444455555444555554432222345544555666655665567999987656864333333333333322222233333333333333333333333333333333333222222233333333333333333333333333334444444444555556654555566665555
43444445665555555554444444445555556555444443222223444556666666666666899988754586333333333333332222233333333333333333333333333333333332222222233333333333333333333344444444444445555555666654445566555455
44443334455666655444444455555545556555555554222222233455555555455555689998877556533333333333333332333333333333333333333333333333333322222222233333333333444333333444444444555555555556665555456665544456
