55555555555555555555555555555555555555557999999855443221111125556655567788877789976566555544566666666666666666656556665556666666666666666665556666665555556555555656666556656666665665676666566665666656
55554455555655555555555554555555555555558999999864443211110014556665567778888999965565544444556666666666666656665566655555665666665555567655666555655555555555555555655665556666665665665555565555666666
55554455555655555555555555555556555555568999999964433222111002555666567679989999865555444334455566655556666656665666656655666666765556666566666555566555654555556655555655556666666665655555665555665566
55555554555555555555555555555555555555557999999865434432222111355666566679999999755554444334445566655555566666665556656555566556555566656666665555565555556665556655555665555667776565665555665555666666
55455555555555555555555555556555555555556999999865455554443211245666666578999997555544443234445556666555566666666556556665556554456556556556565555555566656666566655565666655555565566655555565556665655
45555555544454545555544454456555555555556999999865677766543333346776776689999986444543332223444555665545556666666565566565555554456555555555554445555555665566655666655555655555556655555555565555665555
45555455544444444555544455455555555555556899999988888887655677777776886689999975434543332223444445555444445567776665666565556655556555545554544444455555555555555555554545555565556555655555455555655555
55555555545554554555555555555554554555555799999988888888887888888766886689999865334432221123434445554433334567666566655655556655566445445544344444444444445555555555665555555555555555665554455555655555
55555556655555555555555556555555555455556689998877777677777778887655887799999754223322211123333445544433334456666665555655555555554444554333345544445554445565565655666556666555555655665544555555566555
55555566654555544555555555555555556555567788877777777777777777777655798899999743222211111123333445443322333455556655555665555555544545554454455554455554445555656656555566655565555555556555556565675665
66556666555445555555554555555555555556678887777777777778777667666665699889987642222111111112223344443222223345556556555665554654455555444454555544555455555544555556566665666655555556556665567655665655
65566766545455554444444555455554555667788777777777777777777666666665589877886532222111111112222334432222223345566566555655555555455555544444444444555456555544455656665555556545555555555665567765666665
66676665554555554445555554555555555778767777777777777777766556556655458876676332221111111111112234432222222345555676545556555555455665544544444555555565555555555555555555555555555555455555455555555655
67666666654544555555555565665555556777767777777777776666665555556655325665555332111111111111111123321111112345666676555555555565555555555555555555555665545555555555555555445565555555555555555555555555
66566655544445555555555565555555667877777777777777766666665555555653324665554222211111111111111122311111112345666766655566655655556665655555555556655554545555555555555555555455445555555555555555555566
55556555544455555555555555555566788877777777777777666666665555445553223555443222221122211111111111111111112345666766665566555655666665655555555655555554555555554455555555555455455555555555555655555566
44455555555555555554455555667787778887777777777777667766665554444443223443433222222222222211111111111111112245556665555555555555565666555565555555555565555565555555555654555455555555555555555655556666
43445554455554444455555567889888888887777777777777667776666655444443222343332222222222222222222221111111111234545665555545555555565555565565555555555565565555555555555555555555555555566555556655666544
43344554444434443345445678888888888877777777778887777777776665444443222233332222223333323332233222211111111234445665555555555555665655555556555555555555665555555555555555555555554555566656666655555455
44444544443333443444455678888888887777777777888888777777777654434433222222222222222333333333333322221111111233345555565555556556765765555565555556555555555556555566565555555555555555576665555555555666
44434434444333444444455678888888877777777888888877665566677664333332222222222222222333333333333333322211122233344445665565555567655555555655555555544455446556555556555555656555555555666656665555566666
33334334443334444444556788888887777777788888888776555544445555433332222222222222222233333333333333332221222233334444566555555565554455555555555555544554445555565555555555556666666655556656665555566666
22233354433344455554567888888887777777888888877766555655443443333333222222222222122223333333333333433322222333333334555456556566554555666555566555545554555445565555565555456676666666666656665555566666
33444444333444555544578988888877888877888887777776665565554433233333222221211221122223333333333333433322333333222224555555555565555455665555556655445555565555665555557655566455566666666665556666666666
55555544444554445544579988888777887777888877877887666555444332222333221111112221122222333333333333443333333333221223444456555565555565665555455555555555565455566655667766667656666666676665556666777766
65555555455554454445458988887788877777777778888888666665433322222333222111122221122222223333333333343333333333211123444455555655555554555655555554555555565555567776777777777766666556666666666677777777
54454444555544565555458988877788777777764678889998755565543322222233222111123321122222223333333333333333333443211123334444455655555544555555555555556666665567667888877777776666666666666777777788877778
44555445555545665655578988777777777777777678889998755445443322222233222222124432222223322223333333333334433443211222234334555555555555555555555566777766655678878898777766665566666666666677788899877777
45664334444444556656688887777777777777788887767776544434433322222223322222124323222222222332332233333333333344322222233234456555566555566666555677666776567789878887666666555566666676666667788888888767
66554444333344456667788877787776666677789875443344333322233332222223322222123223322222222332222233333333333334432232232223456566565555555555666668546898778899878776666666666666677777776677788888877777
76555444444444555667888777777665555656788853211111222222223332222222322222112222222222222333322233333333333333443333222222355555444444443443577888668888777788777776556666677766677898887787898877766777
55555444455645555667777777776665556664688742122100011122222322122222332221112222222222222233323233333333333333444433333332234434444455555766789888777777677777766666566766676666777889988898888887766766
55554455555545555676666666666554567777677642344310000111112222122222222221112112222222222223333233332333333333344444433443323334443445456898788777766666666666667787667777666666777788889998777777777777
55544445455445666666556655555545666667777755444431100111111122222222222221112211122222222223332223333333333333333344444444333444443233334677777766666666666666667888778887666777777788888887777666678777
54444444555445666665555555555445666666656655544432210001111122222222222221112211122222222222222232333333333333333333444444433444444332223455566666666666666666677778778876666777778888888887656667777788
44444444555555665555444555444445667665545544444433221121222222222222222211111321122222222222222223233333333333333333443444443444444443222334455555666666666677778767766766666776777887777776656777777777
44444444567777766654444444334555666654444334444333222222222222222222222211221232122222222222222222233333333333333333343344443344444444322233444455655556666678899866765665667776666777667666667777777666
45554555677777766665433433334555555444444344443322211222222222222222222112211123222222222222222222233323333333333333343344444334444333322223444556555566666667888875676666777777766666666667777777776666
55665566666666766555444443444555554443443333333322211122222222222222222112211112222222222222222222222232333333333333333334443333333444431123444555555566666545677665567666666677776667777777777666666665
55666788766556666545654444445555444433333322233222221112222112222222222112211111222222222222222222222222333333333333333333433333333444431112344555555666666644676555566666666677777777777777666656666555
55678999866555555544565544444444443333333322222222222112222211122222222122211111122222222222222222222222333333333333333333433333333344432111234555655677666654466545556777777777777667777776666666655545
66689999875554445554456554444444443333333222222222222222222222222222221222212211122222222222222222222222333333333333333333433333333333333211234455665577655554456656677777777777776666666666666666555544
78999999998666444444334554444443433233333222222222222222222222222222221221112211122222222222222222222222333333333333333333333333334433333221233444555566545544346677788877777766666666666666666665555554
89999999999766543344333344444433333222232222333322222222222222222222222221112211122222122222222222222222233333333333333333333333333334433321123344444445544433345677888987777666666666666666655555554444
99999999998755333333333334444333222222222233333332221122222222222222222222112211122221122222222222222222233333333333333333333333333333433321112333343345543333455677777888766665556666666666655555544444
99999999887655433333333333444322222222222233333222121122222222222222211222111111122211122222222222222222233332333333333333333333333333333331112333333344443333456677777787765555556666666566555555544444
99999999876665543333333333333222211222222333332221122222222222222223211122211111122211122222222222222222222232233333333333333333333333333332112333334444443333456566677776665555555666666665555555554445
99999999976655554332222333222222211122223333222221122222222222222222221112111111222111122222222222222222222222333333333333333333333333333332123333334433333333455556666665555455555565555665555455555555
99999999877654555432222233222222222222233333221111222222222222222222222111111111222111122222222222222222222232233333333333333333333333333332123333344433333333345556666566554455555556555555555545555554
99999999876544455432222223322222211222233322111111222212221121122232222212111111221111111222222222222222222222222333333333333333333333333332113333343333333333344455666555555455555455555555655555554444
99998899876543445433222222222211111211122221111111122111111122222233222222212111221111111122222222222222222222222223333333322333333333333332112333333333333333333444555555555545555555555555555555555544
99987788776433344443222222222221221111112211111111122111111122222233222222212211111111111112222222222222222222222333333233222333333333333332112333333333333333333344445555555554555555555555555555555455
88887667765333344443322222222222211111111111111111111111112222222233222222212211121111111112222222222222222222223333222232222333333333333332112333333333333333333334444444545555555555566556655554444444
77765456764333333443322222122222111111111111111111111111222223222222212222112211121111111111222222222222222222223333232223222333333333333332112333333333333333333333433444444556555545566555555554444444
54433223675333333333322222224532111111111111111111112222223333322222112222111111221111111111222222222222222222222223222223323333333333333333112333333333333333333333333444343455666555566555555555544544
32111110376333333333332222245653211111111111111111222222333433222111123221111111221111111111112222222222222222222332222223333332333333333333212333333333333333333333333444444445555555555555565554554444
10001100167433333333332122345653222111111111111222222333333333222122223211111111221111111111122222222222222222222232222223322332233333333333212333333333333333333333333333344444555556655556555664444344
00000000157532333333333212234543232211111111222222223333223332221112222210111111121111111111122122222222222223222222222223322332223333333333212333333333333333333333333333333444456655555666665566544444
00000000256532233333333211223543222222211222222223333332223322221111122210111111121111111111111112222222222223222222222233322333223333333333212333333333333333333333333333333344445555555666665445554344
00000001355422233333333321123442111122221222222333333222223322111111123210011111121111111111111112222222222222222222222222322333223333333333322333333333333333333333333333333344545555555666555544544445
00000012455322333333333321123442222211211222233333333222112321111111112211111111221111111111111222222222222222222222222222222332333333333333322333333333333333333333333333333334454444555566544444443345
10011234454322333333333322123442222221222222222222222111111232111111112111111111221111111111111222222222222222222222222222222233333333333333321333333333333333333333323333333334444444445555444433333333
22233344443222333333333322222332111111233321222222221111111122111111111111111111211111111111111222222222222222222222222222222223333333333333321333333333333333333323322333333333344434444554434433333333
33333443332222333333333332212222111011123221111111111111111112211111111111111111111111111111111222222222222222222222222222222223333333333333321233333333333333333333222233333333334444444444443333322332
33333333222222333333333332222222111011122211111111111111111111121112122111111111111111111111111222222222222222222222222222222223333333333333321233333333333333333333222233333333333334444443344332222222
33333322222333333333333332222222211011112211111111111111111111111122222111111111211111111111111112222222222222222222222222222223333333333333322233333333333333333333332222233333333333444443334432222222
33222222222233333333333333222222221112211111100111111111111111111222222111111112221111111111111122222222222222222222222222222223333333333333322233333333333333333332222222223333333333333344333333222222
12111122222223333333333333222222221112111111001111111111111111111222222111112222221111111111111222222222222222222222222222222222333333333333322233333333333333332222222222222333333333333333333333222222
12222222222223333333333333222211222111111111100111111111111111112233222111111222111111111111111112222222222222222222222222222222233333333333322233333333332223222222222222222333333233332333333233222332
22222222222222222222333333322211112111111111111111111111111111112233332211111122111111111111111112222222222222222222222222222222233333333333322233333333222222222222222222222333333322322223332222222333
12222222222222222222233333321122221111111111111111111111111111112233112111111122111111111111111112222222222222222222222222222222333333333333322333333332222222222222222222222232232232222222222222222333
22222222222222222222223333332112222111111111111111111111111111122234211111112222211111111111111122222222222222222222222222222223333333333333322233333322222222222222222222222222222222222222222222222222
11122222222222111111122333332112222111111111111111111111111111222222222111112222211111111111111122222222222222222222222222222223333333333333322233333322222222222222222222222222222222222222222222222222
11112211222111000000012233332111221111111111111111111111111112332222222111112222221111111111111111222222222222222222222222222233333333333233322223222222222222222222222222222222222222222222222222222222
11122233321100000000001233332112221111111111111111111111112233432222223211111222221111111111111111222222222222222222222222222223333333322233322222222222222222222222222222222222222222222222222222222222
21123444421100000000001233333212222111111111111111111111234443321112235531111122221111111111111112122222222222222222222222222222233333222223222222222222222222222222222222222222222222222222222222222222
22334554320000000000011233433212222111111111111122111123455432211124445443211111221111111111111111222222222222222222222222222233333332222222222222222222222222222222222222222222222222222222222222222222
33445455310000000000111233433222222211111111112222233335544321111245555445311111211111111111111111222222222222222222222222222233333332222222222222222222222222222222222222222222222222222222222222222222
34455444321100000000111234433222222211111111222221123334432111123555555555531111111111111111111111222222222222222222222222222232333332222222222222222222222222222222222222222222222222222222222222222222
45555555531000100001111234433212222211111112222211101111221112245655655444442111111111111111111111111112222222222222222222222233333333222222222222222222222222222222222222222222222222222222222222222222
46545554310000011011111234332212222211111122222111222111112233455655665544442111121112111111111112111112222222222222222222222333333333322222222222222222222222222222222222222222222222222222222222222222
34554432110000111111111233332112222211112222221112222111223455544555555554432111121112212111111111111112222222222222222222222233333333222222222222222212211222222222222222222222222222222222222222222222
34544322211011111111011233332112222211222222211224423333443454433555434445432122121111122111111111111111222222222222222222222233333333222222222222222211111222222222222222222222222222222222222222222222
45553223211111111111011233332112222211222222234433444444543444444433344335432222222211111111111111121111122222222222222222222223333332222222222222222211112222222222222222222222222222222222222222222222
45543344211111111111011223332112222222222223555533455544433554433433444344432122243211111111111111121111122222222222222222222223333222222221222223322222221222222222222222222222222222222222222222222223
55444454311111110010111223332112222222223345655543445555434444334554454545422223234321111111112222221111122222222222222222222233232222222221222223322222222222222222222222222222222222222222222222222234
55446655321111000011111223332112222222344557655543345554443334344543555444422223224542221111112222221111122222222222222222222233222222222221222223222222211111222222221122222222222222222222222222222344
45545665531110000111112222222112222234554556545543355554554445455445544445422223324554222111111122221111122222222222222222222223222222222221222233222222111111112222221122222222222222222222222222233344
44555555432110011111222322221112112345555555444343466644554454454455543555322223334456532211111112221111122222222222222222222222222222222211222222222222221111111222212222222222222222222222222333334554
44445544322111111112223333321112233445555445554355465534544444346565555555322322235556664322111112221111122222222222222222222223222222222212222222222222222111111111211222222222222222222222223333344554
43344433211111122222234444442233454355444555555554556555545555455655445554323322344566556532211111221111122222222222222222222223222222222212222222222222221111111111111222222222222222222222333333444444
54322221111111222222234455554444454455554445555544546667665555555655455653323322345565435642222212222111122222222222222222222222222222222222222222222222222111111111112222222222222222222233333334554444
56543222111111122222455555555555444555665466455555445557555555555656665554223322345555445554222222222111122222222222222222222222222222222222222222222222222111111111212222222222222222233333333434455444
56544444321111111223565554665555555445666555554444343344444455555665666554222332355555555555432222222211122222222222222222222222222222222222222222222222222221222222222222222222222233333333344433333444
55444444553211122344555544554444445456666534443334345434555556655765556554222223455555545644553222222211122222222222222222222222222222222222222222222222222222222222222222222223333333333334444333332333
54454444555433333453544443454555445555555544444444455555555666655655455554223333455555545654455432222211122222222222222222222332222222222222222222222222222222222222222222222333333333333444433333333233
44445444555444544454544343443454445554454444444454454555444555545554455555323345555654444544546654332222222222222222222222222222222222222222222222222222222222223322233333333333333333444444333333343333
45555455545444444455454443433444444554565544455445444555554444446545555455423455545544454334555555433322222222222222222222222222222222222222222222222222232233333333333333333333444444444433333333345434
34455665343333333454555554445444544544574454454344334455554444455445555455423445454454444446544456643332222222222222222222222222222222222222222222333333333333333333333333333444444444443333333333235455
44445543444444333455555555454345555445764454443344444444554444443455665674323455334545555555544555775433222222222222222222222222222222222222222233333333333333333333333333444444444444332233333333234565
55543335544554334555544555443444555556765555435455554455554533224555654464322344335545544455545543688654333222222222222222222222222222222222222233333333444444444334443344444444444433322333333333333465
54444346643554555554555556544434644555555435545544544445544444445545564456432223345544454454556545578865434432333222222222222222222222222222222233344444444444444434444344444444455433333333333333323454
55454566654555554554455555555344444444444434445444544544544445543443553345643223345444555445555447557987555653333322222222222222222222222222222333444444444444444434444444444444456633333333333333333334
46554556555564544555455544434333444544544455556555444554545544544534544334554333455445555555554566545898766565333332222222222222222222222222222333444444444443443344444444444454456753333333333333333334
46544445445555645664344443443334445655554555555554446666556555556544344445556644545454445555553444444688887667433333232222222222222222222222222344444444444444333334434444444454444674333333333333333334
45555455566556545652244444544443445556566656555565456676644556675454445545555555545555445554564433434667788899733333333322222222222222222222222344444444444443333333434444444444443477333333333333333344
45544444444544334533444454554344555444566655455556566666654556654444455455554555555554455545554534645545788999963333333332222222222222222222222344444444444443344444444454454455433358633333333333333345
35334544344433344434444443554355554345565555455555665576455556655543345545544555554554355545435556655454689999995333333333222222222222222222222344444444444444444444554543444455433358843333333333333334
44344554443333444534334433444355443455665544456555567875444655555555455434454544555555465554345565565455568999998433333333322222222222222222222344444444445654444444544553443544445447974333333333333333
63455565533334455433344544543345544545555655456554456765644555556555455444455544565564567644466544555455546999999733333333322222222222222222222344444444456775544434554554445644545435896333333333333333
64545555443454554444455555454466654545554545444664345454554455555654444554554545665555567534546544444444455799999953333333322222222222222222222334455544445666556434555555555555544424898433333332333333
44434544444555444435666555465566654555555544444564455454565556655544444655533445654446655334546445455444555689999984333333333222222222222222223344587544444557655444554445445444544435899644333333333333
