45555555566666665566666555555666666666677766666766666777777777777666679999986689999878986445544444555566654333444444566665555666666666666666666655555566666666666666666666677778887777777767777766566666
44444445556666655554555555566666666666666666666666566666666777777666679999986579999878996445554444455565543344444344566666666666666766655555555555667777666666666666777777777777766676666665666666667666
33344444566665555554555556666555555555666666666655555556666666666555579999986579999999996445544444455554444444443344566677777777777666666665555566666666666666666667777777666666667766555555555556666666
33334444556555555555555555555544455555666666666665566655555555555666668999986679999999986455544444445444555544343344566677777777777777766665566666666666666666666777777776666666777766555556655555566666
44444455555555555556666655555555555555666666666555667776555666666666668999998888999999996455544434444444554444443344566677776666677777766555556666666777777777778877777666666666677666655556666666666665
45555555555544455566666666666666666666666666666556666655556666666666678999998988999999997555443333444444444455433334555666666666777777666554555666667777766677777776666666666666666666666666666666666666
55555555555555666666777777666666666666666766666667666656666666666667889999999988999999997555433333444444445443322234555555566566777776666544455666788777766667777666666666666666677777777666666666666666
65556666555666766666666666666666666666666666776666666666666666667889999999999999999999997554333333334444444432223334555655665556666666666543445667777777777777777666777766666677777777777767777776666666
55566666556666666655555566666666666666666667766666655666666667889999999999999999999999997554333333334433454332233333456677777777776666655433445666677666666777776666666666666677776666666667788776666677
55555555555555655555555555556666555555555566666666655555667889999999999999999999999999997554333333334332333322222233456677777777666666655433444566676666677776666666666666666666666666666667777766666777
55555555555555655555555555555666655555555555555566666666789999999999999999999999999999996444333333333332122222222223455677777776666666665322444556666556777666666666676777766666666666666666677767777667
55554555555555555555555555666655666655556666555665566678999999999999999999999999999999996454433333333321111221222223456666666666667777765322444555665555666666667777777666655555666666666666777777777677
66655555555554445555556566655555655666556666666666678999999999999999999999999999999999985544333333332221112221222223456666666666777777764322334455665555555666677777766555555555555666665666666777777777
55555555555554444455555555555555665555566666666667899999999999999999999999999999999999985544433333332221111221211223456677777776777777653212333445665444555666666666666666666555555556666666677777777788
55555555555555555555566555555555666555666666666778899999999999999999999999999888999999985444433333332221111222211223555666777777776666543112333445665444555666555666666666665555666666666666777777777887
55566665555556566666666555666666666666666666667899899999999999999999999999999778999999975544433333332221111222211224455555655655555555532112223345554444556665555566666666666666666667666677777777777776
66666666665566666666665555555566566666666777788999999999999999999999999998998778999999975444433333332222112222211234455555555444444555421111222334554345556666556666666667777766667666667777777777766666
65677676655665555555555544555555555666788889999999999999999999999999999987788778999999975444333333332222111222211234455555555444444444321111122344554334455666666666666677776666677666667777777777666665
55565555666665555555555555555555555668999999999999999999999999999999999988766778999999975444333333322222111222212234555555555443333333211111112345543334455666666555556667776666666666677776666666666555
55556666666655554455566655556666555689999999999999999999999999999999999888877777999999974333333333322222111222212345555555554433233333211111112344443344456666665555556677777666666777776666666666665555
55555556666655545566776655677776556789999999999999999999999999999889998888887767999999964334433333322222112222222345555555555432223333111111112334433334455555555555566667777666666666666666666655555555
54445555555544455667776655555555667899999999999999999999999999999989988888876666899999964333443333332222112222223344555444444322112322111111112344432334455555555556666666677766666666656666655555555555
44555555444545555566666666555555678999999999999999999999999999999888876788876655689999975323444333332222112223334455554323332211112221111111111234322334455655555566666655566666666666666665556655544444
45555555445544445566677766655556799999999999999999999999999999999888876788876655579999976432344333332222112233344455542222222111111111111111111233322334556666555566665555555666777666666666666555444444
44555555444444455666676666556667999999999999999999999999999999998888776789976555478888876532344333332222112234445555421111221111111111111111111233222334555555545565555555555566777766666666665555555555
54444445544445556666666666556678999999999999999999999999999988888877667788875444468887777532334333332222112233445554322222211111111111111111111233212234455554444555555444555555677777766666665566665555
44444445555554445556666655556689999999999999999999999999999888777776667777764333457887677632233333332222122222233433222222211111111111111111111222112233444444334444444333444445566666666666666666655566
33333344556666666555556655556799999999999999999999999999999988777666567777765333456776566542233333332222222322222222222222211111122111111111111222112234444443333455544333444444455666666666665555555666
33332334455555544455666666668999999999999999999999999999999999988776667767764324456765545542233333332222222322222222222222211111222211111111111221112233333333334555543333444444445556666666555555555555
33222333444444444555555566789999999999999999988889999999999998877778877766654323456765545532233333322222223322222222233332221122222222221111111221111233333333234455433233455444445556677766555555555555
33222333444444555544455578999999999999999999877666789999999987666656777776544333445665544432333333322222222222111222233333222222222222222211111111111222333322234444432233444444445666667776655555555555
33222233334434444444567899999999999999999988766666667889998776555555666665544333344444444432333333322222322222211222223333333333332223222221111111111222222222234344432223444333344555556666655556666665
33222223333333344566789999999988999999998877766555566679997766544444555555444333343344444332233333322222322222211222223333333333333333322221111111111111222211233444432234444433344455556666666667877776
33222222333333456889999999998889999999988887777665545678987665444444445544443333333333333322233333322222222222222222223333333333333333322222222111111111111112233444332234443332333444455556555666777666
22222223333444688999999999988899999999888887777766655557887655543344444443333333333333333322233333322222222222222222222333333333333333322222322111111111111111223343322233332222333344445555555566777777
33333223334577899999999999888999888998898887777776655455655555443334444443333333333333333322233222222222222212222222222333333344444433333333332222111111111111112333321233322222333344445555555667888888
33333334455789999999999999999999998899999877777887766545543344333333444444333333333333333222223322222222222222222222223333333344444443333333333222211111111111112333211233322222333344445555666777888888
33333344556799999999999999999999988999999887767887776544433333333333344444333333333332332222223322222222222222222222223333333344444444444444433333222222111111111232211233221222233333445566666778888887
33333345578999999998899999999999999999999888888887766544333333333333334433333333333322222222222222222222222222222222233333333333344444444444433333322222221111111122111222211122222333445566666778888877
43333467899999999888889889999999999999988888888887766544333333333333333333333333332222222222222222222222222222222223333333333333333444444444444433333333322211111111111222111111222223345566667778888877
33346889888888888888889889999999999887776778888877665543333323333333334333333333332222222222222222222222222222222233333333333333333344444444444444334433333211111110111222111111222223345566777778888877
45678988878888777788888899999999987766655566777777666543323322222333333333333333332222222222222222222222222222222233333333333333333344444444444444444443333211211111111222111112222223345667766677788776
78888888888777777777778899999999975555322334455666666654322222222333333333333333333222222222222221122222222222222333333333333333333344444444444444444444432222222211111221111122221223345666666667787776
88888877787777777776778999999999853432111223333444566543322222222333333333333333333222222222222112333332222222222333333333333333333334444444444444444444433223232211111221111122211122345556666667777766
88887777877667777666788999999998532211111112223333355543332222233333333333333333333322222222221234566543222222222333333333333333333333333444444444444444433333333311111211111111111122345555556666776666
88877677776566666566889999999997656543111111122222335554333333333333333333333333333322222222222454455543322222223333333333333333333333333444444444444444443333333321111111111111111122445555555666666666
88766677655455666667898899999998877664211111111222234554333233323333333333333333333333333222224565434543332222223333333333333333333333333344444444444444444334443322222211111111111122345555555666666655
88766666544445566677888888889999877764211111111122223444333222223333333333444333333333333322235665333344433333333333333333333333333333333334444444444444444444443332222221111211111123455554455666666555
77766666554445666678888888789999888875321111111111223444333222222333333334444333333333333222245543333345554332223333333333333333333333333333443334444444444444443333333211111222111223455444455665555555
77766666655556667778888777789999888776432222111111112344333222223333333333444333333333332222345533333334565422223333333333333333333333333333433334444444444444444333333211112222222233444443455555545555
67776666666677777778777777788777887765533222111122111233332222223333333333333333333333332212345433333323456532223333333333333333333333333334333344444444444444444333332211122333222234444333555544445556
67777777676677887777777677776667887665543321111111111122222222233333333333333333333333332212444323333333346642233333333333333333333333333333333344444444444444444444432222233333222344443234544444444456
56788877777778877777776666666667777665554432222211111112222222333333333333333333333333332223443223333333345652233333333333333333333333333333333344444444444444444444433222344332223344432234443333333456
56778887777777777766766666666677776555554444333211222222333333333333333333333333333333332223443222333333344432333333333333333333333333333333333344444444444444444444433334443332333444322333332233333456
45677887777777777666665566666666665554444444333333444334333333333333333333333333333333332223333222233333333322333333333333333333333333333333333344444443444444444444433344443333333443333333222223323455
44567787767777777776665566655556655444433444443344444444433333333333333333333333333332332223333222222333344322333333333333333333333333333333333334443333344444444444444444444333443433333322222222223455
44456677777777777766665566554444554433333333333344444444333333333333333333333333333222222223333322222233454322333333333333333333333333333333333334443333334444444444444444444334444433332222112222223445
44445677777767777655555565443334444433333333333355433333333333333333333333333333333222222222343322222223564322333333333333333333333333333333333344433333433444444444444444444444444433322221112222233344
44444567777666666555554555433333444433333333332344333333333333333333333333333333333222223322344332222223443222233333333333333333333333333333333444333333433333444334444444444444444443322221122222333344
44444456666666554444444555433333333333333333332333333332223333333333333333333333332222233322234443322222232222333333333333333333333333333333333333333333333333444334444444444444444443322221122223333334
44444445565555444333333443333344333333333333322233333332222333333333333333333333332222333322223444322222222222333333333333333333333333333333333333333333433333444334444444444444444443333222222233332234
34444444444444333233333343333344443333333333222223333333223222233333333333333333322222333222322345432222222223333333333333333333333333333333333333333333333333443344444444444444444443333322222233322245
33444433334443322233333333334555544333333333222223333333333222223333333333333332222223332222322222222222222233333333333333333333333333333333333333433333333333443344444444444444444444443332223333222355
33344333333333322223333333345555555543333333222223333333333322233333333333323322222333332222222222222222223333333333333333333333333333333333333333433333333333333333444444444454444444444433333332222344
33333333333333222222333334455555565543333332222223333333333333333333333332222222223333322222222222222222223333333333333333333333333333333333333333443333333333333333444444444554444444444433333332223433
33333333333332222222333334466554444333333222222233333333333333333333333222222222233333322222222222222222222233333333333333333333333333333333333333343333333333333334444444444544444444444433333332233332
33333332222332222222223344566544333332222222222233333333333333333333332222222222333232333322222222222222222233333333333333333333333333333333333333344333333333333334444444444444444434444433444333333333
33333333222222222222223345665433322222222222222233333333333333333333322222222222332222233332222222222222222233333333333333333333333333333333333333334333333333333333444444444444444434444444444433333333
33233333222222222222223356554322222222222222222233323333333333333322222222222233333222333332222222222222222233322333333333333333333333333333333333333333333333333333344444444444444433444444444443334443
33233333322222222222222344433222222222222222222222222333333333332222222333333344333222233332222322222222222233322333333333333333333333333333333333333333333333333333334444444444444443444444444444444444
33233233322222222222222233322222222222222222222222222223333333322222223443222333333322233322223322211222222233222333333333333333333333333333333333333333333333333333344444444444444444444444444444444444
33222344432222222222222222222222222222222222222222222222333222222222244422222222333322233222222222211112222222222333333333333333333333333333333333333333333333333333444444444444444444444444444444444445
33223356632222222222222222222222222222222222222222222222222222222222443222222222233322223222223322211112222222222333333333333333333333333333333333333333333333333333433444444444444444444444444444444455
33333588632222222222222222222222222222222222222222222222222222222223432222222221223322222222223322211111122222222333333333333333333333333333333333333333333333333333433344444433444444444444444454444455
43334688632222222222222222222222222222222222222222222222222222222223332222222221122322222222223322222111122222222233333333333333333333333333333333333333333333333333444444333333444444444444444454444455
43334677532222222222222222222221122222222222222222222222222222322234332222222222222222223222223221122111112222222223333333333333333333333333333333333333333333333333443333333333444444444444444444444445
44334676532222222222222222222221122222222222222222222222223333333334443222222222222222333222223222221111112222222222333333333333333333333333333333333333333333333333333333333334444444444444444444444444
44334576532222333222222222222221122222222222222222222222233333333334432222222222222223333222232222221111122222222222333333333333333333333333333333333333333333333333333333333333344444444444444444444444
44434566433223332222222221122221112222222222222222222233333333333344432222222222222233333222232222222111122222222222233333333333333333333333333333333333333333333333333333333444334444444443444444444444
44444555433222112333332211111111112222222222333333333333333333333344432222222222222333333222232222222211122222222222233323333333333333333333333333333333333333333333333333333444433444443333444444444444
44444444433222122223333312221223322333333333333333334444344333333334443222222222223333333222222222222211122222222222233333333332233333333333333333333333333333333333333333333444443444443333444444444444
44444443333322222222223322223455433333333333333334445554334333333333332111222222223333333222222222222221112222222222222322333332223333333333333333333333333333333333333333333444433344433334444444444444
44444433333332222223222322233443323333333334444444455543333333333333332111222222223333333222222222222221111122222222222222333332223333333333333333333333333443333333333333333344443334433333344444444444
44444443333322211222222222333333333344444444444444455543333333333222222213432222332333332222222222222221111111222222222222333322222333332322333333333333333343333333333333333333334444433333344444444444
44444433322222111112223333333333344444444444444333455443333333322222222235532233323333322222222222222222111111122222222222333322222233333323333333333333333333333333333333333333333333333333444444444444
44444433332222222111122344443333344444444444333333455433333332222222111245433333223333222222222222222222212111112222222222233222222223333322233333333333333333333333333333333333333333333333444444443344
44444333333322222211112344443223344444444433333333454443332222111122111234322222233333222222222122222222222211112222222222223222222233333322233333333333333333333333333333333333333333333333444444433344
44444333333332222211112333333222333333333333333333454433222221111222211233322222233333222222222122222222222211122222222222222222222222222323333333333333333333333333333333333333333444333333444444433334
33444433333332222211112233332222222333333322222222354332222222222222111233322222333332222222222112222222222211122222222222222222222222333223333333333333333333333333333333333333333344433333444444433333
33344443333322222211122222222222222222222211112222344322111222222222112443222222333322222222222111222222222221222222222222222222222222333323333333333333333333333333333333333333333344433333444444433333
33344444333322222111122222222221111111111111111222234421111111111111113443222223333322222222222111122222222222222222222222222222222222233333333333333333333333333333333333333333333334433333333444433333
23344444443322222222222222111111111111112111111122223432111111111111112333222223333322222222222211111122222222222222222222222222222222222223332333333333333333333333333333333333333333333333333344333333
12334444444332222222222111111111111111111111111112222332111111111111112333322233333322222222332211111112222222222222222222222222222222222223332333333333333333333333333333333333343333333333333344333333
11223444444333322222222211111111111111111111111111222332211221111111112233222233333332222222222221111112222222222222222222222222222222222223332333333333333333333333333333333333333343334433333344333333
11123344444433322222222221111111111111111111111111122233222222111111112222222333333332222222222222111112222222222222222222222222222222222222332333333333333333333333333333333333333343333333333333333333
11123344444443322222222221111111111111111111111111111222222222211111112222222333443332222222222222221112222222222222222222222222222222222222322333333333333333333333333333333333333443333333333333333333
11122344444443322222222211111111111111111111111111111122222211111111112222223333444332222222322222222222222222222222222222222222222222222222222233333333333333333333333333334333333333333333333333333333
11122344444444322222222211111111111111111111111111111111222111111111112332223334444332222222232222222222222222222222222222222222222222222222222233333333333333333333333333333333333333333333333333333333
11122344444544332222222211111111111111111111111111111111111111111111122332233334444432222222222222222222222222222222222222222222222222222222222223333333333333333333333333333333333333333333333333333333
11222344445554432222222221111111111111111111111211111111111111111111122332333334444432222222222222222222222222222222222222222222222222222222222233333333333333333333333333333333333333333333333333333333
11222344455555432222222221111111111111111111112221111111111111111111222333333344555432222222222222222222222222222222222222222222222222222222322223333333333333333333333333333333333333333333333333333333
11122344455555432222222221111111111111111111111111111111111111111222223333334445555432222222233322222222222222222222222222222222222222222222222333333333333333333333333333333333333333333333333333333333
11112344445554432233322221111111111111111111111121111111111111112444433332334455555432221122344322222222222222222222222222222222222222222222223333333333333333333333333333333333333333333333333333333333
11111233344454433333333222111111112112211111112222221111122222112444333332334455565533322122345432222222222222222222222222222222222222222222322333333333333333333333333333333333333333333333333333333333
11111223344444433333333222111111112211222222222222222222222222222332223333333455666533322222345543222222222222222222222222222222222222222222332333333333333333333333333333333333333333333333333333333333
11112233444444443333333322211111111111222222222222222222222222222322334444443456555533222222344554322222222222222222222222222222222222222222222333233333333333333333333333333333333333333333333333333333
11112233444334443333333322211111111112222222222222222233222222223222334455543456555432222222334444332222222222222222222222222222222222222222222233333333333333333333333333333333333333333333333333333333
11122223333344443333333322211111111122222222222222222222222222222222223333433455555432222222333333334322222222222222222222222222222222222222222233333333333333333333333333333333333333333333333333333333
11122222333345444333333332221111222222222222222222222111222221122333322222223455554432222223344444566422222222222222222222222222222222222222222223333323333333333333333333333333333333333333333333333333
22222222333445444333333333221112222222222223333222211111122211122333222222223555444433222233345556665443222222222222222222222222222222222222222223333333333333333333333333333333333333333333333333333333
22222222344444444333333333222122222223333333322222111111222212223332222222234554444333222233445666665554322222222222222222222222222222222222333223333333333333333333333333333333333333333333333333333333
33222233443334444333333333322222222333333332222221122212344433333322222222344444444433222223344555566666532222222222222222222222222222222222333333333333333333333333333333333333333333333333333333333333
