74344444444444444444454796445444455444555555555555457743555455555544554554554554445554448511443333433223334333145333122233323457888887778887787774454334452222223446644323333222222222222322235445677777
74244444444444444444444696444444444444444444545544447743444444555444444445445444555555558611433445544445554542266543444444444357888886546787457775346444442222224456543333343112322222223322223345677777
75233333333333333333333696433344344444443444444444447743444444444554444445444444444455458831433555555545555542465555555555555566666665555556457775356544542323235444433233233112421112422222333334677777
65333333333333333333333696433333333433333333333333447743433444444444444444444444444455458961343544455445555544645645555555555555555555555555556764465555655555555555555555555444544444644433343335677777
66333333333333333333343696433333333333333333333333347743433334343444444433444444333444458983343444444444455445637645555555555555555555555555532764355555555555555555555565545555555555665555555555555555
66333333333333333333343696443334344444444334444343347733444444344444444444444444433444447995253444444444444448647634444444444444444555544555543765455555555555554555545555445555555545564555555555555555
56333333333433344444443685444344344444444444444444447743444444444444444444444444444444447996253444444444444359556534444444444444444444444444446764344454445555554455555555555555555444554445555545554555
55333333333333333343333685444444333444344444444444447743444444444444444444444444444444436887244444444444444368556534444444444444444444334444446775344444444444444444444545554455454444444444444444444445
56334333334333333443333695444333333333333444444444447733433344334444444444444444444444445887234444444444444268447434444444444444444444334444446775344444444444434444444444444444444444444444445545544554
57434333333333333443333695433333433334444444443433447743443333334444444443334444444444445888334444444444444265346444444444444444344444444444446775344444444444444444444444434444444444444444444444444444
47424343334444333444444695433334443343343443344443447743443444444433433433334334443444446798533444444444445265556444444444444444444444444444446775344444444444444444444444444444344444444444444444444444
36434444434444444444444696444444444433344433343343347742444443444433444443344434444444456679743344444444444367446444444444444344444444444444446776344444444444444444444444444444444444444444444444444444
57434444444444444444443396444444444444444444344444447742444444344444444443444444444444446779843224443444443576346344444444433333333443444444446776444444444444444444444444444444444444444444444444444444
47434434444444444444443585444444444444444444344444347753444433344444444343444443344444446788853212444443333576456444444444433333434444444444446876444444444444444444444444444444444444444444443433334444
57334344434343444444443695444443444444444444444444347743443344444444444433344444344444446899963221344432334576586444444444444444443444444444446776444444444444444444444444444444444444434444444444444444
57434334444444444434444696444444444444444444444444435733444444444444434433444344434444446899963232344332334577885444444444444334434444444444445776444444444444344343444444444443333433333333333333444344
47424434444434444344444695344444444443444444444444445643444444444444444433344444444444434799985566455444555489954444444444444444434444445444445776444444444444444333444444444443443433444344333333344333
36534334444343433344443695444333433444344444434443347743444454444444444544444444444444343478986776666666755599754444444444444444344443344444446776434444444444443433443444444444343444444444444444444444
35433344444444444444443596433333334444444444433334447742444444444444444444444444444444444468887766666665556787544444444444444444444443434444435875344444444434444444333443444343433444344444444444444444
46523444444555555454544386444444434443444444444444447743444444444444443444434444444444344467877666655555445565444454444444444444444444544444445765344334444444444444434443443443333333333333444344344334
36522344444444555555544586455555455544545444444444446643444444444444444444444444444444444467776666555555544343344444433443334444434444444333345765434434444334444344444444443344444434333333344343334344
36522223444333344445554596445555555555555555555555557743444445455544445444445444444444444556667766555565555323333344443443334433444444334433335875434443434434333334443444444444444444334333434444444434
46522233334333443434444586355455444554444545555554457743545555555555555554556555555554445666677665555565444422234444444444444434444444444434345776433334344334433433333433434444444444433333433344444444
45444444344444443333443596343434444444454444444444447633444444444444444444444444445555556677777765555556654321134444455444544444454444444444445776434434344433434444444444433334444444444444444444444444
44544444344544444434433596432233433444444434444444425643444444443444444444444444444455564237777765555457754321255555454444444444444444444445445776434444444444444444444444444443443344334444444444444444
33444344445544344344443596332233333343333333443433436643433334344434444443444344444444442127776655554454211221355555555544444444444444444444445776435555444444445444444444444444444444444444443344443444
44434445443444344443344455333343334333333333433344447642344444454444444444544444434444443367665555534551100121355555555555555555554455444444444776434444444545555455555555444444444434444444443344434444
34434443323433344444343434455433334333333333333434447642333444444455343444544544444444444666654445444454210122344444444555555666555544456554445776434444444444444444444555555555555444444444444445444444
44434434444433444544444443453333343334433333333333337642333433344444444444444444555444445555555544345433421212334333344444455555554455555555543476534444444444444444444444444444444444454554444445554554
45444444444444445565444444544444444443444333333333346532232333443344434444444444444344445555665444444332321211543433444455555555555555555554553377544444444444444444444444444444444444444444445445555555
55444444444444435883244344544444444444333333333343233432233333334333343344443343344334346557988643343322221221454555446776655555666666666665445676544554444444444444444444444444444444444334444444444444
45434454444445444553344443434345445445444444433343222333333322233344333333334344344444465479879843333211222221344555667765555666667777776665544676534555555455444444444444444444444444444444444444444444
44455544445555544444444444434444444445444544434343322233333333234333333333333454445444565699988863222111221211123476666665566677777776666666654467534444444445555655554444444444444444444444444444444444
54454444445554455444444444443444444444444432333334333344333443334334444434433444334444566899987773322111211211113356555567666667777666666666654446544433433444444455655555554444444444444444454444444444
55554455444544445444444444544444444454444333444544455444334444444444444434434444344444555567776464221211111111113224555577665667776566677666655334544444444443344443444555555445556655555444444444444444
44554454345444444445444433443334444443433444444444444333334334443444344444334444334444551334443114312321111122113321345577655666565566666666544333543445545444435444533343344445555565555444444554444444
44444444444554444445544444444444444444344454344444544444444445544444444444344444333344432333320003411331111222112332134555566666666566555555543323444445444444654445534444443343333333344444456665554444
44445444444454444444444454444444344434445544444444555554455556545544444454444444444344432323210014311221122322112333223444566665555555545445643223333454444444555544443444334433443333333333344544445555
55454344432334544444433444332333344433444433444444444544444344555444445455443333544344433332222233211212222222112223213333566655555555444445543222333354444444454546544344444444554433433443333433333444
45554344433333444444444443332333333443443434543345433444433444444444445555543433444343443332223222221112222212112222223333455655555544444445543212232234455434454444444444445444444444433443333344433333
44434434444434444544444444554444544445444344444444444444444444334445545445554544444444445423222122221111111112112222222332345555445554545444554212222223444544445433344434444344443344444443444343433433
44444434444444444444445444455445544455444444444444445544444444433344544444544455444455446533232122221111111111112222222332233444445555544434554212222222234444444434334444454453333333455444444344334334
44444444555444344454444444443344444554444444444454444434444434443434333333444445444454544533331121121110111121112222222222222334455554444433664211222122234444444443444444454444443444444454444334445454
44554554554555555555444444444434444444444444555544444444344443444333434444444445444455545545431110111111111121112222222222222233444544444433543211222212233443444343434444445544444444333544444334343444
44445544454455555555434444554445545554444455444444445444433444454444444444555455555554445444311011111111111111112222222222222222344445543443553211222311233453333343434444444444444444333444444334444334
44334444455555555544444445444555455444434554344444455544444444444444444444445444444544444332000111111111211111112222222222222222334454443433443211112320123476433433434443333333454444333444344454444345
54444444446565455544434434443445445545444445455444545444444334444444444444455444443444444333110111112112211111112222222222222222233344333332332211112232012367554443333343443432334433343333333344344434
44444443455454554554544443455445444555544544543455545444554444444455444444555445444544333422210111111111111111112222222222222222222333323222232211122233100124445543343243343322333333333234333234334334
44333445544344444444544544445544443344444554444344445444544443333334345544555555544544433432111111111111111111112222222222222222222223222222222111122222310011123322122223343244344333333443343343333343
34444544445445444454444444545544545444444544334444444454544433445433455444445555544444454443211111221111111111112222222222222222222222222222221111122333321000123421233334334344444434344333333444444444
33445434444454544444334444444545455545554454444554444554454344444443554444334555544344443353211223333211111111112222222222222222222222222222221111223343332100023433344343334444444434344444344444334434
33334444444444444554444444444554444454544544444444444544544445444445544444444555443222244444324466344321111111112222222222122222222222222222211111133343433210133334333433243444444434334333344344334333
44344444344344454443444444444444444444544444544444445444444445444444444544544444443234344433444476543432111111112222222222112222222222222222211111144444334321233344343333333444444433333333343344334334
34444433343334443333344444444454554544444444444445444444444445444444444444444554544344444444444577654333111111112222222221111222222222222222211111245444445433322344333344344433434443333344444334343433
44434444444444344333344333433444444445544444444444444444444545444444444555544444545444443444444577753222111111112222222221111121222222222222221111345444554433333344333334333333333343233334444334333443
33333344343343444433443433433334455455444444544444434454445544455444455444444554544444443344444577753311211111122222222211111111122222222223221111444434644223334433333333333333334333323333344444433344
34444443333434444443445433444444444444444444444443344444434433545445455444444444555544444554454577763221121111122222222211111111112111222123322112454534433222333333333333333333333333322333333433444344
43333434433433334434334433444444444444433344344444444433433433444454544555554444565654444555555676664432111111122222222211111111111111122123322113444433333322232333333333332333333433222332333334444344
43334434444333433334444443344433334444334443444444444433444443344434544455534434455564445434445666665322122111122222222211111111111221122123322113444333333323333333433333333334444443332332343334344344
43344344344334434454354433333333334434334444444344444443344333333434333444444444444454333334444666666332121111122222222211111111112222233123322223434443344323434443333333333333343333443333333334444344
33443444444444344444455544344433344444444444334444444444344344444444534444454444344445433444434666666532221111222222222111111112222222343122322223334444444344433443433344334433432343333333433334333344
33344444433433444344444444443433334444444433344443443333344434444445444344344343333334454444444676665643322222333222222211111122222223443122222223323344444444444455444453444554433344334333434443443334
33444443322333333333343333354443344444444444434333332343333334443335444344333443344334444444544566665653333334555422222211112222223333443122222223333334433344444345434444444344543344333344434534433333
34544333444344444434344433334443443333333335444333333344443444433334333333444443444454344444444556665564443344555432222222222223333322343122222234334434333433444434434433433344432434344445433333433333
32443434344454444444344433544444434433333444444443434444444444444443433333334433344444444334455445666566344445665322222222223333332222223222222245334433444445444344434444444344344233444334323334333333
32332333344443443433444344444344444443334434343343343444445444445544434334334534433444444434444444565689555447764322211233333333222222222222222234344445534344444444444344443443344434333332323333333333
33333333344334433443344344443333345434444334433333444355444444444544434444434445333444444333444445444799766899753322211233333322222222222222222234433344443343444443344344344433343334323233323321232333
43343333334333434443344344333334334444445444444333443434433234443444345534444333344544444333444444444899867999853332211233333421111222222222222233333333333553343344333334443343322223422334321322122233
33354323344343433433344334333444444443434443444444444433443334344444434644444433445444443333433444344789866999854322221333333432211112222222222243433444433543333333333433343335423235533334221122233323
43343333333333433332334334234334434433333343444444444544554333334344434543334444444444444344444444444468876568754222222444334344421211112222222234444444433433443334443434333333344245533333332333343334
33323343323433322233333333444333334434432334433344333444454334344343333344444454444444444444444434445655775443553564222443333344432221111222222234344433433433444444434434434433454345333344433444434333
23223233222333333223333334443433333443334333333333233444444334344434444334444433322334444444444444345685554332578997423434433434454222211222222334434433423444444664454534445434554344343444433333333333
32222333333333333223323343333323433333333333333343334444544333344544444444344333434434433444444433434677533322999987423334434544465322211232222324343323334534445543364445444444344444433544333333433343
32233333333323333333333334333333333233233234433343334334543444344444444444444343334434543444444433434667532322999886323333334433444422221232222323322223235643444334355544434444344443333334433334444333
22333233333233223232333443333433343333333354433343334234444444443334344433344343333443333444333334433566543333899886324334344432444322221332223312323233245354342243445544334333455444333334433344433333
32343233343332222322333323323434343333333454332333443344343433333333443323345345434334444333333334333366554333899875334443343433334432221333233212433333345333442444546433444545454444443444434345433333
33333323444322223323334322333343343333444334333333333333343334223334354333344343334334333343333333333346764333899875333553333344334532222233333214434344543223343344445433444446443342233333343344343354
43333333334322333334333333333333333333334433333443433332233333322333444333333333334333223443433432233345664333897764333453333333433441222233333326523333343334333333333332333224454232233432343343355344
43334332243322333343343443323333333334433344343334433333334433333334434233333233333233324333333333333335565433875554233343334435532462122333322226534443353234336434423322533234452232333332442343334434
33344432333343333334343433333344343343333333333343333333344333333333335323333233334334344433333233334346555444865553333443343334432472112333322235523342454243445433333233643223322443333332332232233334
23233333333334433333443343333444433333333333333344334434333344333443333333333333333443334433232344443456565335865554344433343333333563112332222234224323333332334233333322432223322333233332343233233234
23333343333334444343433343334443344334443332343444434324433334443333333343434443234543233333333344344444656536765554344322333223333664112332222233323323322322344333332321322233322232242233444333224333
23443433344455434443233322233443334444444433443432443334443344443333443344333443333443444334334333344433566568666554334323333223234765223332222333333323323222233353333222333233232342233334434433234324
33433444443444433443222221222334433444433433333334444333443333344434434433333333333443343333434434334332454367666654343333222323235655323432222333232222332332343443333322323342231332123333423333243335
43344334333444434443322332333333333444333333333344443343333333343334334343333333333433333334433444433333455476666553333333323233336655443322222333323333332333333333323224424235432333232223323322334533
34344333333344444343334433334433344233323343333333323333333443343222344234344433343443333344333334433433466687666543333333323433447655553321222432343323333334542333323222234214323332221121211222224533
34344432233344343343333444433443323234334443323333334333344433344333334344444543434443333333334433443444355777665543334333323444347654433321223332333222333223333322222222344211232222221111111112223334
33343344333333234333332334444433333434333333334333333344445433344433433334444444443443333333343343433443345877665543343333333433346653222212223322332322233333232332322222354211122212211110111111212453
23433344344333233334433444443343232344333333333334333333433332323233333333343343344344333433433343433342235877655432344343433443334432111221234322321221332333233322332322232222111101210001101111213453
33433333334333333333334444433222232334433344333333333333332333333233333433334333344333333333333344334433345776543223434443344433333433222311233322322322332322333132211211111112111101211111111111223332
33233333433333333343233343333222232343223444433334333233333334333245444444433443344433443333333344344344434775333223334543344433323645534411243322343323333222322122111111111111111011111111111101332332
43343334333343333243234443333333321122233345333343333333344434433445443434343354443344432554344443445544424774553233333433334433333554435522333333343233233222111111111111111120111111000011101111322332
33223324443344332243444233334323332223323333333334435433444434444444433334343354443333443444334433434444434775532243333343333333434443336552334333323433322221100111112111111111011111110111111352343333
24223334343333232343333343334333333333334443333333444333324433444443333333333453344344444333344444444344433587653332343344434334333332156553233333322322321110100111112111111111111110111011112343345434
33223234334333323443444433333333222344333333343344443333434434354443433332333333344335434444334554343444433588654233433333333434333333365564222222211111111111101111111111001111111111111112214324422346
33333333334333333334443333343343223555444334444445433444444333343444433434443343334443434444344443334444433587653323334433333423223333554553232221111001111111111110111010000100001111121112222244422334
34432333334433343333333334433333323344443344444444333344444444434434334433444443445443444434444444333344334687642333333443343323322444444542111111111100111111111100111011000000001111111111222332332222
33333333334333333333233334433443333334444444444544444434345544443333443432444444545554454344444444344433333787653333343343443224543445544442111111111111111111111111100111111000000001111111122222332211
33222333333334444333334433333443323423444444335343333444444444444333444454444445444433443333344433444433343787653343444544334444443345654332111111111111011011111111100110111110000001111111122221111112
23333433234344433333333333333443333433344434333244344445434333333333344443344443345434433333333433434343445887653344334444334453343435544211113222111111111111111111110111111000111111100101242111112323
32333333333333333323234323334444444443445433333353344444433333432344344333444334433433334433333343344454345876642233344444444344343355433111223222111111111111111010110011011111111111101100131111222223
23333233343334433333223334333334333344344433353444543443334333432333344434433333334333344334343334334444335777642233344333333234443434433233322111111111111111111111110111001100101101111111111122322235
23334332234443333334344433333434343344444444443334533333334344433334333433334334344344333344343434444443446776633343333333333234444422343321111111111111111111111111101111101111111111111111113233333334
34443333344443333344343333334434343344443344333444443333334333343344434443334444333333443333345433343343345565532323334333333322333222311111111111111101121111111111111111110011111111111011112233322332
33433333344333333333333344323333333444443343323443344343443443343344334444334334333443444334344323333433346565532333333443333332322211112222211111111111111111111111111111111011111111111122122333333343
33333333334443433343333434432344323442332233335443234324433433433344334454443333344464443343333223334433337876542233333332333223313342233333333222111111111011210111111111111111111111112255333332233433
32343433443333333343343434544444433332323333334544344345333333323345434444444653354343433343333333343333436865553223323333322223334443343332343233211121111222321110111111111111111111123444333343343343
33233334443333343443344444446533333333333334334543443454333333333344433444433653443334344343323323333344445755564223223333222112323344433333333121111111122333232111111111111111111122233432333343343342
42243333434333333434444333334333333333333344333344333344323343333343344434443443333334334433333433333444446544443323323232222122223333444342332111111222232333222211111111111111112223233433333333343333
33333343444433344334334343443334434333333332333344344353344442332343343333433323334333344334434343334333345554431333333321112111111233333332311111122333332333333111111111111111122333333333333332333323
43333443433333343334434433333233334444443333444344334343333232333333345233324323223343334343334333333443335555322333322231122111111122323212211121333333333333333111111111111111112333233333223222322333
34444544333344454453344443343454334333344443433344533333332222323334333223323333343333233344445433444344345665322233333232232211011122223123312122343223323333333111111111122221222233333233333332323333
