57745555545744554555554555554554448854444444554444444455555555576355444533354344433333343331353334342675222234333332233432113322222434668878888888888888777647643433433333344533333332222222222222222225
45744444445634444444444455544444458844454455554455555555555544686245555555555555555455542234455444452575332333124333332321122312123323345788888778888878777635433435323222334554443223222222222222222233
35853434434743444444444444444444448844444444444444444455455444576344444445555444445544751135555555555564344442136454444532223434344434434688888765588866677644554435322222244665333334421222222222233222
34953333334742333333333333333333348844334444444444344444444444576344444444445544444444861134555544555454355542266655555555555555555555555666677655465754577644554435222222343444222422321133222223222333
34853333334653333333333333333333338854333333333333433333344344576343344444444444444444883124445545545664344442475655555545555555555555555555555555655555677535555566555555555444444545443344333346333333
34863333333653333333333333333333338844333333333333433333333333586333333434334444443344895124344444445664345444664744455544554455555555555555555555555554257535555555555555555555555555555555555556555555
33863333333653333333333333333334348854433343444444443444444433575244444444444444444444898425444444444765344445745844444444444444444444544445555555455555357644555555555555555554445554455555555556555555
43763333334653433333343333444444448744444444443444444444444444586344444444444444444444799625544444444765344447747744444444434444444444444444444444445444577544445544555555545555555555544555544445544455
33664333333553434333333333333433348744444443444434444444444444686234444444444444444444699724544444444664344369656734444444444444444444444444443443444444577644444444444444454455555554545544444444444444
33774333333653443333343333444433348744443333333343334444444444685244334443444444444444599824444444444664344378656734444444444444444444444444444433444444577644444444444444444444444444444444444444444444
44774333333663343333333333334433338743333344333444444444444444676334333333444344444434589823444444444764344278656624444444434444444444444434444444444444577644444444444444444444444443344444444444444444
43364444443463333433444433344344448744333444333434334334444444576344444444444343344334489833454444434764344277446624444433444444444444444444444444444444577643444444444444444444444444443434444444444444
34554444444464444443444444444444448844444444444333443334444433586334444434444344444434579953454444445764344265456534443334444444444444433444444444444444577643444444444444444444444444444434444444444444
33574444444573444444444444444444436844444444444444444434444444686334444334444444444344679974344444445753244366556543333344433444344444333344444444444444577653444444444444443444444444444444444444444444
43585444434573343444444444444444447744444444444444444433444443686334443333444444433434678984333444445754344477446543333444444444444444333333344444444443477653444444444444444444444444443444344444344444
44585444434562333444344444444444448844444444444444444444444443686344444444444444443334678995322344445764434576346444434443344444444444444444444444444444477653444444444444444444444444444444444444344444
44585444444573343344444444444344448844444444444444444444444444375344444444444444444344578996332124445753434587556433344444444444444444433344344444444444467653444444444434444444444444344343344343344344
44485444444573343444444344444444448844444444444444444444444444475344444444444444444334589998432113445733334676477444344444444444444444443443344444444444477653444444444444333334444444444334334333433433
33344443444463343444444434334344448844444344344434444444344444676334444444444444454444589998432212445623334687795444344444444444444444444434444434444444477653443444444444434344344344444334334444444444
43464333344463334444444444444444448843334333344444444444333344676334444444454444444444469998544543346534544589975444444444444444444444444444444333344444477643443444444444344433334344443434344444444444
33375333233473334444455555545554436844444444344434444444444444676334444444444444434443458999667765566656655699854434444344444444444444444444444444444444477533443444444444444443344434334433333333433444
32344333233474223444544445555555447744555454555444454444444444575334444444444444444444445899776655666666656798754344343334444444334333344444344444443334477653444444444344444443444444434444433333333333
45543333333474222334444334444455548844555455555555555555555555676344444445554444444444445688766665666655556776554444443444434444344333444344444443343333378653434343333343333444334444444444444443343344
55643333333464223333444334444334447844554554445444445555555444676345555555555555555455555677666655555554444554344544444443444444444444443344444434444333367653433333443443343334334433344444443444333334
54444444433454444444445444433344437843444344445445544444444444675244444444444444444454566776776655555555443243455544454444444445555454444444444444444444467653433443434333344444444433334344444444344444
33444444444445444444445444443443337853323344344444454444444344375344444444444444444444555667776555556555554233555555555555554544444444444444544444444544467763444434444444444444444444443434434443344444
34444334444334444544465444443444437843323333333433333335334343475333434444444444444335676677665555556544554222555555555556565555554444444444444444444444467763455544444444444444444444444444434443443444
34444334444344344454344443444434445643434333443233333344333444675234434445444444444456577777765555556654433222444444455555555555555555555444444444444444467753444444455555555545544444444444444444444444
44454444444343344433234334444444433445553333433333333333343444665233344444444544344453237777655555546785443212344344444444444444455555566655555554444444467753444444444444444445555555555555444444444444
55554454455444344344444345445444444335433333433343343333333333675334344334444444444441147777655555556542233211344333344433443334344444455555555555555554447754444444444444444444444444444555444444445444
55544445445454444444444444556654544455444444444334433333333333564323233334344544444443376666565444365110012221244444444455444445554445543434444445454554415764444444444444444444444444444444444444444544
55554444544554444444444444478623443455444444444443333333334333344323333333332333434444766654455433454210001222245444445555455555545555554433334444444444547764455544444444444444444444444444444444443444
54454454544454445544444554455434444444344554544554444444333422233333333323333433333335555554444445545431001212345444444444555555455555554554444444433344458754455555444544444444444444444444444444443444
54444444444444555444555555444444444443444444444454454443444433223333343323433333433345455555443345433332122212354455444654545555455555554345444444444334358764344445554555555544444444444444444444444444
56554555455444544444455445454544444444434444444444444223333433333443344433433344443345578754444444332222222211254444445666655555666666565434444454445454457765344343344444455566555455444444444444444444
55454444455555545554454444453444444454444444444444443344454445554443344443444444445654798985433333322221111211235675545776555555567766666653344343444454457765344444444334444444455555544445555544444444
45434444544445445543444444444554344344343344434444344444444444543333443444434444456547986896432232212222222211234555567765555667767766665665444344443444547765344454454433443445334444445555566655554444
45444444444444454444445544444554445444444444444443445434434444444444444455444444445679998897432222111222222111123346666666566567777666666565544544444545447765344444444455444455344434434444444444444444
43444333344444454444444544444444445444454444443344455444434455555545554654554444445688998777433221111221122111113335655556776666777556666665544434444555546765344544444456554444444444344334333333333444
43444444444555544444323454444444344434233334444334444344444445455444444455554444555567887656533221111111111221112333455556766556655555666555433445455545556765344544444444544564433343444445444333333333
44433444444445434434343344444444444333333433344444434344434453334443344444444444463244555322532213311111111211112333235556775556555555555555432344455555533665454334543454444444444444444444445444344333
44434434444443343444444445454444444455544455444454444444444454444444444433444454452233332000252113411111112211112333323555565556655555544445532344445544532665344444444444454334444344444444434444344433
44444444444444444444544544445444454445544455445544444444444444454443444443434454442232321000342112321112222211112333331246544665555555544444532244444334445765334434344444443443454444434534334334544444
33444445444444444455544444445444444454434444455444444444444444443444443444444443333333221112432112321222333211111233333124435665445554443344532234443344346765434434344444444343444444544433334444544444
34444444445545555555545555555555444444444444444444445555555444444444444344443344343332222233322212112223222121111233233213434556555554443334443224434344446765433333444444433334344445554444444444345444
44454443444444564444545555555554444455444454555444445544444444544444344444544444444432222222222211112112121121111232222222323445544444444443343224443444445776334343434433334443453444445444444444344344
44334444544433354445456555655444444554445544544444455443444445555444444444544444445533222122223211111111110111111222222222332345444444444443354223443444446775323344444443234334343433334344544443334444
44334444445545444444565654555443444344344544554454454545544445444444443454444444344533232222223211111111111111111222222221232234444444444433364222333444435776423334454344334333334333434334444333423343
33344333454444434344554445555445444444554544445554455444345555554455444444445554444533332112212211110111111211111222222221222223334444444333243222334444335675422343443334333334323434333223342233432333
33344444555433344455443444444445445454565444434444455444434544444454444333343444555555442111001211111111111111112222222222223222333444444333333222333344445665423234433433333332322333323334333333333444
34444444554344454444554554445543444454555465554444445443344444444455443344454345545445531100001111111111112111112222222222222222223344444333333222343344445664322333322332333122332343434544443333433334
44334444433334444444444554444443444544455544555455545444455554445545443444444345544443100000111121111112112111111222222222222222222333443333233222454564444444333333232223344323433433344444444334444433
44334344453333344444544444445445444444445544444544455445444444454455445554444455444344210011111121111222111111111222222222222222222333333222222222554554344443333334333333443333444333344444443443443433
34444334344443444444544544535344444444455444444455444454444444544444444555444454445433321111111122112211111111111222222222222222222233232222222123544643334333443433333333333433433333334344443333434333
44434443343443444344443454433334444544445555455454444444444554444443444444444444444432222111111111111111111111111222222222222222222222222222222123444343333233544433443333334433434444434344343333333433
44333444334443344444444443444334433334334445444455444434444444444444454554444444444542111111111111111111111111111122222222222222222222222222221222333333432333554445554333334443333433333333343432333444
44333343333334434433334334443444434344334444554554444444444443445544454444554445544453211111112342321111111111111222222222222222222222222222222223323334544444553455442333333443333333333333333332333333
44443333333444444333344444444444454344444444444444444444444434444444443345444545554444311123334563332111111111111222222222222222222222222222222223444444434445454354331234343333333333333333433332233333
33443333333333434344344333343444444344444444444443344444444434444344343344545455455555432345655664454111111111111222222222222221122222222222222223443444334444444433332213333333333333333333334332233333
33443444444433443444443344344344444334444333443443344444444444444344444334444454445554444445555776455211111111111222222222222211122222222222222223344444444544434333332233333334333343333344334333223233
44443444444433443433444344344434544333333434444443444444444444444334444333344433344544444454445787544421111111111222222222222211121122222222222223344444443544444333432243444333333333333344444334333333
44444443443334434344444434444444555444443334444444444433444444444444434445444454444444544443445777556421111111111222222222222211121122222222332234344334443533444444433344344443333433343344333333333334
33344444333334444443233334434444434444344333444454443334434444333333443444444444434434444333335777555321111111111222222222222111111111112222332233333443433433334444444544334444434433445443224433343334
33234333343444444433333333333334333334544334434444444444433333334433433344333444434433344334435777655321111111112222222222222111111111112222332234444443434333333444444444444444444444444444434433333444
43333344344355433444444444453434443343444444433333233454433333334444433443333443333344444444446777656432211111112222222222221111111111212222332244444434434333343343333334443343343444343444334433444343
33333343333324334333444444444444443344444443444343344444444433444444444444444443332343444333447777656433211111112222222222221111111122222222332233333334333553444344444454444444454444444443332344443453
33333333334333333333344434344344444444443443444333343443434434445444445444555454433333454444347777655522111111112222222222221111111222221222322234334334443443444355444444434443444444434433443344333232
43343333333333333333433344344333444444333334444344443443333344434544544445454443444444454543346777655642111111112222222222211111111222311222222344333334443334334454333444444434443444434333443432333333
43344333433334433333443344434433444343333433444444544444433344343343423444444444564444433334346766655564211111111222222222222111122223421222222333334334443333333334345434344423333334434333332343323343
33333433323334443233434444343333533433344444443444444444444444444344433343444443464444443344445666654454221111111122222222222111222333332222222333337423444344333433345433334333333343333343235534233442
33333333233433333333333333333333433423543343343333334444445444455455443333444443454433444444444666554344322112211122222222222222233333432222223333335333444444444434344334343444333433333343435533332343
43443333333332233333244332323333333344433433443443333444334443344445433434434334344444445444444566653333431122212222222222222223333333332222223333444434454434443434334344443434343343343334533344333444
23333333333322222332233433332333333434344333334333433333333333344444533434444444433444444333233467754323321122222222222222212233332343332222223334444444454443444343344444446534444344453345443443334443
23333333333322333333343333322332333433333243333333333333344333444455443334445444444434433334343356765554322222222222222222212333222343442222234445434334443333433232353444456435544444453444544444344443
22332233333322333333343333333333333443333333333323323443334433433355344434444444444444434333444456767877643223222222222222113422222244342222234455454445434333322333464344544334545443345434444443334443
32323322333223433333323322333223344433334333343333334444334333433344444444343344444334444333344346789987655333333222222221125542222234422221234455444455343233332333544434323334555443443434443433333343
44434333343323323334433222332223332232334443433333345433333344434434343323343344432334533553433447999876544333333322222211135552122224322212233343343433233334233333534534324434554333454445554444334444
45433333333433333344433222332343342233334334433334433433333333333333333432333435533334434433433437999864433334323322222211244553211223222222333333333343333444434444432334344545543345454654444334433334
43333222223433343333432223333343333333333333333343444333344343333323333333233344533333333333432337999743333333333332222211232454321222222222333433333244323563333435333333333333443333332444433322334233
43333333334443443223332223333433444332333334434443334444333443233333443333333443433333323333323348999853322223333333322221233465432222222222334433223333322463444324433433353432343234332345522323334234
34333333343334443333333443333334444333334434334433333333334333333333443333333333532333323333333459899973322222332223332222243467556422222222333333333332333463334334533344463334333245332333224333334333
34333333332323333323333343333344334333344444333343333333334433443433334433444333333343333333344359888874332222332223332222244468777532222222233333433333333342343334434323443333332245323232234423233323
33334333332334334433334444444343334333444334443444333334344343432443333444343333334344444323344359888754332332232222332222344357776542222222333323323333323322243233223233433333233123222332222323322434
44333344333245344334445554444323332223334433344444343344333334333444334444333344334443434433334368887544433333333332332222344447766632332223333333323243423233232232332323334433323223323332323323322335
44433344444444334444334454344432233122233343344443343233333445433344333334443443343333333333344378897644443333433332322222332336888732322223332322233332323333232133233223335433332233333322324322333445
55434344444434443333334454444333233233343333344432333332334434334433333334333443333433333333343368887644443443333333222222334335776522321123323323233233223332223323223333334333332343346534323321333566
65433444343444443333334444434433443433444333422342334333333332233333444334322234433433443334444477656544433443343343322222333233554322221223333333233323433233332333233445333232332233444344433423222333
55434543433434444323333423334333334444344432333433444333333333433333443333443333433444454334444577643544443344345443332222333433466533211223333333343332333233332233332334333332322223332223323343333233
45435442322334434443433232333433333444444333344433333233443333334444544333444343333444444444344577553344444343344333332222344444466642211233323332333323233233332323332333333222222234643322222234323233
44544332333344334434533322333443444444324323234443333333333333233343343233323433333434334434444676555333334443334333322222333334466653211233333333322233332233122124333333333233232224423222322155122233
54433334343333333333333333333432444443322222333444334443333333333333333233323334343333333334434876555433434433443243222222333343466553111233333233322123333233232223333333434323333233223321233265322343
43343234333323332344333333333323334333332223224422344543333433333334433433323544444443344334445866665433434434433443221122334333456573111232222333333334333223332233333233212322222222322332223243233223
33443343224323333333334443323333434333333333212223433443334333343334444453344544343334335444436766666544444344554444321122344333346683111333332223233343332334423332332333221222212212212222222222212333
34533332233332243343434433223334432433443333232343343333333444554344343444444444333434335444337666677644344343445443211112344333356785112233343332333343443332332322322332222221332123222212111111111223
44533322322332233433433322234333334324433333333333344333433444433332443344444333333333345434447656676544444344434442211112233334346676312234333333333433333333233333323332212232321212221111111111011112
43433333323432333442434232343434443333343322234433433334434454333343443435444343333233333334457766665433454434344442221112223243356666522233333334334333433332222333333323232233221211111111111111111112
33433323333333333333344334443443333333434332345544433445444544344444443434344443343444333433456766765334444434444442221112232343356655531233333334343333332333222333333323322222211100111110111111111122
32333333433343323333443433343333333443343333333544334444444433444444444443443444443344444344556755665334344333344442211111133333457764421232244333344333333223322333334223211111111100000000111111111112
33333234333333323333333333333333433343344333333344444444454454444433554444433344344244444454556655654244455434443332111111233334467864322344344433334333323332333332332221111111111110000000010111011111
34543343343333233333334444333333344333334332343244444433544434344444444444433344445444444544445665553234443344443333111111244344466766433444434334333333323332333322211111110111011111111000000111111112
33344333333333334323443433333233433343344443343334443433334434444543433333333334444334444434444666642333443344434345211111244433576665543324433244443334323322221111111111111111011111110000011111101113
33444433433334333334333343333323433333444444444344543334335434444443333343334444433444444444344655542333334334345434421111443334665654433434332335333233212111111111111111111111100111101011111111011114
33344444333333333334433443333333333433333433334434444345444454344333443344333334443443333333433665532333333433444433451111333335544433323443322233222211111111111111111111111111101110111111011111121223
33344433333443343333344333334434443333343434444544444444333453333333344444333433344333433434433676653334333444444443473112324335654332122233221111123333232111111111111111111111110110111010011111122333
22233334344444332344443333324434333433443443334444434433344444333333443334334443454333444433333576653334543334434333374222332335764321131111111122233332121111111111111111111110111111111111111211123232
23333333333343433333443434333433334443333333344444334333334334434444344334334433444433433433334465653334432333343333486211342334544322221101223333322222111111111111111110111111111111101111111111223333
23333433323233333334443344334333343353334433344233223333544323433453343343334433445444333334446566553333322333443333376422343334433223222222333333221111111111111111110011111111111101111111111112223323
33333333443334444345333333334334443455544444332232333333454444434533333332334443445444465335434476553233333334333334477432333344333332223332211111111111111111112111111111111101111101111111101111112222
33343333323323423444433334344344444344563333333333333443454344334433333333334343344453365344433476553332332333434344487542233333333332322222111111112111111111111111111111111111110111111111111110111111
33343333323323333343433333433543433334433333443333334333334433334432334333334344443444344333333466553343343333344444467653233232323223222233322233333211111111111111011111111111111111011111111111111122
43343333444333334444444334443433434334433443443333333233334434435334444334234334333343333333433367543344434333433443367653223333333111221123223334434321111111111111011111111111111111111111111111111111
44434333434333344343333334334443443334323333344444433344434433434444433233333333533332442322334368754444433333344334356543223232233112311222223334323231001111111111111111111111111111110011111100111111
