44445555544444433333323233333332223344444333323333455589987999999999999999999999999999998865433344434444444444443333344333432333333333333333333223322222223333333333333332333213332222222111121111122222
44444445555554433333333333332223333444444433333333467899868999999999999999999999888999998874443354333444444444443343344333332333333333333333332222222222223333333333343333432234332222222111111111122222
65445555555544433333344443333333333333344433333346789999789999999899998899999988756788999875333474333444444444443343333333322333333333323333322222222222223333334444444434432444322222222111111112222222
56555555555555433332333333333333333333444433233468999998799999998789987899999967423566878875333563333444444444443344333333322233333222222333322222222222223333344444444444434544322332222111111112112222
55555555545665432232233323332233333234444333335799999996799989986688888999999744222454557855333533333444444444443334332233322233332222222332222222222222233333444344444444445543333333321121111111111111
55555554444554322223222222222233332233443333579999999985799889876578889999999999522233345754433333333444444444443334433333322233332222222322222222222222233333444344444444445443444434432222111111111111
44445444444554322233222111223333322334433347999999999974699899877789899999999999522222334754433333333444444444433334433333222333322222222222222222222223333333444334444444445444554444433332111111111111
55544444444454322222221111122223322323455799999999899964689999998999999999999999623222234654443333334444444444433344433333322333322222222222222222222233333333334444443444445555554454334332222221111001
55544333443443333212221111222122333333799999999999788964689999999999999999999999732432223454443333334444444444444344433333322332222222222222222222222333333334444434443444445555554554444443323322211111
54332223333333322211233322111112344459999999999987777874579999999999999999889998743343322355433333333344444444444334433333332322222211122222222222223333334434444333444334444555555554545443344333321111
44332332333334322222223331111111344599999999999996577884579999999999999999889987754332321134443333333344444444444444433333333322221135787432222222223333444444333333333334444444555555555544454444321112
33333334444444421212224431111112223799999999999997467785468999999999999998898877665422311112333332333334444444444444433433333332212675799962222322234344444444333334333344444444555555555555554544311222
44454433344444422222123432111111346999999999999998546766356999999989998898888766665543311211223333333444444444444444444433333322237954577763323223334334444333333333334344444444455555555555555544212321
44332222223454422222112332111111369999999999999998645666446889999988876887777655555554344433333434433444444444444444344433332221377753345654532333334334444333333333333344444444445545555555555553223323
33223443334555432221112221111111389999999987789999754566545898888767666765456555444555456555554444444444433333444444334433332223774433334466863433334334444433334433343344444444445445554555555553334344
33222333333455432212222322222223455799987655667788744456645697776555655654455644444434454555544444444444433333344444333443332226653344333479973333344344444433333433333444444444444444444555555544444554
33222333443345554322222223326886423499866655667777654445645576665444445544445555544334344455444444444444444444444444333333332246433344433347983333333333444443343333334444444444445444444555555544455543
32222343344455543222222234358973312389655555667777654444644456554334445444444455444444444444434444444444444444444444333333333364333344433334893333333333334443343333344433444444444434444555555445555534
32223343345555443222222224478854411397445556667777654444554446543334344444554455444443444444323444444444444444444433333333333453233344433334873333433444444333334333444333443444444344444555555445555444
32222344334544332345533235565534411595445566667777664444453344533333344446665445443333334444323344444444444444443433333333333443333334433345643333433444444334434433334334433444443444444555554455555444
32223444334443333444554334444445521784445566676676764444443334433333345567667644444333333333333333333444444444444333333333333443333333333344333334333344444344434443343444434444444444445555444555455444
33455545543444455553344334556789834953444556666666664344343333433333345576566644433333333333344332233344444443333333332233333343332233333445333333333344444444434443443444443443333444444554444554455455
55566556664455555433677544457887558843444455555666665433343333333333346676544433333333333333344432333344444333333333332223433354333333334564333333333344444444444444444443444433333444444444444555555544
55556755565666554446776555578874599544444455555666666433344333333333346664433333333333333333444433344333443333333333332234433245333332345653333333333344344444444444444443444433333444444444444554555544
54444443444444444455654443466668898433444444445666666533446433333333346543333332333333333333344433444333333333333222222344333324544333334333333333333344344444444444444444444333334444444344444444455444
44434554443345433444443334677667895333334433455566666643478633333332235333322332333333333333333334444333333333332222233443333332354333333233333333333444443344443444444444444333334444443344444444455444
45543323455555544556555567886446874333333444555566666654698532222333223322222322333333333333333333433333333333333223344443333332233333223333333333333444444344433444344444334333334443333344444444455444
54444543455554445666544557775347733333333445555556666665797432222223332222222222233333333333333333333333333333333234344433333222222222223333334333333434434444443444444444333333334443333444444444444444
55555655554444566667765446764357424434444445555556666666788533222223332222222222333333333333333333333333333333332244333333333322222222222333333333333444433343444444444443333333334443333344444444444444
55676556655444445667752246765566423444444555555556666566877443222233222222222222333333333333333333333333333333332344333333333333222222222333333333334434443343344433344444433333334443333344444444444454
55555545555544434698842345555666643334444455555555555566876543234323322222222222333333333333333333333333334544344543333343333333322222222333333333334434443444444444444334433333333344433444444444444444
66655556655555544788644555556667753334444444555555555556875543233332222222222222333333333333333333333333365332244443333343333332332222222233334333444434443444444444444333433333433344434444444444444444
66555556655677765566543445555557853344444444555555555556764443322343332222222222233333333333333333333333642233233344333333333332232222222222333333343444434434444444444333333333433444444444444444444444
66665566666777765666543234444457863344444444555555555555654444323233452222222222222233333333333333333334422333322234333333333332222222222222333333333444444444344334433333333334434444444444444444444444
55555555556655566676543343345446874344444444445555555556554454333333354232222233222223332222333344333334322333333233333333333332222222222222333333343344434444343333433333333334434434444444444444444555
44455555556555666665665455444445785454444434444455455555554444322234435336754455444444444333333444444445432233333323333333333322222222222222333333333344434434343333443333333344344434444444434444444445
34555555546776666665555444444444587565333334444444445555554433222223433346643334444444444444444444434455422233333332333333333322222222222222333333333344334444343333343333333444344433444444434444444444
44444444555677555555555544444566688665333333333333344555554443233222344444344444444455445556544544444555422222333332333333343332222222222222323333333433334443343333333333333344344333444444443344444444
55555555555567776765688875555577767754333344444444344445554443233322234554345555555555556676544544444455422222233333333333343332222222222222233323333443333443343333333333333344443333444443343444444444
55555555555666555556689987777666656766555566555556654444554443333332224555334555656655555765433444444445422222223333343333333333322222222222233333333343333443333333333333344443443333444443334444444444
55556655555555454445556776788655545565556777666555567644455443432332224444334555565544445754434444455444322222222333343333333333322222222222222233333344333444333333333333444443433334444443334543444444
66666544445665444445555555556665544554456775667654676544455544342222223333333444455434446754444444466333242244322233433333333333332222222222222223333333333333333333333334444334433344444433444433444444
66776443346666644445544455545554444454345555566666666445445554333322233333332333444333335753333333343322234664222334433333343333332222222222222223333333333333333333333334433334443334444433344333444444
77766444567766654555544456555555445433345555566556555556754555433333334322222222332222335663322222222222214743334433333333343332332222222222222222333333333333333333333333333334444434444433344344444444
66677655677655676655555555555555466432233444456555666568764555554333345211122222222222234663222222222222225523333233333332344332332222222222222222333333333333333333333333333333444444444333444444444444
66678776666556665555555776544455555322223444446766677899544555655433354321111222222222223454222223222222224421232223333333344333322222322222222222233333333333333333333333333333444444444334443344444444
66776666556677765555444687533456554332222345555665579999423555655433343321111222222222223354222222222222234422332233333323444333322122222222222222223333333333333333333333333333444444444333443344434444
66655544456677655555433467544556544333222334565555799999623555666533333321221222222222222234322222222222364322433333333323444333321112222222222222223333333333333333333333333334334444444433434444444443
78887554445666655554443455545555444433322323455557869997234455666643333321222222222222222234322222222222354323333333333323444433332212222222222222233333333333333333333333333333334444444434434444444444
99987665444555555544334444346764555333322222235579659853233555666653333321122222222222222223432222222222244433333333333323444333333221222222222222233333333333333333333333333333444444444444444444444444
77887545544455444443333455445544554333322222234578356322223555666654334322122222222222222222332222222222233433333333222234444333333321122222332222223333333333333333333333333334444444444444444444444443
67776434566655444333333466655544433333332222247743322222222455566654333332122222222222222222222222222222223433223433223334444333333332111222222222223333333333333333333333333334444444444443344444444444
77654444455565544333334444555555643334442232369632222222212243455655334432212222222222222222222222222222223333323333323345544433333323211222222222222333333333333333333333333334444444444343444434444444
44555456665555544333333455566554554334553344577522222221112334455555434433212222222222222222222222222222223333333333333335544444443333322222222222222333333333333333333333333334444344444333344333444444
44455445443333334332345655456544555334555444564321111111112334555555544443322222222222222222222222222222224333334333333335545554443333332222233222222333333333333333333333333333443344443333444433444444
44445543322222245433345542366643455433455444463211111111222333355445543344322222222222222222222222222222224333334333333345444554444333332222222222222233333333333333333333333333343344443334444444444444
44444554333322234444443333666444455432455544565211111222222333344356544444332122222222222222332222222222234333344333222344443344444333333222323232232233333333333333333333333333343344444334434444444443
33445554333322222333323567776444444432455555566432222222333333434466654444432212222222233223333332233333235433344333222234432233323443333233333332232222333333333333333333333333343344444433333444444433
34444454422223332234433467653454444532334565555554233333333333445555555444433212222222233323333333333466543322343332222234432245433444333233333332333322333223333333333333333333333344444333333344434433
55543334442334443334444566533334345542344566555554333333333433455433555444333322223332333333333333343443345434444332222234322455443455433222333333333322233233333333333333333333333334444443343344443434
44444444543333554333334565554334445553234566555544334433333334555544555443343322223333333333333333334434444433444432222234224555444445443322333333333322223333333333333333333333333333444443444444444444
33356655544445676345556776677644434565334565555444334443333344455555565544333332233334444444333332112333333333344333222344235565555443333322333333333333223333333333333333333333333333334344444344444444
33333344554443355556765443456543443455444456555444434544333333334456556655333332233444444433232211112433322333333333333444456655432222222333333333333332223333333333333333333333333333344444444344444444
44433333344433333344443333345553443368764556655444455666543443333444455666643333233344333322222222222354333322333333333356787533321233222333333333333332233333333333333333333333333333333334443344444444
44554333333433444432334555445665555468874456666544444457875544444434455666654333323445433333333333333244333333333333333357764322332344432233333333333333233333333333333333343333333333333334433444444444
44443334444443234443333345555666544556754444555555543333566544555544545666554333334433333333334445443453333333333333333454332112222344453223333333333333322333333333333333333333333333343334444444444444
44454333444433343334333333334456654445655554454455544454444555676654455676543333234433333333333344444544333333333333344443332222332344344324433333333333333333333333333333333333333333443333444444444444
55445443334543333333332233224666765555556665444345543445445566665433565567653333323443334443333344444444333333343333334443222223333344443335543333333333333333333333333333333333333333433344444444444444
34455544344443334443333334455666776555554555554345554434556666655434555566653332233433333432333334434444432223433333333454321223444443443455433333333333333233333333333333333333333334333444444444444444
33444543344443332233333344445665566666666544555344555444666555444345555566642223322332222222223323324444343222333333333355331123555543455544222333333333332233333333333333333333333344433434444444444444
44333443334554333222233445545555555555788655555444445555566555544565555566544333333332222234444333323444234433343333333355432212346653334443212333333333332223333333333333333333333344433344444444444444
44444677655566554443333444444444455667887665544444444334555555544455556566766653587533222245555434433444322344433333223434543222345664355443344553333333322223333333333333333333333344434433334444444444
33444444433466556764345554433334445577876655554444554455665577654555555567656654588633221134565433332444432245543332223336654333334444355555655664333333322222333333333333333333333344434433334444444444
65433334433334324666555433223334456776677655555445444555677776544455566666666554455433321234566533455444322355443332222336764445555542234443466654433333322222333333333333333333333344333343334444444433
56543223333356654556666423443345556776555665554445445555678864456555555445444444565434322233577434577655432344343332222326875334455543234444556654543333333332333333333333333333333333333343444444444433
56666554444568887655667765665666766665445665544444445555588853345544444444443343456533332222455335677664322344333322222224787434565454334666655556754333333333233333333333333333333333334443344444444344
65555667776666666666765577765566655555446776544444444456578853345543334445544333444332332112344333567666545543233322222223555433455434435765333334565433333333233333333333333333333333334333444444443334
56555666677787665566566568765455555554445566443357654568767764333333333334543333444433332112344433567667644432233332222223454333344323565655765333355543333333333333333333333333333333333334444444333333
34554555566766666666656556765334454333445555444345666775446664333332345444544444555553244321333334566666643433333322222223454433444323687667998433333444333333332333333333333333333333333334444444433333
43333344566554554455565554566434433333334665444456787776566543333222222344444333333454455531233223455555434544433321222232444333344334578778876443223444433333332333333333333333333333333334444444443333
44333455455566655555555445665443333555433466654434555555566543322321111222344433334455543332333222345444344322333321222333455323444444457889985333222344433333333333333333333333333333333334444443333333
34556765555556555666555555655444443455433466666544565445456653322222112223455444432233321122444332235543333324433321222333677555554444446887886434432233333333333333333333333333333333333334444443333443
45555665555556666678876544554333333457653788667655666654444444334332111122344323343234432334467532245667764322333321222224566444334554456667898656533333333333333333333333333333333333333334344333333333
44555554455556777776654444444432223336885677544456777644345555456532222112333333333334454333458863245667874322333322222334554443334554456544566543323333333333333333333333333333333333333334333333333333
55566555555445678986433333333432223444345566644444554344445543334532222223333333334443455543345786435555554443433322222334444333346544444555566653333323443333333333333333333333333333333334333333333333
56677667665666666777544433344444333333344467754432345655333433444432221111222222222333444554444567655445543333433222233345443333356532333345656776432232344434333333233333333333333333333333333333333333
33356665445665554444554444567754434433355577632333346775455555787432222211221222322222344444444467755544542233333222233345543333355422223334566666798642233333433333223333333333333333333333333333333333
54457997556655445556533345544555554334566566622334566554556888877422222211222234543323466654444445665555553222333222233345543333455322333343456543237997322334453333323333333333333333333333333333333334
43447987555544566765554444444444332235544545433333467763468886654433332222345444444455677665555333455445555554433222233334443234665322334555455433322468853334554333332233333333333333444333333333333334
44556765554456788643345432343223333345435665433334568764346678885322222223333333444565456654444433444444555555433222223334444223555322212357655532222333565444444333333333343333333333443333333334333334
56666654565455433222344433333333455445533444456655555642345555565446874212354443333367755542245434776544565444532222223334454433333343333356644666664344334544544443333333333333333333443333333334333344
55677664455666543223565443444443223444333333478753444333345654444445689622125677656877666776555543688655446654532222223334444433344344445678876788665333333443333444333333333333333333433333333333333344
55666654455544444433455444443344322367765433589954444444446664334456766764566666556775567776554332357665544666533222223344433333335543334445776656643333322233333344433333333333333333333333333333333344
44556554434565554345665433433334323699755433479964454323345555433445775455322235666788865556666543335665433468853322223343333333323444333333455545653333344333334444433333333333333333333333333333334444
43344444345554444434555543444333235776322333345533344554455665433344565323323334567777766776566664323665554446763322223343334554323333333223333455555544333344333334544333333333333333333333333333333344
33334443444433322332234443554343357652222222357633444456555555533333445534665554445668888887544554322577788755543322222344433443223222343223333344545655433444333333444433333333333333333333333333333344
33344455665333322344435544554344445555533333346742444344554444554443333346776666766556676566543334443334666776543322223345553334554333454333344443333455444467643344444433333333333333333333333333333334
43333445554444432356777654444444555567764433335653344445555555555444334579987667765445566665544445776434566676543332223344456765564455544234454455566655554456776544677654333333333333333333333333333333
33333345443445555567653333455554456655544333343333344456666444565544456777655655666555677654444456654332223455543332233344456666666667642234554446777755445456654443455554333333333333333333333333333333
43222334433333455678766555555556666666543333322222356557765434555555445787433456776654677654455778764443212565543332233444456788887777653334554456765466544445665333467654333333333333333333333333333333
64222233222234444445565333443334444466655554432223334565543333344555543333455457889886555544456676544334443234443333334556778888876566654333555556665444444443344433456664334333333333333333333333333333
43223222222222333333333444444344334566556764433323444455533333334466654333333456666555556553344433322232234333333333333677667876666556655544455544444445433554333333345654333433333333333333333343333333
33222322112343332233333445445554455676556664333444455665543333344456654333334555443333455543223334543332222333334333333466767887666766665445544433444444543333333334444444454443333333333333333333333334
33333343211233211111233444346653345556655665433445665676432332344445542223334675443333444443222224545542222333344333333334566776555677666555566666655444444333333223333344444554333333333333333333334444
44433566532223222111234444566544334456665677644443555456532344344444543356532234443333555444322222333443222221123333332224566655554455555545555666777765333333222223445444433455433333333333333333344444
44445775323344322221233445565443344555776555555543665444543566544344445899983233333333444444332222233456532221112333332223466654333344554455554444445444432233322222335544333333443333333333333333444444
33333676322233432111123332465443445665688654555435787543333443235554444456774223444333344443222223223333322221344433222223345554334334456546764444677655455443332222233444333334554333333333333334444444
44444555444222332212333332366543345677667644566445655654335433444455443333333344444444455432222222222222222222455444333333333455555444344544455466667777544333333333333443333344455433333333333334444444
44433333334554233332223322236654345567644554334455655545554446763345543344543344223333444432233222222333554323566544444554333467653333322344333456788764332222222333322233333333344444333333333333444444
54443333224664212222222224446765444434445555434567776543444565311234554555554333222233433222222333222233677323554333444444333445643333334555543456777544333343333333333223433222333344433333333334444444
54444443225663111222223433334787555543345554554578877753344666333333454443223444321234432222222356532335764245432234345654433333455444334446775345555543355432222333344444454322233334543333333344444444
55444444335664211222378887555788645554344566644688767764333456665555544444322334432234432211111345653335887444433322234676544333356654333445566555554454455432222333344444444333333334554333333444444444
