32575221122222224778854322233211222123221475222334432223233422122223357888888888888888888888888646888655455467877787533322353423212323455344678888888888888888888888888888888888888888888877777777777777
32475221222222213787543222332223221212222475322233322222223211112232246788888888888888888888878646888754333467777677533332343333312223433345788888888888888887888888888888888888888888888877777777777777
31475323221222222474323332322234222311122575322223322222223641112221235688888888888888888888878646887643232468754344443333343222212222222246888888888888888864666888888888888888888888888887777777777777
42375323222321121464422233333323222211233575322223322222223762111222222367888888888888888888887646886433333356643322333333333322222233222226888788888888888744344578888888887888888888888887777777777777
54376344333431233344423233333322143223343486322223422233224553112332222344567888888888888888877646854443433333444533333332223322222222222246686578888888887533333367888888887777568888888887787887777777
45675245545544455445544444445433354334343266322234322233232222112331112332345678888878888888877645543444423322334555443233232222222222222233654578888888886433333446877888887776558888888888778888788887
34675244444455554444444444554445555555554565333345433344444433111333334433333578888866468876677644454444422222254665433434421222222222232222334568888888887543333435856888887777548888888888666778888887
44575244444444444444444444444344444454555545345555455455555555555555555555555666777755455664577753565435322222353443322423321143222232222333333568888888887533333456755888887776458888887886444557788677
44575344444444444444444444444444444444444565334444554455555545555555555555555555555665565555677644655556555555555555555555544454443355333334433677888888776433334566644888887776468888787774333334467457
33575333333333334444444344444443344444444575334455444444555554454445555555555555555555555555337644555556555555665555555655555555555556555555555565556666665554443555554665677776357767776543343333344334
33575233333333334433333333333443334444344575334444444444444444444444444454544445555555545555437654555555555555555555555554555555555556555555555555555555565555555556555555556776445555555555555555555555
33575233444444444444444444444444344444343575434444444444444444443444444444444444444444444444568643544555555555555555555555555555555455555555555555555554555555555555555445556776545555544455544445555555
44675234444444444444444444444434444444444566334444444444333444444444444444444444444444444444468753444444444444555555555555555555554444445555554444444554445555555555555545555776445554544444444444455455
44675234344444444444444444444444444444444565334444444444444444444444444444444444444443344444467753444444444444444444444444444454445544544545555555555554555544555444555555545776534455555444444444444444
33675234333333343333333333444344443443343575334444444444444444443444444444444444444444444444467753444444444444444444444444444444444444444444444455555454444444444444545455545776534554444444444444444444
33675234333333334333333333343334333433433575434444444444444433343444444444444444444444444444467753444444444444444444444444444444444444444444444444444444444444444444444444544676434444444444444444444444
33576234344434433334333333343334333334333676434344444444443333344444444444443344444444444444467763444444444444444444444444444444444444444444444444444444444444444444444444442376434444444444444444444444
33575234344333444334443333444344443333444665333334433433333334443344434444433334444434444444467764444444444444444444444444444444444444444444444444444444444444444444444444443466434444444444444444444444
33576333333333334444443434444433444433344664334444434443333344344444444444333334444444444444468763444444444444444444444444444444444444444444444444444444444444444444444444444676444444444444444444444444
33576334333333333333433333344433334444444675334334444443433444444444444444434432344444444444468764444444444444444444444444444444444444444444444444444444444444444444444444445666554444444444444444444444
33575234433444333333344333333444334444444675333334443443334444444444444444443312334444444444457764444444444444444444444444444444444433444334343344434344444444444444344444445776544444444444433443433444
43275334444443333434334333333433334443344676434344343344334443223444444444444314543444454444457764444444444444444444444444444444344444444444334434333334344333344344334344435776544444444444333444444444
34575334444444434444444334444444444333434676434444443334334444212444444444344425453443444444458764444444444444444444444444444444444444444444444444444444444444444444444434445656544444444344334444344434
33576334444444444444444444444433334443434676434344333434444445311444444444444445453434444444458753444444444444444443334444444444444444444444444444444444444444444444444444335765544333333343443343344343
44575333344344444444434444344333334443344675434344333333434435521344444444444454563445444444457643444444444444444444444444334443434333443344444444444444444444444444444444435776534334333433333333334333
34575234444444433344334443344443434433444675434444434434333334763244434433445464562444443333457664344344444344443443444444434444444443333344444434434444344433334333334433335886544334334433333333333333
44565334444444444444444444444444444444443475434444444434443444586133434433345364462444344333348764444444343443333444434444444444444444443444444444444444444333333333333333335877544333334333343343333333
44675334444454555445455444455554544444443476434444444444444444377313344444444352363455444454447764333333344444334333434434344444444444343344444444444444444444444434444333335776333333333333343344443333
44675234444455555555444444554554555555444675334444444444444444466512334445543353353345455545557765344344334334444444444444444444444444444554555455455444444444444444444344435875534343333334333444444344
43575233334333444444444444444444444555655676445544555555555455566642221244444465343234444534457765354444444444444444444544444444445554545555555555545556654454444444444444446875544444343343333443344344
43265343344343434444444333344444444445555675436554555555555565566774211024443465353123444433346775455555545444555444444444455555545555666666666667777777766655444444444444446866644444444444444443344344
33575233333333434344443344443444344444334676434443334444444555557885221124533466563222333323334665354444455555555555554455566666667777777777777767777777776777654444444444446877634444444444444344333343
33565223434445434443344445444444334444334576434443433334444444456887424456545558853323222222233454344444444444444555556677777777777777777766666766667777777776776654444443336877534444444444444334443333
43565223334334444443434434444444554434443576434444333433334443344677757766775569633345564323233334455444445455555666788877777777777776777666676666667777777777766665444444436776533333433444443433333333
32575323333333444444444443444444544433444675434444444444443345433445876666665586423445675643443233444444444457767877887777777777777767776666666666667777777777766666554444445776533334333333333333333344
33564312222224333443333444443433433333444676435534444444444555544445766666666455322345677655654233333444446777777777777777777777777667766766666665666667777777766667665444446777534344333333333333333333
22333313232223342333333433333332443343443476335444444544444444544446766666655434311222356766664454656775446777777777777777777666666666666666666666566567777776666777775455556777544444444443443333333443
22223223233222332443333333343443444333443476434443455444444444434556666666544433211222223456675667878887446777777777777777777666666666666666666665565556677777777778865554556887545555555544444444444443
32222332333333333333333333234443454444444676433433445444444444455566666566544421121222222223465667777778535788887777777766666666666666666666666666665555666777777777765554446756545555445555545444444444
33333443334433333334443334333333334444444576533443344445444444456766665556555431112222222222233556666778735788887777777766676666666666766666666666665455666777766777764565446645445555544445455444555554
34544443333443344444444333334333344444344576323433345444444444455667666666565432111222222222222335445678744688876787777776666666666666666677666776665445566677766777753465446666434444443444445554454445
34443333333344433443343433334433333433343565323333334454454444457677666654444332111122222222222222222347854787766887777777776667666666667677767776665445566666666677652355547767444444444444444444444444
44444434443454444444344433434443333343333565321223334343444433437776666655554222112112222222222222222225765887767887777777776667666666667777777765565445566666666677653334556776444444444444444444444444
45555444454454454444444543443334343443333565321212233443333333335766556677423212112211112222222222222222765777777777777777777677666666667776766665554444556666556667642443455665444444444544445444444444
44445443343445444444454554433334443344433454432322333333333333226666555662001121111211111122222222222222665777777777777777777777766676777776665654554444555665555566531344455446434433443344445444444445
53334443334343344444444455434434444333343332333333333332333444456665555731111111111111111112222222222223665777787777777777777777766776777666666554554444455555445566421444555445444444444444444434444454
44333333344433344445444445544444443443443443333233334344433334456655544645521111111111111111222222222224775667787777777777777777777776776665566544455444444544445565324333453334444444454445544544343334
34444443343333333444433335433444334544444544333323333244433334456545545544322111111111111112222222222226765677777777777877877776776777776655565434455445555445444554234333342223434444445445555454444444
44443344443343434343323333444444334445434543443444433334333333456545456443231111111111111112222222222247765567777667778787777766666767765545554333455555555545544543244443332222333333344444444445544445
34444333444334433334334344444454444554545545544444333434444344466544455433321112111111111112222222223577666566666566777777777766767666655555433334566655655555555442344434442122234333333333334344434444
34444444334443444444444444454454445543444554454434334544444445456775554323211121111111111112222222225777665556655556677777776666777666555444333234777755655565544433334333332122234433333333333333333344
44455444443334444344444444454444444444444444455444455443334566555557643212111251111111111111222233257777665555555455567776676666665565554443333235777755555555443443344333343122234443333333333333333333
45444444443344344444334444554443434433434444344454444344434556875444432111113431111111111111222234577777555454543456566666666666655555543333332236777655555554334534344333346212124333434344333333333333
54444444444444444444444435555444435443334444443344333344334348998544332111243311111111111112222235677777555454543355556667666666555555433333332248877655554444346545443333447411113443333333444434454343
44344444344333333333455444455555445443444445443444444354444469888754324422322112211111111111112245677676555544543355555666665655555544333333222359887655554433366443333333557631221243334334334433343334
44344445443334344334544443455555444454544455444444444444444589888853224312211111111111111111111235677676544444543355455665565555555543333332223359887655554323565443344443457762134212335434333333333334
44444444443344333434544443345454433333333444444444344444445347776552222301111113124311111111111125667676544334554444445565555555555533333322333249987655543335664343344544457765113421234433454333433333
34344444434444443445444444445454432122344433344444444344445224431043333211112244124542111111111123667666544334565544355556556555555433443333333239986655544456654333344453347776321233234433443333444433
44444444444444444444444444444444432344443334444444443444444322210042233211344552124443211111111121477666544335565554456555555655554333433333332118987665555555665334344443346776332234333334333333354353
44443443343444433434444444444545443344444444444433444444554332111232222213355451134333432111111111267666444335555543556655656665553333333333223004987676555555655344433443322776334333433333333333443444
44444444344454444444444545444445544344333344444433434555455432222222111124444441144444443221111111157665444345544433567655666654433333333332334100797676666665554445434433332666444444554344433334543544
33344444444344454444454444344545433444434444443333444445544432222111121134544421344344444322222111137654344345544322477666666653333333333333334302477776666666565455434433445665333343355444334444434433
33434444333334444444554444444444555544445444554333454444534333222111112344433311343344444433222222225654454344443222367766665443333333333333443434447776666676666654344334457775333333333444444444444433
33444334333334444545444455543444555544445444454455554433333233332111334344433311334444433443322233323433332234332112345555555432333333333334333344445877667777666664434443347765344443433343334334444334
44434334343333434334444454334334444553444344344333344444333333333333443344444423443433334443332223333221122133221112233343333322223333333334333343433567777777766776433444347775334543443344333434433343
43334333443333333343333444444434443443323344433243334444443444333343443343444444445433434443333323333222221133211122333333333344323433344334334444433445777887766777743444347765324433443343333333444333
44334333433344443345334444444443334444344433333444444444443344432333343434444444445443343444333333333332222354332222444444444455444443343444355444443344478877766777776434346754312334333343433333444333
34433333333343444444333343343333333334454444444444444444333444433343443444444444333443444433333333322232222565443323444444444445434433444344443343333334346777777677777643347764212332223333344333434333
33323432333334333344343433334433344344443344444333344334444443444433343344434444333444444433333332234332222575544344345444434443333444553453333344333334354477777877777654346664212322234433333244434334
33333434333343333333332333344443344443343344444443444443444444444433354344544334344443333344444333444434444576544344344444444443453344433333233433333333347235778888777654346654213322333333333343433334
33333334434344334433333233344333344344443334554444434444434444443434454445443334434432433344444433444446443466443344344444434433344443333333233223333333336522478888756654455544223333332333423333433333
33334433444434455444343333335444333444334334443444333443343444344333444343344343334434433334444334433345433445444334343344443333433244333343233212233333333732258988865664344433333233223333353333323333
43333543444434444444344334334444333443343334444444344444433334533434435543344343443433333214444334333333435634544334334444333443245425333342212222233333333683227888874564343333333333333333333443323333
34333343332344433434356434443333433444443333434334344444334334333334433433333333443433333212422344434444434433453322234333433343355433333333322334433443433497324888876654433333333333343333323333333433
44333333433333434444336434344434434444433333334443344433333343333433433443333344444433332222311444444443434434454433333333443334443344334433334444443333344489873477766654333333344333333322333333334443
44444445543333343334335433344433444344344344344343443333344444444344444343333344444443332223323544444433334434455555444444454345544454334434334333333333354469886358866654444343444333332323333333333343
43334344443343343333333344334444433344434333344334433344334444433333333334333343444443422223335443444434334344445566555543454344444443345334333334333433344348877647876554455435644423333333333343433443
32333444443343443343433334443333323334344444444333333443444334434344433334335434564445422223343333333323346434445556666554434543444433334434333344433334333347787778877544345443333323333433333344333322
22344434443333344443444343343333434324433433443333333443454444443344333334434534443446422223344333322223255544444665554444343333443333334333343344433343344334887777777644554343333334344343333343333223
33343335433333444443344433443333333434433344343334333333354443443343344343343422443345422223334323333333353553423666544344344333234343233343344364433333444443688867777544334234433334345653343443333433
33333334333443433333344333344343333433333333333343333333344323543344434433444324334335422223323233433434453343434565543234323332233221222332333343434322333343588767776434433233333333334643433433333333
33432343434333333223433233354345333334443333333333333213333232334333433543333444334434422223433346443444433233443345432223222222121111122223333324332233333333588887776432332222322333353333333322232334
33333333433332233333442332343333333333333433333323333332333343334324533543333434333334422223432346433433343343332343322222111111111112111212232223232332223332388886666532113223222322243233322222333434
33322322332333223333353332323333333232224433333322233332344343333333322333334445433334422233333336443442442244323232332232211111112121111133122221221231222312278876667521113212211221111221111211114644
34233333333333333334333233332233333333234333323333333344333324434334323442333344333334532333232345243332454323432232555332211111102220111156211111111121112222278876667621111111111111111231111321113444
33323333333332333333344223332333333343344433322333334354333334423444444433432333333335652333332343343333333322342222354433110111100210111132211110210121112144277876678622122111111121123551101542343124
33334433333333333433333334233332333443334332222344334553343344324443344322433234333335763333332333233233222323331111255434210111111210111111113210340231112132377775677632211112221110142332212633552234
43343233333343333333333334334432234432333333333333344433433443245344333323333222233326765423242333322123333232221144046546521111011211121331453210341331522443467766665533112432121100012333344436552244
34332344433343433333433333333433333433443333333333344333333333343233333323223222232247766433222333222222331222111122036556543531112332232352355421354221454354665566655334323541121111113333344334433333
23433333433343433344334333333333323433333333334333333333234333323333333332223343333267667432332333323332331111211111036555322434213523322333334443355233234333654566665434524241312120133235543343543233
44433433333333433344333333333333333333333334333344333323333223223332333333333333433377676432343322343212111111211111125432221122122334423334434553333344335533443456654444323454314310132254433555643333
33223333333433332223333343344333433433332334223334433433344333233233334333324433333565555442223422332221111111123221236554431221123235423223444333335433335443333345554455233533235422343444323334533332
33233332343333333223343343444433334433333333344333433444334433333444333233323443344665435333323222212111111111222332345544311210223347422333344333335434553325313334443455343442434334234453232354433222
33333333343333444333333343444334433333333333433333433343235543333333343333433533444456633223323222111111111222333433444323332442333246432233434333333322434334323335433444132333434434554342433344222223
33332344334323233343333333342343443343333333333343334322334333333333334443433433444335532212332222111100123223343333244433323343343334423333342234233323335443323335333444143433324314554443323535422246
33323223323323322233333332233333443333332323343343343333433334343333334543443433365433322223322211232112334233453232233443333432343433321333333233224322344344333336332554453444323433444454333335543344
33332232333333222344334443333433344334443433243333455444423333443443233433343443444431111223223232333233233244333223244343334542333433332233325433433422233553233335332674355444224434653344443334553342
33323233444344433354434333333454443434423544334433445544434344333443333433344344443233223334334433323333333333222333374333434432333333233333324434463543333554323434345644334323444433543344433324432334
33334333434344344344333333443454433333444443334433443444433344343433443444434334333323333334343333323333333333223333455433333343333333344344353344333653343454343324324334333324423333434332433333332336
33354333333334444443333332333443443344444333344444443444333323343333433333333434333333443443343333223234333343443333333332233233233233444354333444333433333454343234433334222235546443333444333344443333
34332223234333443433333332323333344345334344335454343444333343333224433333333433233443444433333223332223333433443233434422223323233333333333333433333332332334232224333333222223255344444454233366343334
54433333344332433434333333333343334333334443444433334444334334334333334443343323323443333443333333333333334443444333434433333322233234333333333344433333333333234324232243233222254355443344322344233423
53333443334343334434334334443443444333444334343443333333333333443333343443443224433444343444332344333444333333333334323333343332222244322333333333323332333332333324342334434222433333332223223322343444
33334443344443344333433443444445545544553344444444444433333223554433444444334344443443444434343344333444343343343334424333333223333343222234433234333232322232221234444323435333345423322333533333244455
34334333344444433334443445344445444433443333444433433433443334444444434455333443343423454333444444443444443343433333333333333233323233223334423334321332232232232333432342334453244333543423343323356443
32333444343333333333444333343443345334433332333433433443453444444443334444444344343323342333434344343333343444433333333333333333332333343333333334333365333222133222223232221232443322663322432233333344
32443443333333323333344333343434334333334433333333344444343454354333344344433344443434433344434443333333333333333333333333233323333343333333343343332334333222223233233332332323453432464333332233332344
33333343333334332333343344433334334333344334343334334444343344332243334333322234544423344444343434334433443344433333333443332323444443332433433333223322232223323333323333232342322332343232234324443332
45333333334334432333333433334333344334333344343434344443333434333333333333333333344323433333333444433344443444333233333433443333444423433444434333334432322332233323323312223344433222332132223433333232
44322333333333333444334433344343333333433333345333333343333333344323334443333333344443334333333443344444333333333333334433353333433334433564333332434333333332322232333322323333333243333332323434333323
33432333333333433344334343333344333443434334333223333433333333344333334432333334334444444433333334444643332333323332333332344444432332234443333433433433332331333244323434333333334444333322323244342222
33343333433433332443333444333233443464433343232223334333333333344333433333332233334443344332344333334543333433333333333233433344333333344323333433423434333232333354433333443333335534333422233233333333
