22223333344455333234433333444322222122332122223444333333322223556999999999997999999997666557867776444455455445443333444444553333443333333223333332222222222233333333333333333222333222211211111121222223
33223333334444333223444543344322222222221111222334332333332234678999999999997899999998875466545665544444444444443333444444443233333333332233333322222222222233333333333333333223432222212111111111221122
33233333334444333332234433344332222223211112232233433333334578999999999999999999999999875465334454444444444444333333444433443233333333332333333222222222222333333343334443343244432232222111111111111121
32233333344444443332223333333333332233212233322235676654578999999999999999999999999999886564334444344444444444443333344333433233333333333333332222222222222233333333334444443444333332232112111111111111
33233333333444333333333333223333334443213454322458988888999999999999999999999988999999887453333333344344444444443343333333332233333333333333332222222222222233333333334444444444333333343222211111111111
32333233223443222332333322344333345554225543445899868999999999999999999999999878999999876533333333334444444444443343333333332233333332232333322222222222222233333333334444444444344444443232221111111111
23343333233332222222355333344322234553246534689998689999999999999888999999978645678898887533333333333444444444443344333233332223333222222222222222222222222333333333334444444454445444443333322211211111
33333332233332222222234334443322234543245468999998899998999889998679999999756323455676787533333333333444444444443334332223322223333322222222222222222222223333333433344444444455555545543343332223222211
33223322233321123432234344433333334543344699999986899988988668887799999998553222244344675443333333333444444444443334333223322223333222222222222222222222333333333343344334444445555445544444433343332211
33223332223322234443233343222334334543468999999975799888976557887899999999898412223333476444333333333344444444333334433333322223332222222222222222222223333333333443344433444445554455555444433443343211
22323333333333345433333333334444334556899999999965799889877668888999999999998312222233466444333333333444444444433344433333322233322222221222222222222223333333334433333344444444444455555554444543443211
23334432222333345434543322334432234579999999899965799999988889999999999999998523222223356444333333343444444444443344433333332233222211122222222222222233334333443433343344444444444555555554555544443212
22234532222233345434444322212333346999999998889954699999999999999999989999999632332212335544333333333444444444444334433333333222222123678753222222222333344333433333343333444444444555555555555444443222
22335664222222244433344323311455689999999997788854699999999999999999999899988743242221224544333333333344444444444334433333333332221267679996322222222343344333333333343333444444444445555555555545443233
32224543322222224433444333323478999999999987677863589999999999999999998889987754322221112444333323333344444444444434433333333332223796447876332222223343344433333333343434444444444445445445555555543344
32233442343222224444444433323799999999999985667774579999999999999999988888877765432321111233333223333344444444444443343433333222137885333565454333333443344443333333433333444444444444444445555555544444
22222243234422223544445544426999999999999995567775367999999999999999988888766665553421121122233333333444444444444443344443333221267543333346678433333433334443333344333333444444444444444445555555444445
12222233224432233444336534459999999999999996456666356889999998888878888777655555555434443334344344333444333333444443334443333222575333333346998533333333333333333433333333444444444444444444555554444555
22442234544434433454334434489999999999999987545666445898999888877668766566544444555445555555444344444443333333444444433443332224653334443334699633333333333334333433333333334444444444344444445554455555
43443234555444432354444344699999999999888888644566645688888776666556554455544444434445455555444444444444444434444344433333333225533334443333369733333333443333333333333433334444444443344444455544455555
33443223455543322344333677899999999876777888644455644688776655555456443445544444333444444544444444444444444444444344333333333246323334444333359633333333443443333333333333344333344433444444555444455555
22443223334443233333333667899999987656677888644445644567655444444455444445445444433334444444444444444444444444444343333333333244333333443333467433333333333443333333433333444334444444444444554444555444
22442233444444433443234555557999866555667787654444554456544433343444444444444444443344444432344444444444444444444343333333333343333333333334443333333333334443344344433333444344444434444444454444454444
32222233444333444443323542233898655555667778754444464445554333333344445554444444443333344432233434444433444444433333333233333343333322333334443333333333344443444444443334444444444433444444444444444555
21122223344333334433333431222696445555567777764444454344454333333344456665445444333333333333333333333334444444443333332223333334333222233345543333333333333443444444444444443444433333444444444444454444
11223223334565223443344431111795445555567777765444445333443333333454676666544443333333333333433223333333444333333333332223333335433322223456633333333333334333444444434344443343333333444444434444444444
11233222334554332334444531111884445555566676665434335333443333333455666555543333333333333333443233333333443333333333332223443324533332323455333333333333333333444443444344444333333334444443334444444444
22232223344543332223455541113964444555566666665433334333333333333456665443333333333333333334444333433333333333333322322234433332355432333333333333333333333333444443444334444333333334444433334444444444
22222212345664333224566751116943444555566666666433334333333333333366554333333333333333333334444334443333333333333222222344333333235533333333333333333333333333334433343344443333333334443333344444444444
33222111344577434444555663239743444444555666666543334433333333333355443333332333333333333333333334443333333333332222234443333333222332233333333343333333333333333333343344443333333334443333444444444444
34422113344456666666655577679543444444555666666643345643333333322344332222332233333333333333333333333345643333333223344433333332222222222233333333333333333333333334333344444433333333444333344444444444
13432122233456666788644678997433334344555566666653448853333322222233222222222333333333333333333333333334443333333234333333333332222222222223333333333333333333333334433344433433333333344433344444444444
12344211233445667788654579985333333344555556666664369843222222222222222222222233333333333333333333333333333333232244333333333333332222222223333333333334333333333334433443333433333333344433444444444444
33344444444544555676555678963333333445555555666665479753322222222222222222222233333333333333333333333333333333333343333333333333333222222223333333333433334334334334333443333333333333344433444444444444
34433456665444555555555678633433334444455555555566578753332222222222222222222233333333333333333333333333345543344543333333333333223222222222233333333333334334333334333333333333333433444434444444444444
44444466664444455555666786323534444444555555555556687654322333222222222222222233333333333333333333333333554332234443333333333333223322222222223333333333334433333333333333333333333433444444444444444444
55554355553334456666666763223544444445555555555555686654323443222222222222222233333333333333333333333335632333222334333333333333222222222222223333333433344433334333333333333333333434443444444444444444
55556644443333456665556763244444444444555555555555687654333323322222222222222223333333333333333333332335322333332233333333333333222222222222223333333433343333333333333333333333334334443444444444444344
66645544543334555554456753354444444444555555555555676444432223434422222222222222233333333222333333332344222333333223333333333333222222222222223333333333333333444333333333333333333333433344444444444444
55555555655565555333457863354344444444455555555555566445433333333532222222222222233323333333334444444444322233333323333333333333222222222222223333333333333334443333333333333333333333333344444444434444
77655556776555544433467873344344444444455555555555555445533333333352335543344444344444443333344444444555322233333332333333333433222222222222223333333333333333443333333333333333333334333334444433334444
55666545653334555543455784343334444444445555555555555443332222344343358643444444444444444444444344434555322222333332333333333433222222222222222333333333333333333333333333333333443343333344444433344433
55566656654345555545664586343334333344444444455555555543322222233333445433333344445444456654455444434555322222233332333333333333222222222222222322333333333333333333333333333344443344333444444433344433
56655555555555555556655478544343333333444444445555554444323322222344553445555555555555566654345444444455322222223333333333333333222222222222222222233333333333333333333333333443333344333344444334444333
44554456665554455556554468744443333333333333344455554444323333222244554335555555555554566544344444444444222222222333333333333333332222222222222222233333333333333333333333333443333344433344444333444334
34466556764455555555544447865443333333333333334444555444332333222244454334555565544444566433344444443333321233322333433333333333333222222222222222233333333333333333333333333333333344444344344433443334
54466545543345654556544447875555445544433344434444455544344232222234443333444455433443565444444443333332333654322333333333333333233222222222222222223333333333333333333333333333333344444334443334443334
45554444444333455455544567775555577633333345434444445544345322222233333333344444433333565433333333222222236643233443333333233332233222222222222222223333333333333333333333333333333334334334443333443334
34555444444444445555444555655554687545433355324554445554434333322333333222332333332333565332222222222222246434444323333333233333222222222222222222223333333333333333333333333333333334433344443333333344
22455555444454444555456766666544454334433345555445644555433333333332222222222222222223465432222222222222245222332223333333234433222222222222222222222233333333333333333333333333333333333344444334334344
22455665434455555555565556567864443333333456886676564555544333333222111222222222222222455322222222222223334223432233333332344433222112222222222222222233333333333333333333333333333333333444444434434444
22455665444555555554555445555786554434445667667974443455555433333223111111222222222222345322222222222225634234322233333332344433332111222222222222222223333333333333333333333333333334334443444444444444
22455554444444666544455445545567545554456776689984312455555543333233211111222222222222235322222222222224533233323333333332344433333211222222222222222223333333333333333333333333333334433443444444444444
33554555444334555555555667654446765445556778999997212455555553333332211111112222222222224322222222222223444454223333333333344333333321122222222222222223333333333333333333333333333334433344444343344444
33333455444444445558744677655545665445666688999984223455555554333332212211212221222222223422222222222223345663233333333322344333333322111222222222222222333333333333333333333333333334433344444333334433
32233455443333335545654556545545554444566784999742223455556665333333211222222211122222223432222222222222344542223333222322344333333322211122222222222222333333333333333333333333333334333344444333334433
33333445444432345544554445555544543334556974985222233455566665433333221222221112222222222232222222222222345432323443322223444444433322321122222222222222333333333333333333333333333333333344433333334443
34422444433344445555554445556787433222567856642222222355566665433333321222222222222222222223222222222223345423334443322223454455543322322222222222222222333333333333333333333333333333333344443333433444
44433444433334555544454444555677655433685333222222222244455555533333321122222222222222222222334432222124354323334443322233475555554333332222222222222222223333333333333333333333333333433344444333443333
44443443443334444455545665555676544445773222222221111233345555543333332112222222222222222222344322222124454333334443332333487555544433332222222222222222222333333333333333333333333333333344434333333333
45544442453334444455666666556665433445752222222211112234455555543333332112222222222222222222332222122234453233344433332333457655433555333222222333223322222333323333333333333333333333333344434343333333
44544442354333335554566655656554443345642111111211112333445544554333333222222222222222222222222223442244543333344433332223355554334446533222222223223322222333323333333333333333333333333333433333344333
55544444455443235544555444455555543345531111111111122333345335654333333221222222222222222333222225665334423333344433322222344544335543333222233222223332222233323333333333333333333333333333333333344333
66554334557876445544443334555665432346642111111222223333334346655433333322222222222222222333333234323454344333444433222222355344445543333322233222222233222233333333333333333333333333333333333333344433
56544434433567654455543344556655433235663222222223333333334555555544443322222222222233323333333333333344345543444533222222355456544443222322233223233233322223333333333333333333333333333333334333443333
45445554333344554456665444456654332344554532223333333333345543455543333332222223323333333333333333333333333444445543322222454335654443222432333333333222322222333333333333333333333333333333333333343333
44335544344444455677543335555665333333345533333333333333455544455544333333222233333333333333333234333333333333455543332223454433444543455333333223333333222222233333333333333333333333333333333333333344
44434554333345555666553345555665333333344432233333333344455555433333333333322333333444443333321135433333333333455543333333455433455544556544333223333333333222233333333333333333333333333333333333333344
55433555433356655554433444555654322332233322222222333333344444442222333333322334444443332222221113433333333332445543333333444334897544455787532323333223333222223333333333333333333333333333333333343443
45443444444456556653444455555654432334433322222444433333333332334332343333332333333333323332222223433443333322345543333333444435666555556788753333333333333322223333333333333333333333333333333333344444
54443444433455554444445555555676665369733322222344543333233332224543323333333344433333444333454443443333333312345533333333565433444444556787333323333333333322223333333333333333333333333333333333334444
54443445432455545654444455445765565357632332211345543333333332225554443444443476544554553222344334654333333322234433333333554322234344555678733333333333333333223333333333333333333333333334333333334444
55544455445567656654445445556666555555433332222356633336655432224433466544444688433445554333356444565455433333344433333333443322223334543445653333333333333333223333333333333333333333333334443333343344
55544544554567875444445555545554444456543332222356533356665433234432466544344578732456544532477445555577544333775433333333443442222225764344444333333333333322223333333333333333333333333344443333333334
54444444455567874334555444434443333344432233222245432356665543444322465445545555433335543333575454433335654444765433333333333786652335655533443333333333333222223333333333333333333333333344443333333334
44333444555556874323444333434554333334432223211234443345666764444322355333444554333345542256655568633323543434565433333333333577898886544664443222333333333222222333333333333333333333333333333333333334
43344454445766775433333233333444334444443323321234433345665674333221245334445445433355532358866579623322343444434433333223333345899996544344433333333333333222222333333333333333333333333333333333333334
44334665456654675433332224444444333344454324542123323345455543444432356534555544443344334455787677533222343444444433332223333223456763344443334445543333333322222333333333333333333333333333333333334444
44434567777534554333322222234444333333445544333223222234444433433234344543455555433344344443587788543332233334565433332222335544345422344443333333444433333322222333333333333333333333333333333433334444
44444566555557743322222111112234433333334432223234332223454333322444444334334567765554444344577689755543333333445433332222223674445654434444443332246544333223222233333333333333333333333333333333334444
65443355444556764332223211122245433433223332222346642213455664322223565333333456544333455445555667765532333333344433322222223478765554444334444444457654433233322223333333333333333333333333333333444444
67654455554444454333332111112234432333323443224445774223566786332223444434554355334433444433554455664333322344344433322222223687666544445434444334675455543333322222333333333333333333333333333333434444
55555567765444445444552122111223333333333444433334577423565565333344444334565454333335753344456555677643322345433543322222222466555544455655554333468765554333322222333333333333333333333333333333334444
44345665443344554333442222222233222223333344454433357755444554233343345433345544333335631233334566557788643223333433322222222344444554444466565555545788655332333222333333333333333333333333333333334443
64443334445543343333433222111121122222223344444444345765544443223344444543345554333345421224433456654336996322234433321222232343355444444444455666676555655433333222333333333333333333333333333333333433
64333234676334444457632222211112122232222234444444445665555554222344445653234444333456411234543565433322468853334433321222223444333355545544445544457776655443332222333333333333333333333333333333333333
52233345565555578888632222211122222454332356765444433345545554433344223565654444322466532222565555422222333465334433321222223454323345655675555665543466665444333222233333333333333333333333333333333333
52233346654345787654433222222224543444455556666544432333444455455444211345787434432344443222456543554554344335433433221222234465344433344566775545544445787544433322233333333333333333333333333333333333
43222356665445776776322222222332333334445555653224432466544456544444332247775445543444443345788764688765434333343433211222234456443223444554455554455444587554443333333333333333333333333333333333333333
42344455664323455566533576411234444444335776655445553368744545664454357645544443333345542234446666667643333322333433221222245466433222355434544444444455675443444333332333333333333333333333333333333333
44665444433223554444444557841112567666776555676655433236776554466654357645654443333333443223333445545553333344443333221223335455432222223444554444443345674333334443332222333333333333333333333333333333
35884334444433555333444676675356545555577677666655433223565443347874334544443223444332333333323334454455544433344433222222334444444333222333444454444434553333334543333222333333333333333333333333333333
36985444333443455433344455345422112566677764455566664332466555444676444565333323454322233332223333334455655443335433222222335755455333222222344677545666543222345544333322333333333333333333333333333333
35874345433334555543333334432233333455667777887554455432257777765545455577444443333344334444433334433333455544457643222222334554433333222222344565433468754433355434433332333333333333333333333333333333
34642333346645555543333334552366555445566787666653334443333566677654455555555455554565334467443334455556765544445543222222334445542223333322245543334457864554445432343333333333333333333333333333333333
24773244434455544444434323433687656776544556655654333466433456666555544444544456675456544476444455446777655544556742222222234334332233443222367544333346864455444456433333333333333333333333333333333333
23564234444455555555544433556887766665444556654454445665433222345444444454444345566777665465345434456775456544444542222222234333323344555565665334422345654443333446522333333333333333333333333333333333
33354234445545444454445445667533344566655567754444567765334321355543344555444556799976666554334545555665444333443333222222234322333357544578973223433345664444333445422233333333333333333333333333333333
23333235556766543455555443367643345677775455544456667554333444223443333467666678876566656665444345544444445443444333322222234444443456643345567422333345664333443344433333333333333333333333333333333333
22222235555554333333455553223345545688887555654344433321222223433333332356566666677656765665444444443444444444333333322223234445544334543333334653222346763222233345432333333333333333333333333333333333
44321345346533333333346754443223345554433455553222233443222222233333333455444556777555676666555566666666543344333333332233234434555444554343443454434556666543332234433333333333333333333333333333333333
33333345555543332333445543333322455443333344444322222455543222223333334443333456666555456555555555556677765423333223332233234333334444344334555554444334554554332234433222333333333333333333333333333333
33334445566543222334445543222332355443323345444322222233444322111112445432323457754334334554445555444345544433333333332223334333334555443346775555555444664455433444333222222343333333333333333333333333
43344444456533223334444444346653223333333345444322222233346543221112323566433445553223333345545765444567766555433333332223334333344444444555655555555545544565344433222222222234333333333333333333333333
65443345444554356644334444489997222233323334443222222222233322221135456656643443454445543334443344466677875433223223333323334333333345556665444555445555433466433444223334443344433333333333333333333333
45443466543333333223454444334555322344444445542222222222222222222245544324764332357654322333334333456788653323333333333332333332222333344444344333444545666656654454334566555443443333333333333333333333
66533566554333442234345543333332233333333344442223222222222356322366422343564222356642333334554444456776653444433223333333334543322333345667654333344455678887555543335664333345543333333333333333333333
45534555554544432673224444334554333322233333321222333322223455323454223455445434433455543234444675445554554554222123333333233444333333434445554333334444577645655444567533333346555433333333333333333333
33346666543344334421123444454434433321123432212222246532223586235542233334666554433346652223444456555544445433333322333333223333333222344556543344454444445654555445675433333347865543333333333333333333
54446787754333466433333344443222344432123432211111234554323687334333322233356642333335654433344444544344454433234444333333222333456534455444544333334444445554445545653334445443454444333333333333333333
44457876764333345664356643334322223332223433211111123443324896333322223332124444653346654433333465443334443344333333333322222334322222222212444333346655555554444455444445655554334455433333333333333333
44467754555553367534699743333221234432223443221111122443335652222211123432123445773457644423323588643477532333322222333333322333311112222223433333335543444345544444444444334432234455543333333333333333
