63222222221225676443332222233322123223664322333233223256333333335888888888888888888888888777678888665566666668876533443322322233232442336888888888888888888888888888888888888888888888887777777777787532
63222222222112688532222333223222123223763222345332223356433322225778888888888888888888888876458887456576566777875343333344323223333553335788888888888888888888888888888888888888888888888778887777786444
63211222222225778743223233122221233212763223344322232235422222233477888888888888888888888787548888654444578787886434322544333223324443446788888888888888888888888888888888888888888888887778888777777665
63211222221126876533222332222211122222764233333322222233211122321357888888888888888888888787548888543333577675565433333443234222223322357888888888888888767778888888888888888888888888888777877777777766
63222222222213763323333322242222211233763232233222232225521112221246788888888888888888888787548886433333588643333433333333222222222222258888888888888888644556888888888888888888888888887777777787777777
63232222222223753323333323233222212233763232233222222336741112222222567888888888888888888787548874333333455543323333332333322232332222257886788888888887443333688888888877777688888888888777788888877777
64343323321232454222333334222232223343774222235222233234542112322222434578888888888888888777548544434333333445433433322223222222222223355765788888888875433333568888888887765588888888888788888888877777
63454455433554445443344444333454344341575222334222232332322122321212332345788888778888878777545433435223222344664433334322222222222332224445678888888875443444447768888888775478888888887677788888887767
63344445555554444445445554455555554554664233344333444444432112423344434334688888754578855677634544445222222445654333324312232222222323332334678888888876433334457747888877775488888888875546577887787667
63344444444444444444444443444555544555454355555555555555555555555555555555666677655565654687644655445333333544443334333322342222342222234334678888888875433345675637888877775588888877853344345775477447
63344444444444444444444444444444444445554344444544445555555555555555555555655555555655555677535555565555556655555556565555555555465444445445667777776765443335565535766777774488777776643343333543354334
63333334444444444444444444443444444445664344454444545555554554455555555555555555555555554157535555555555555655555556554555555555566555555555655555555655555555565555555567775466556555555554444544444444
63333333333334433333334444433344444444664244444444444444444444444454454544455455555455555357544555555555555555555555545555555555555555555555555555545655555555565555555557775455555455555555555555555555
63334444434444444444444444443344443344764334444444444444444444444444444444444444444444444577544445544555555555555555555555555554555555555545444455544545555555555555455556775455544444454444444555555455
63344444444444444444444444444444444444665334444444444333444444444444444444444444444444444577644444444444444454555455555455555554544555555555544445544555555555555555555556775345555554444444444444444444
63343444444444444444444444444444444444664344444444443444444434444444444444444444443444444577644444444444444444444444444444444455544545445555555555544545444455545555555456875345555544444554444444444444
63343333333333433434434444444444443444664344434444444444444433444444444444434444444444444577644444444444444444444444444444444444444444444444444454454444444444445554545546876344444444444444444444444444
63243333333343343333333433344334434434665344444444444444433334444444444444444444444444444577644544444444444444444444444444444444444444444444444444444444444444444444445432675344444444444444444444444444
63343334444433343333333433343334444334765344444444444443333444444444444443444444444444444577743444444444444444444444444444444444444444444444444444444444444444444444444432665344444444444444444444444444
63243444334443344444334443343433334444664333444334433333334433344434444333334444444444444478754444444444444444444444444444444444444444444444444444444444444444444444444445765444444444444444444444444444
64233343333444444434334444443443334344753234444344443333344444444444444333333344444444444478653444444444444444444444444444444444444444444444444444444444444444444444444446765554444444444444444444444444
74343333333433334433333344333344444444764334344444444433444344444444444434444444444444444478753444444444444444444444444344444444443444444444444444444444444444444444444446765454444444444334444434444444
74344333433333334443333434444344444444765344344443443344444444444444444433344344444444444467753544444444444444444444444444444444444444333333344434343343333344444344444446775444444444444334444444444444
63344344434334343344333333433344443444765344343343443344444434444444444444344344444454444468753444444444444443444444444444444344444444444444444444444443444444444444444446666444444444444344444444444444
64344444444334444344334433444344333344765344344443344334444444444444444444444444443444444478753444444444444444444344444444444444444444444444444444444444444444444444444446665543333443444443443444443444
74244444444444444444444444434343433434775333443334434444444444444444444444444444434344444468643444444444444444443444444444444444444444444444444444444444444444444444444346775444343334434433433343333344
64233444444444444444444443333333444445765334443333333434334444444444444444444444445444444435643444444444444444444444444344444443433333344444344444444444443344443444344347875444344344333333333333333344
74244444344433444334443334444434433435765334444444333333333444444334343344444334444443333222563444344434344444444444444444444444443433444444444444444444333334333334333347876444333334333333333333333333
64244444444444444444444444434444444443665334444444334443444433444334333444344323444344343255454434333343443444444344444444444444444433444444444444444444444334344344433347775343333333334333444433333333
64244444444444444444444454444444444443565344444444444444444444444444444444344322544444443345444343343443444444444444333344444444444444444444444444444454455444455554444447765443343333334333444443433444
64344444555555555555445555555555544434765344444444544444444445444445455444444541455444455435544454445444444454455544444434444444444444444444544445555554555666665655555566655444443333443334443443444444
63243344444444444444444444444455555555775355445555555555455544444444444444444564255654455545634454555445554444454545444444444434443444445555555566666666666666666666666666654454444444444444443343444444
64343344444334434444333344444444455555775356555555555555555555555555444444444458335665444544634454444444444443344445444444444544444555556666777776666666666666656566666666666544544444444444443433443343
64243333434443444443334433444444444444765345443444444445555555555555555455454447624456544543643442344433223333444434455555555444556788778777776666666666666666666566666666665665454444444444344433333333
64233434344443443444444444443334443334675334443433344444444444444455555566665556644433323531543322344434434335565434444445555556887777776677766666667666666666655666666667666556654434444444434433334333
64233334344444533344345454444444444444675344443434333344443343333344444445555555565421112554343223356667766657775645456578887346667777777667666666666666666666555666666666666555565444333334333333344433
64233343334444444444433344445544434444765334444444444443344433334344333333433434467542114464344454466788877778877778788888886347777777777766666666666666666665555666766666666655566644333333333333343434
64223233334333443344444444434333333444765345444444444444555444444554444443443334347754455475543333333367777777877778888777786367888777776666666666555566666664566567666666666666677764443443333334443343
43313232233332333334433333333443333443675345444444544444445445444554445555545444445677776677531112222256666667777767777777775478888777666666666556666666666654566667676666666666777776444444444544433333
33223232223333433333333433433444333443575334444454445444444435444544444544544444444467775586321112222246556667666667766677884478788777777666666666666666666655666677776666677667777777555554444544444333
22332333223333333333333334444454344444675333434455444444444444444433434444543444444566765475221111222145566666566666666677774777777777777766666666666666666555666778876666666777777777644555445555544554
23333333433333334443343333333334444445776434433344444444444444445444444334434534444666766445421111222355556656666666666677764777777777777776666666666666666656666888877666666777777667655555544554555545
44433344433444444443333344343344444344675323433345443444444443334444444444434544446677666545322222124566566666666666666677755777777777777776666666666666677667667777777777666677777667754444444454444444
43333333344434433443433344333334433344664223333345454444434444344444444544434444456666566544212343346566566656656666666677756777777777777776666666666667666676767667777777777777787567764444444444444444
33333333454334444344443434443333343334654312223344344444434444444344454344334333456655566544433432354565556655566666666777767787777777777777777666666666766766666667777777777777776426864455444444454444
44444454554444444444433443343343443433664321222233443343333333334343354433454434667555566656543432234444455555566666667777867887777777777777777666666777767765666667777776777777776415865454444444445444
54444444445454444444544433334433444433554323322323333333332224433344443444433444666555566555334542123344544455666666677777877777777777778777777777767677777655666666777666677777655324875544434444554444
44443333444444444444554434334443433333332333333333322334444444544444433344443434676454444443234542113445544556666666677778867777777777777777766777677676676655676676666666777776554313875544444443344444
33444344433344454454455445444444443444432333333334344433344444444443344444444334575544555322334542112344445555566666677777767666677777777777766677777666665545677666676666777765543104885455554454444443
44333443333334444444445444444334545444543343323333344433344434444443344444334344465555333212333442111333444555566666677776666556666677777777667676776676554445677666766666677665432106975454455444445444
44443443344333343333334443444344444344533443444433334333333434432343444434334444464453001122332342111234444555556766777666666467656677777676667767776665545445677666776666676655321116876444444444444444
43344443334333343333343444454444555445545544444334334344344443333333334434444444564452443323333343211134444555566666777666765467656777766666666666676654445435676667777777666654321127776544334333344334
44433334434434344444444544555545534445544554434344444444444332434444334444333434654455663423345333211123444555566666677677644576656777776666666666666554455335676666777776666654311125786443334333333333
44444433434544444444444454444444444445444454444454443334454433334434434334343344645554434323454422211112444544555666677677534677666666776667766666665544454345787667777776666653211224886543333333333333
44444443344443444344444554443434444444444444444444343434444433323423334333343344545554334233553222333321343444555666677777436777766666676666666665555544443455797666777665677653112225886544444444443333
44445444444444544444345554444445443334444543344334444334344323222334433334543444655654343224631222323432233444445676666666557777777656666666666555544544445566777666777555777642112226886544433443334344
44444444433333443455445555455445444444444433444444454444444344433444323446544446656543332236511322333233222344444676666665677777777655666666566555554545566667767766666546877641122227875443333333344343
44444443333344334444444455555444444544455444444444444444444444444555444556543557986533233356311223434333323343443356656665677777777655666666555555555566766667657766665545886531122248864554333333332333
44444443334444335544433345555443444333544444454344444454444444444445555655554555688642342343111423434333333343444334555555666777766656766566666655566677776666545766666763676521222268864443334444433433
44444344444433445444433345444432222344433344444444444444444444445545544544445565555654543431113534443344334434444443332344556666666547876676666666677776766665333766667773365411222478865543343454443344
54445444444444454444444444444432343444334444445443444445455554445544444455554697555445433431115425444555333334444333443235556655555547977777777776765567766654322766677776245212213588855543333444444453
43444444444444444444444445445443344344444444434544454544444444444454445454454698885344331210136324445544333333444333343356666654444545977777776767754466765432222677777777423111235788755433335443544455
44443344454444344444544444445444344333444444433434555455543444444444444444454787764454223311346345345443234444333333333466666676545432666666886445433455532222233677767777622111356778654334445444433343
44444444444454444444444445445433444334444444334444545544533444444434445444443665242574223212455445444333222333333333334766766765455322333444665322222354332334554477676677632123566667655344444444433344
34544444334444444554444444445554444445444554333455444434444444444434444433333332023353111124555443333333223333334433346777677654553222222333443333333333343345444457778766642123455566554444334444343444
34343333244444545444445544444655544455454554455554433323233443333344344433333321231123112344444444443343234344333333357777776544422223334333344433444333344344434336789987643223444466544444434333344334
44334343334444445444555344334555644454344344344344444333333333343443344444444443210011112444353345444443334444434334576677776433222223344333444433443334344333343324788988875323333665543433434444333333
34344443333334343334444444344444443323344433343334444444444333344443343444454445311101123343443344444444554434544446766766664333222223444445445443443333443334333333689988886322226974443433333544234233
44333433344433344344444444443334454334434343444444444433443433333444434444444445443333344343433233445444444444554467787666544443333333444454443333344333333344333332589888887222337985434344333433333244
34443433344444444333443443433333334454443444444444444333444333443444444444444333443334443343434333344333434454344577788854444334633333454333343333333444333333233223389878889412345996433333344434334344
33323333343343453443433333433443344444444444334344334444443344433443344444444434444434333433453344434334345444444667788643443443733223443233443333344333333333333333269888889622355443333333343433344343
23433333333333343333333344433344443443344344433444443444444444434454345444334344443333333334464344435444455444445666777434433444532112333332323333333333333323334333359988889733256223333323433443333343
33434334344333333332233344333344343443344554444434444434444444434454445444334434433433333444343443446543334444444766665544433443522113343233222233333333333333343333338988888863248744334343333333334342
33344444444445444443333344344333444344334443444333443344444344333444343444343334334433333444343334344433433444333665433443433322322223343222222222333333433343333333335998888884339986443443433323333332
34433444434445444343344345443334433443334444454444444433335533434445543444343433433234643444333444333335543443333555444433322332322333342322223333343323333333433343334899887886327886443333333334433333
43443443344434443355334343443333444343334444344344444334334333334434433334334444433334643334444444444435434444333455665533322432322333343333444443443434344334444333334699777765325887433333333333433333
33333332344434443345344344334434444433333334343344433334333333433433443333344444333333544345543444443334434444344445665443333533322233344334443333333343443344433343333499667666324888533333333334344334
33334433333344344345433344434434444343344444443444333444444444344444433333444444433345444445544334434344334444433446766654333443322233333333333333433454333344333343334599656666322887634333333433433334
44445443343333433334433344444444444444334344333433344334444444333333334333334444433444435544443443323235343534323335666676433343332223333333344333334333333333333343334489657765322487634333344333323333
33344443443443333433344444433323344344434444343333443444334334344433334344434564445544433443333332332346433423332245566778742342332225433333344333333343333444433333333359767765322268643333333333223333
34434443333444444433343343333333334333443443333334443444444443344433344435534443446645444544332222222354532212321235367777753342332126533332343334333444333444423333243238788864322238743344443333433333
43345443333444443344443343333344334433343443334434433354444443343444344343423443445434444433333332332343542212323335257775444543324246422232332333322443343343423233122226788864232226733234433333433323
43334433433433343344433443433334433333344333344333333344333543344434443444334344344534344433234443334442322323443344237763454423323256332221232322222222233342222322211214878864232224632233222232334433
32344343433333233343223353344333334433333333344333223333223334433434543333444335443443325443345443344532112333342233214544544422333245432211221211211222122232111421112312888764232223532222211232333434
33333433332233333442233343333333343333433333333333322333343334324534533333334333433333334432246443332333232365243333114656554432333244432212311121222122223321111221112102887764112222321111111112323123
33323333332223333453332333333333233233443433322233332344343333323323333334445333433322333333346443432453244345334433335567644333432345465222211221121122324312521221112202887763212223321111211112222222
32322332333323334343333333333332333234333323333333244333334334333323433343344333334333343333435333443343332443343333224356534343332246666321221211232123365223311321122315887663322222331111211211112254
23333333333333333353233332333333343344333332333344354333334413444443433443333333333343333333443234323333323343333333313334345343222256655322221331233334465234321322332424877763532223423301311321111144
33333333333333333343333233333333343344332222344434554343344424434344323433234334332332324332333334323223332434533332323333235332311245444443221442443434545343433543432424777755422223432321112211111122
44333333443333433333334333332334432233333333333344443433443244344333323333233333323333334242433333123333322334543323223333444322222234654575321443443344546645655433344446777754312224432211111111111121
43243333343433333333344444442333433343333333333344333433433344333333323223223233232223333222333233332422433333433333234345645323633322343355433466333345344544343444446556677753332235521111221221111124
33344433443333334433433333333333433343333334334333333243333333333333332223343333242323322242333333343333344533323433333343434223434323333333554444243334433443334454445446788753322345631111444532111134
33333433333444344333333333333233433333334434344333333333323233332333333334333433333323332343423343233333243433233433233332222223333523334444443434443336533343435443444436788753421356621110224411122322
33433333333433233333343344333333433333344333334333433344333233333334333333434333333334443323422433332333233333333332222332321223336422223444333335534543334332334434455446677633422246631210233322122322
22333333433332223443343445433434433333333334434433544334433333444333233333334333332333233423323322322434333333333332323332321333347432343444333334333543334323345433334345667543423445422322344222124433
33333343333344333333343444444334433333333343333433443334543333433343333433533333333333223333333322322433332333432343233333453322245433223333334233322324333323435323334555566432215555431313434422255333
33434344333334343333333443343443343333433433343434332334443333323334443333433333322333322333323323323333233443233233443333343343333432333333234333322344444323335333445556555313332353453323336633454323
23234333323222233333333333333444333332333333343334333333334334333334543444434334433343333433322343323334234444232334443334532333433332233334333323422233454233336332674456544224434643443343334553332222
23323323323322333333333334433343334443323243343344444423343444443333443343443334432232334434333333333233244233233354333434542333433233343325524553432334554324434444654345433334444543343333324432334322
32233333333322354444344433444444434433543344443445544423344433443333443344334444333344334334433323333333343222333474333433333333333333333344334353563333454343334324544433324434333444332333333332336322
23333444344334444333333443454433333434444334433434444433444443433443344434334333333333334343333323334333333333343454443233343333333444355343354333553334455343334424344232235535443333444333344442333333
54333434344344444433333333443433333444333344433444444433323343333433333433444333333443443343333323324333343443333433322233323333233434334333433333333332435333224434334222223356344443455244366343334464
54333233334444433333332223443344345434334334454343444333343333224433333333433233443444433333333332223333443444233434522222323333334333333333344433332333334224324223342233222254355443344322344223324653
32233334343443434333333333233334344334443344443344444333334334333334443343323323443333444333333333333334343344333323443343332232244323433333333333332333332334323232333434122343333333223323323344444653
33343344342434434334334433443334333444434443443333344333333343333343343443224443444443344342344334444333333332334423333333323232344323333433333333332332342322224444333435333345433322333533333344464455
33444344343344434334323444444545544554344444544344433333223554433443444334344543443444434343344343344344343344434433333333223433333223233533334322232232232231234443342334444244333443423343323356444444
44343345444443334433533445445444543453343444433444433343234444444434555334443343433454433444444442444453344433333333343333333323223333333333333322354233222233323222332222232333322663322432233333354443
34334334434433333444443344444445334443333344433433443454444444443334444444344343333342333434344343333343444433333333333233333333333343333333344333355434322223223233232232233553432464333332233333344434
43444343333323333344333344433344433334433333343344454343444354333344344433345443434443344434444333443333333433333333343333333344443333333343333323323232222323333333333232333333332344232233324443332333
43343333334323334344334433334333333344434333333334444333344333343444343333234544433344444343444334434553344433333333443432332444333333433433333333432332333333323323323223344333222332132223333333232233
34433334334332333343344333333344333343344343434444443334434333333333333323333334333433333333444433345444444433233333443343333444423533454433333334333333333233222333312323333333243333332323434333323222
33333334334433334334433344343343344433344344434343343333333344323344443333333344444434333333433344444333333433333334443354343433333334564333433434433432332333233423433333333333454333331323344333223212
