86433222222222222234555566655566656653223333555554566666665566666666667776665566555666666666777666656666666666655566677666766666667766666666666666666666676666666666655545666666666766666666666666666666
85433222222222222234555566655666666542223233555554566666665555566666667776665555555566666666776666666666666666666666666666665666667666666666666666666666666666666666665456667666666666666667666666666655
85333222222222222345555566555676666531222234555544565666666556666666667775666655666566667666776666566666666666666766666666656666566666676666666666666666666666666666665566677666666666566667666666666666
85233222222222222345555565555666665321122234555434555666666665666676666765667666665666677766676666666666666666667766666666666665666666666666666666666665666666666666766666667766666665667666666666666666
74223322222222223345555555444555554211112234545335556655666665666676666666677666766666677766666666666666677666667666666656666665666666665666666666666666666777667666666666667776666665667666666666666666
74223322222222233455555654333344442111111134543235556555666666665666666666677667666666677667766666667766777766666666666666655567666666665666666666666676667776676666666666676666556666666655666666666665
75223332222223334456556553222233321111111234432244466555566666665566666655666667656666776667766666677777877766666776666655555677666666656666666666566666677676666666676666676666566666666665566666666665
65223332222223445565444432111222211111111234322234455544556677655566666665666677655566766667766666677677876566666665556545555676666666666666666666666666776666666666666666666666666666676666565566666666
54223332222123555554323221111111111111111233222333554444556776655666655666556676655566766667766666676677766565676655556555556666667666666666666666666666766666666666666666666666666666776666655556666666
44222322222223554443211111111111111111111232212334544434556666555666655665555666555566665666667766666677666555666545555665555556666666666766666666666666766666665555666665566666666667776666654455655555
33223322222223443222111111111111111111111221123334443334556666555556555555556665555566666666667666666665665566666556656655654455666666666656666666656666666666655555666666666666666677766665554444555555
32222322222222221122222111111111111111111221123333443335555555445555555555577666666666666665667666666665666666666567666545544565555556666556666666666666667665555556656666666566566767666665544445555555
32222222222222111122222211111111111111111211123333332345565544344555444455687767666666677656676777666655666766666687665456556666555456655566766666666666666655566666556666666666566667677754444445555555
22222222222221111222222221111111222111111111122223322345555433344444334456788776566666776566767777666665677776667787765466566676553455555567776666666666666665666666566666666566666677677654444446665555
22222222222221121222222222222222222211111111111222212345554323333333223457887776666667776667767877666666678777676777775666566665543445566667776666666666666666666665666666665566666676676555544456665566
22222222222211112222222222222222222221111111111111112235643222332222223568887766667677765667677877666667777787777777877666666666555545666677766666666656666666666665566666665566655666676556655567667877
22222222222211122222222323333333222222221111111111111234532222322222234568877666667667655677778777666667777787777777887567666665566556666677666666766566655566666656655666666666665666666667666688888765
22222222221111122222223333333333333222222111111111111233311233221111234667776666776766656777788776666667777888787877776667666666776666566766766666765565555556666666655666666666666666677777767788876555
22222222211111122222223333333333333333322221111111111122211232111111234556666666776666667777777666666577666888778766766667766766877665667777777767655555455556666667666666666766777767777777766666666666
22222211111111122222233333333333333333333222222222111111111221111111234555666677666666667766776666665676567887777766776666767767887655667788887767666665565666666677766666666667888777777776655566677777
22222111111111122222223333333333333333333333333322111111111211111111244445666677666667766666677666655666566776677767877677767768887656667888878676676665666666766777777666666678888767666666666777788777
22222111111111122222222333333333333333333333333332112111111111111112344345666777655667666666667666656766666766677778887677777668887656667888677777776666776777776776777667766678777667777666677777877787
22111111111111122222222333333333333333333333333332222211111110111112343345666777655666666766777776667766777666678778887777787667787666667766667777776667777777777776677777777767776678777677777777778888
21111232211121122222332333333333333333443344433332333221111111111112333345556677666666667767777776777766776666777778877777877766787666666666666776776667777666777788777777777677777777777777777777777778
11112355311121222222333333333333333333344444443333333321111111111112332344455676666666667677777777777776776666777778777778777766787766766666767776777667776666788888877777877777777777777777777777777777
22224346521121223333333333333333333333333334444333333322221111122122322344444676777666666677666777778877766666677777777788777767887767776777778777777777777767777777677777777877777766777887777777777776
22234434532222223333333333333333333333333333444333443333321112222223322233334666777766666676666666677777666666677777777876777667777767777777677777777888777778866667778887777887777667777888888777777777
12344333344322222333333333333333333333333333444433443333322222322233222222234666777766666666666566667776666666677766777777776666777777777776678877888888777888877777888877788987777777778888888887777778
12443322345422222222333333333333333333333333344444443333322333322333222222234556676666667766565666667766566666777676677777766666677766777776788888888888888889888888777777888888888888778888888887787778
02332222235522222222333333333333333333333333344444444443333333333333222222234555666666667766566666666655566666777777776787777777777777777777888888888988888888777777777777888888999988888999998887888888
13322222223632222233222332333333333333333333344434444443333443333333221112234445555666666666677777776556667666777777777888888888777778888778899999988988888887777778777888888888888999999999988888888887
13322222223542222223223333333333333333333333344434444443334444433333221112233344445566666666777777766666677777777888888888888877777778998888999998888888888877777888778888888888888899999999988888888888
13311222222332222222223333333333333333333333334433444444344444444433221122223443344566666677877777667776777777777888888877888767778889998899999887888888777777778888888888888888888999999999998877788888
13211222222322222222222333333333333333333333333333333444444444444433221222223432233467777777766666666666677667777778876667899878889999998999998777788887777777788888889888888888889999999999988877788888
13221212223322222222222233333333333333333333333333333344444444444433322222223322223356666666555455555444665567888888865688999989999999999999988777778887788888888889999999999888999999999998888888888888
12322112223322222222233333333333333333333333333333333344434444444443322332223322222345554454444455444435654578888999867899999888999999988999988777788888889998888899999999999999999999999988877888888888
12332212223322222222223333333333333333333333333333333344434444444444333333233322222223433443344555555457866789999999888989999888898999888888887777888888899888888899999999999999999999999888888888888888
22332212223222222222222333333333333333333333333333333334444444444444443333333333332223333443444555566578988889999998888888888888888888888888877778889888888888888999999999999999999999999899999988888888
22233212222222222222222233333333333333333333333333333334444444444443444443333334333333433444434555555689888888888888888877777888888888888889888788899998888888889999999999999999999988888899999999999999
22223221222222222222222233333333333333333333333333333333344444444444444444444444443444444454333444445688887788887777777877777777778877788999999899999998888899999999999999999999988888888899999999999999
11222222222222222222223333333333333333333333333333333333333444444444444444444445444444554554333333334667777777777777777777777777777777789999999999999888788899999999999999999999877888889999999999999999
21112222222222222222233333333333333333333333333333333333333344444444444444444445444444555554432222334566667777777777777777877777778777898889998999998888888998889999999999999999877889999999889999999999
22111222222222222222333333333333333333333333333333333333333344444444444444444445444444555555443322233445566777767777777777777778888888998888888888988788888888888899999888999888888888998888888889888888
22112222222222222222223322233333233333333333333333333333333344444444444444444445544444554444444322222334456666667777777777777888899999999888888778887788888988888889998888888888888888999999888888877888
22212222222222222222222222223333233333333333333333333333333334444444444444444444444444444444444432222233455666667777777777788888999999999878888888888888988999888888888888888888888888889988888887776788
22211222222222222222222222222222223332333333333333333333333333334344444444444444444444444444444432222223445556677777777778888888899999999987889988888888888999998888888889888888888888888888877777776788
22212222211222222222222222222222233332333333333333333333333333333443444444444444444444444444444432222223444555666666677777888887788999988887889998888888888999998888888888888888888888888887777777766677
22212222111222222222222222222222222332333333333333333333333333333443344444444444444444444444444443222222334445566666677887888887678899887777788998888888888999999888999998888888888887888877777777776666
22222222111122112222222222222222222222223333333333333333333333333443334443444444444444444444444443221122334445555666678887888887667888877777889999999988889999998888888888888888778888887777766777777666
22222221111122112222222222222222222222223333333333333333333333333333334333344444444444444444444443211122333444555566778987787787666788877778899999999999988999988888888888888888877888887777666667777666
22222221111111112222222222222222222222223333333333333333333333333333333344344444444444444444444444211112334444555566678987777777666788777888999999999999988888887788888888888888878888777776676666766666
22222221111111112222222222222222222222223333333333333333333333333333333443344444444444444444444444322112334444455566667887677667666688888899999999999988888888877778888888888887777877777666676656666667
22222221111111112222222222222222222222223222333333333333333333333333333333344444444444444444444444322212334444455555567776666666666678899999999999888888888788877788888888887787777777777666666656666666
22222221111111111222222222222222222222223222333333333333333333333333333333334444444444444444444444332222333444445555556666666666666778889999999999888888887777777788888877778887777777777666666666666667
22222221111111111122222222222222222222222222333333333333333333333333333333334444444444444444444444332222233444544444455556555555567778889999999999888888877777788888888877777877777777777666666676666666
22222222111111111122222222222222222222222222233333333333333333333333333443334344433344444444444444432222223344444444444555544445667777888888999999888888877777788888888877777777777777777766666677766666
22222221111111111122222222222222222222222222233333333333333333333333333333333344333344444444444444432222223344444444444455444445566777778888888999888877877777777877777777777667777777777776666677766666
22222221111111111112222222222222222222222222233333333333333333333333333333333344333333344444444444433212223344444444444445444444556666677778888898888777777777777877777777777677766677777777667777766666
22222221111111111112222222222222222222222222233333333333333333333333333333333333333343334444444444433222233444444444444444444444555556667777788888777777777777777777777777777777776677777777767666666666
33332222111111111111222222222222222222222222223333333333333333333333333333333333333343334444444444433222234444444444444444444444444555666777777887777767787777777777777776677777777777776677766666666665
44443322211111111111122222222222222222222222223333333333333333333333334333333333333343344444444444433222234444444444444444444444444445556677767887777767788777667777777766677777777777776666666666666555
54432332111111111111122222222222222222222222223333333333333333333333333333333333333333334444444433433222234444444444444444444444444444555666667787777776777777777777777766677777776677666666666666666655
43322222211111111111112222222222222222222222222233333333333333333333333333333333333333333444444333433222234444444444444444444444444444445556666777677776677777777777777776667777766667777666666666666555
32222222211111111111112222222222222222222222222223333333333333333333333333333333333333333443444433333222233444444444444444444444444444444445556666677776777777777777777777777777666666666666666666655555
22222222211111111111112222222222222222222222222222333333333333333333333333333333333333333333444443333221223444444444444444444444444444444444455666666777777777777777777777777777777666666655666666655555
22222222211111111111112222222222222222222222222222333333333333333333333333333333333333333333433333333222223444444444444444444444444444444434444555566677777778877777777777777777777666666666555666655555
22332222211111111111112222222222222222222222222222333333333333333333333333333333333333333333333333333221233344444444434443444444443334433333444444455667766777777777777777777777777776666666666666655555
22332222211121111111111112222222222222222222222222333333333333333333333333333333333333333333333333333321233334444444434433433444443333333333444444444556666777777777777777777777677776666766666666666554
22222222221112111111111112222222222222222222222223333333333333333333333333333333333333333333333333333321233333333444434444433433333333333343344444444445556777787777777777777777677666666666666566665554
22222222222222111111111112222222222222222222222233333333333333333333333333333333333333333333333333333321233333333333334444433333333333333333334444444444445666777777776676777777677766665556665666655554
22222222222222211111111112222222222222222222222333333333333333333333333333333333333333333333333333333321233333333333343344433333333333333333333433344444444555666777777777788776677776665555666666655444
22222222222222221111111112222222222222222222222333333333333333333333333333333333333333333333333333333321233333333333444344333333333333333333333333334444444445556677777777788776667777665556666666654444
22222222222222221111111112222222222222222222222333333333333333333333333333333333333333333333333333333321233333333333343333333334443333333333333333333444443444445566667777788777666777665556666555554444
22322222222222222211111112222222222222222222222233333333333333333333333333333333333333333333333333333321233333333333333334333333333333333333333333333344433444444445567777777777666666666556665555554444
22322222322222222211111112222222222222222222222233333333333333333333333333333333333333333333333333333331133333333333333344333333333333333333333333333344444444444444556777776667666555556666655444444444
23322222322222222221111112222222222222222222222233333333333333333333333333333333333333333333333333333332133333333333333333333333333333333333333333333344444444444444445566666666666555555666644444444444
24322222222222222221111112222222222222222222222222233333333333333333333333333333333333333333333333333332133333333333333343333333333333333333333333333344444444444444444455555555665554445565544444444444
23322222222222222221111112222222222222222222222222223333333333333333333333333333333333333333333333333332133333333333333333333333333333333333333344433344444444444444444444455555555544444555444444444444
23322222222222222221111122222222222222222222222222222333333333333333333333333333333333333333333333333332123333333333333333333333333333333333333334433344444444444444444444444444455544434444444334444444
24432222222222222221111122222222222222222222222222222333333333333333333333333333333333333333333333333332123333333333333333333333333333333333333334433334444444444444444344334444444444333333343334444443
34532222222222222221111122222222222222222222222222222333333333333333333333333333333333333333333333333332123333333333333333333333333333333333333334443334444444444444433334444444444444333333333334444433
55643322222222222221111122222222222222222222222222222333333333333333333333333333333333333333333333333332223333334433333333333333333333333333333333344434444444444444443333444444333444333333333334333333
56644322222222222222111222222222222222222222222222222333333333333333333333333333333333333333333333333333223333334443333333333333333333333333333333344444444333344444444433433444333344333333333334333333
56644433222222222222222222222222222222222222222222222233333333333333333333333333333333333333333333333333223333344433443333333333333333333333333333334444444443334434444443333333333333333333334444333333
55543333222222222222222222222222222222222222222222222223333323333333333333333333333333333333333333333333223333344433443333333333333333333333333333333434444444333333344443333333333333333333333443333333
55543222222222222222222222222222222222222222222222222222333322333333333333333333333333333333333333333333223333444443344333333333333333333333333333333333333334333333334433333333333333333333333333333333
45653222222222222222222222222222222222222222222222222222233322333333333333333333333333333333333333333333223333433333333333333333333333333333333333333333333333333333333333333333333333333333333333333333
55564322222222222222222222222222222222222222222222222222223322333333333333333333333333333333333333333333223333333333333333333333333333333333333333333333333333333333333333333333333333333333333333333333
55554322222222222222222222222222222222222222222222222222222223333333333333333333333333333333333333333333223333333333333333333333333333333333333333333333333333333333333333333333333333333334333333333333
55565322112222222222222222222222222222222222222222222222222222333333333333333333333333333333333333333333223333333333333333333333333333333333333333333333333333333333333333333333333333333334333333333333
55565322112222222222222222222222222222222222222222222222222222333333333333333333333333333333333333333333233333333443333333333333333333333333333333333333333333333333333333333333333333333333333333333333
55565322111122222222222222222222222222222222222222222222222322333333333333333333333333333333333333333333233333333333333333333333333333333333333333333333333333333333333333333333333333333333333333333333
55555422111122332222222222222222222222222222222222222222223322333333333333333333333333333333333333333333233333333333333333333333333333333333333333333333333333333333333333333333333333333333333333333333
55555422112222333222222222222222222222222222222222222222222322333333333333333333333333333333333333333332233333333333333333333333333333333333333333333333333333333333333333333333333333333333333333233333
65555422112222343333222222222222222222222222222222222222222322333333333333333333333333333333333333333332233333333333333333333333333333333333333333333333333333333333333333333333333333333333333333333333
54445422111223444443222222222222222222222222222222222222222323333333333333333333333333333333333333333332233333333333333333233233222233333333333333333333333333333333333333333333333333333333333333333333
44445532111233445554322222222222222222222222222222222222223333333333333333333333333333333333333333333332333333333333333333222233222233333333333333333333333333333333333333333333333333333333333333333333
44455532111233455555432222222222222222222222222222222222223333333333333333333333333333333333333333333332333333333333333322222233222333333333333333333333333333333333333333333333333333333333333333333333
45555643211233445555543322222222222222222222222222222222222333333333333333333333333333333333333333333332333333333333333222222333222233333333333333333333333333333333333233333333333333333332333333333333
45555543211233345555554432222222222222222222222222222222222233333333333333333333333333333333333333333332333333333333332222222333222233323333333333333333333333333333333333333333333333333332333333333333
55555553222223334555555444322222222222222222222222222222222333333333333333333333333333333333333333333332333333333333322222222233322232222333333333333333333333333333333333333333333333333333333333333333
55554454222223324555554455432222222222222222222222222222222233333333333333333333333333333333333333333332333333333333222222222222222222233322333333333333333333333333333333333333333333333333333334433333
55544454223222223555544555543322222222222222222222222222222233333333333333333333333333333333333333333333333333333333222222222222222222233222333333333333333333333333333333333333333333333222333344333333
55444454323222223555445555555532222222222222222222222222222333333333333333333333333333333333333333333323333333333333222222222222222222222222233333333333333333333333333333333333333333333222333444333333
54444445333232223555555555666643322222222222222222222222233333333333333333333333333333333333333333333323333333333332222222222222222222222222223323333333333333333333333333333333333333333233334454333333
44444445433333223555555556656554433222222222222222222222333333333333333333333333333333333333333333333323333333333332222222222222222222222222222233333333333333333333333333333333333333333233345555443333
44445555433333224555555565555455443322222222222222222222333333333333333333333333333333333333333333333323333333333332222222222222222222222222222233222333333333333333333333333332233333333333456666543333
44555555533333223544554555554445554443232222222222222222333333333333333333333333333333333333333333333223333333333332222222222222222222222222222222222233333333333333333333333233333333333335666666554444
55655555554433323445544445444455455554333222222222222222233333333333333333333333333333333333333333332223333333333333222222222222222222222222222222222223333333323323333333333333333322333456666665555555
55554455554443323455444444445555455544433332222222222222233333333333333333333333333333333333333333332223333333333333222222222222222222222222222222222222333333333333333333333333333333334577666666665666
55554566554343323554444444455445555444444443332222222222233333333333333333333333333333333333333333332123333333333333222222222222222222222222222222222222233333333333333333333333333333345766666666656666
66555665554433333544445444554445444445555544333333222222233333333333333333333333333333333333333333332122333333333333222222222222222222222222222222222233233333333333333333333333333333456656666665566666
