23332245445323332223334343222323333333322333332333333333444443344333322333222334544456899999999999999999998769999635669998863355444333321111123333333321122222222334433321111112221222233333344444444444
22333224335532332223333433333334443343322333332234323343455454444333332233333344445579999999999999999999987679898534459988863345444333322111123333333212233332222233333211111111221222233333344444444444
22323333334642243333433443333455444334322332332123433343345445444333332222333444567899999998999999999999998788897533569867862244444333222111223433333222333332111232222111111111221112233323333444434444
22322333564432234334344443433345445555333332232123443343344445543333332322233357899999999887779999999889989998875333679855852344444333222212234333322222233332111122222111111112221122223323333444344333
43322233465322333333323444443334445456434443233234443444434444554333333322333699999999999767768999998778769888765433568856742344443333322222334333322222233332222111221111111112222222223222333333333333
55332223355322233233322444454335655444554444333333443333444444554333333333467999999999999755667988996556667766654333446666643344433333322222333333222222223332332111111232111122212221223222333333333333
55432233334324433333333345554334555544445443333333333333333444444343343334699999998899999865657887885445556655544333444555533444433333332333333333222222223333333211111232221222212221222222333333333333
55433333333323543333334345665444445544444543333333433344333334444334334445899999998899999876566656776445555554544333444445433344333333333333333332222222223333333211112332221232222211222222323343333323
44433334333222453234334335575544444443444445544333333344333334455544456789999999999999999986465445555434455544444333444434433333333333333333333222222222223333333322223323322332222211222112323333233333
23434443344321243444424334566665444444344345554343333445433335787656899999999999999999999987464334443444445444444333344334432333333333333333332222222222233333333333333333323433222122221112223332223223
22335554333554344444433434566676544443343335543444333455543468989999999999999999999999999988553333443443444444444343334333322333333333333333322222222222333333343333443343223433222122211112223222222223
45555554332455765444433543456676544443344335543334333445556898789999999999999999999889999987543333333344444444444334333333322333333333223333223222222222333333344334444443344432232222111112222222322223
46766543444555687533443554446676644455334444433333333346799997899999999999889999988556789888633333333334444444444334333333322233332222222333222222222222333333444444444443454433332222111111122222222233
55556554577655556543333443455676555566534443333333333369999988999999888997799999855334556685543333333344444444444334433233322233332222222322222222222222333334443444444444554333333332121111121111112333
65545555687754544555444443445555555555544444333333333699999968999998768888999999764223434476343333333344444444444334433333222333332222222222222222222223333334444444444445554344444432222111111111112233
56655665567655544444554444454444455555554544433333468999999957999998657988999999998322233367454333333344444444443334443333322333322222222222222222222233333333444444444445554455444432322111111111112223
56555666556566544454444444445643455555555554433335899999999757999998778999999999997322223346544333333444444444443334433333322333222222222222222222223333333333444444344444555555555433332211111111112223
56655555556667644454444445555675456656665565433479999998999646999999999999999999998523322235544333333444444444444434443333332332222111122222222222223333333333433344444444555555555444433222221111111222
55654544567766766544555555565566545665565465435899999998889646999999999999999999999633432224554333333334444444444434443333333322221235675322222222233334433433433344443444555555555444443323322110111122
55665444566665676543456665555555545565456555589999999987778646999999999999999989987653332212444333333334444444444444443333333332222466899732222222233344433433333443434444455555555555544344332111111122
66665544556545565444455566555444554555446556999999999985778735899999999999999889887655322211234333233334444444444444443443333332236754577743222223343344433333333433434444444455555555544554443211111111
66555543456544555454455555555554565544445669999999999995577844799999998899998888776666533112122333333344444444444444344443333222377643345544532333343344443333333434444444444455555555555544443111211111
56544443455543455554455555554555455444444589999999999996467763588889988888798877665566553344333334344344444433444444334443333223785433334456843343343434343333333444444444444455555555555555443112211111
55555545456544444554466544655555434344443699999999999997556664578888887776676656655445554566555444444444443333344444433443332226753343333478853333433334343333343343334444444455555555555555542223222111
44556655655544555555556544665554333333345899999999899998545664469877765665665445554444444555555544444444444433334444433333333247533444333357863333333433444334333343444444444455545555555555542333233111
34555665555544455555555545655444333333458999999986678998544565458865554555654445645544344444554444444444444444444444433333333264333444433335863333334444444434433333444444444445544545555555543443442211
44555545555654445566655555554344444444567899999765667898644456356755443444544444455544444344444444444444444444444444333333333364233344433335753334344444443434433444444444444445444445555555544445533211
53444444454665566765678654444444443333444459997655667887644446445554433444444454455444434444443234444444444444444443333333333443333334333435533344344444443444433444433444444454434545555555544555433221
54543334345676556665567754444333333233332249965555667777644445544454333334444665445444443434443233444444434444444443333333333443333333333444333343344444443444444334434443444443344445555555455555344322
65553333446777666665555544444332234434421159744556567877654444533444333334456666544443333333333333333344444444444433333222333343332233334454333343344444444443444444444433444444444445555555555554444332
55552234555776676566555454455322224434421179544566666677754444533343333334457667644433333333333444322333444443333333333222343354333333334663333333344444444444444444444444444334444455554455555555444334
45543334566566566556545445445322223433431288444556676666654444433333333334566554433333333333333444333333444433333333333223443345333333345643333333334444444444444444444444443334444555554455555555544444
55554555567655566554554445544323223432542595444555665666664344433333333334666433333333333333334444333443344333333332222234433333554333334333333333334444444444444444444444433333444444544445555555544444
56566555555665567654444444434322223443377984444455555666665434443333333334654333332333333333333444334443333333333322222344333332355333333333333333344434444444444444444444333334444444444445555555555544
55555544554566556754455433224322223444489964444454455666666434563333333323533322332333333333333333344443333333333322234443333332233333223333333333333444434443344434444444333334444444444445555554455544
55566665445666546655555443323322333444699843434443455666666545884333333322332222322333333333333333333333333333333333434443333222222222223333333333334443334444344444444333333334444433344554545554455443
44456566555665545554555433322334444456699543333444555566666647974322222333222222222233333333333333333333333333333323433333333322222222222333333343344343344344434444444333333334443333444444445544455444
55445555655655555566445554434564565567786443333344555556666668974322222233222222222333333333333333333333333333333234433333333333322222222333333333343443344344433444444333333334433333444444445544445445
55544566775665555667754565555555357556863343344444555566666668774332222322222222222333333333333333333333333345444444333334333323332222222333343334433444344444443444444433333344433334444444444444455455
55555566667666555566665445555554435645742344444555555566655678764432332332222222222333333333333333333333334643323554333344333322332222222223333334333444344444444444434433333344443333444444444444454455
66555766556767665556665555544454344455754554444455555555555578664433443222222222222333333333333333333333336422333334433333333332232222222223333334344443444444444444333333333433443334444444444444544455
55555665567766656667765565554454443245754544444444555555555568654432224333222222222233333333333333333333344223333223433333333332222222222223333333344444444444434443333333333334443334444444444444444445
55566665456667655567887666455554455334764334444444555555555567544443223445222222222223333333333333333332343233333322333333333332222222222223333333334443444444334433333333334434444344444444444444444445
66556656655656765556666666655565566544874334444444555555555555544543333334523223223332333333333334444444444223333332333333333332222222222223333333334433444444334433333333344344444444444444444444445554
66666666765655656555545556666556655556784344444444455555555555544443233343534665445544444444444334444444554222333333233333333332222222222223333333344434444444333443333333344344344444444444444444455554
67667766554566655676554445446655565456686346544444444555555555454332222243334754333444444444455444444445553222233333323333333333322222222222333333344444444444333433333333443444344444444444444444555544
66666775555555665687555454357666555566678545533334444444445555444332332223445444444444455555666545544444554222223333333333343333322222222222333333344334443444333333333333444444334444444444444444555545
66666666666556766678645445556766555567569755333333333333444555444432333222455544555555665556765434544444554222222333333333333333332222222222222333344333443444433333333333444443334444444444444444445555
77666566667766765567754444456666656656667865335454434444444455544433333322355543555665655446754434444444443222222223333333333333333222222222222333334333444443333333333344444433334444444434444444444555
77655556666765666556664344445665555656666766657766433443444444544444333322344433454556544447644444444433333422443222333333333333333322222222222233334333433333333333334444444444344444444334444444445555
77765556555565566665555455544545555555655665676775543443455344554344532222333333344455444346644444433333322346643223444333334333333322222222222233333333333343333333344444444434444444433344444445445555
77876655455555455565444466643345555455556665667656544664445444454344433334433333333344333336643333322222222265333444333333234433333322222222222233333333333333333333344333344434444444443344444444444444
67776555444566665556644566654445454455557766656655544454444655445434443344322222222232222235642222222222222353234433333333234443333222222222222333333333333333333333333343344444444444334444344444444444
56665557544567787555554567566555455455555786666655765544555787645544443344232112222222222234642222222222222342123322333333334443333222222222222233333333333333333333333343344444444444334444344444444444
44665556544676667435655566646555566556555667667766898755676698654555544333233111122222222223542222222222225433134323333332344443333212222222222233333333333333333333333333344444444444334443444444444444
44577764444577654445766567655555666655556655555566689777777896344555554333332211122222222222342222222222226433233333333332344443333211222222222223333333333333333333333333444444444443344444444444444344
44677766444566654455565568866655665545556554544455567666788988334555555433332222222222222222343222222222223334443333333332344444333221122222222223333333433333333333333333444444444443344444444444444444
44566655544466664455345678876666754433566664444455555555689995345555566533333212222222222222234222222222223344443333333322344444333332122222222223333333333333333333333333443344444443334434444444434444
44455555444555565444545777677676764333567665444555445555869852335555666543433212222222222222223322222222245344432333332223344443333433211222222222333333333333333333333333344444444443344344444444443444
54455555554565346754456776557668776447876666655655444568846323234556665543443321222222222222323332222222354343322333332223444443333333321222222222333333333333333333333333344444444444344444444444443444
65455543344455447986444666555757886666775566776555565555432222223455555553344322222222222222233322222222432344322334333223344544444333322222222222233333333333333333333333444444444444444444444444444444
56546654454346655766444446655676888666665676665555567633222222112333555554344332122222222222222222222222222343323334333333355544444433332222222222233333333333333333333333444444444444444444444444444444
55545767644334654543444336755676666655566787655545558522222221122344555555344432222222222222222222222222223343223334333333355433345533333222222222233333333333333333333333344444444444444444444444444444
56555665533434433443344444776677665544567777555554457422111111123344555455444433222222222222222223222246533443233344333333354222354543333222222222223333333333333333333333344444444434444443344444444444
65555554355544433344454555689899866543457766555554456311111111223333454355544443322222222222222233322233443433233344333222343225554454333322322222223333333333333333333333334444444434444443344444444444
65555544347654443344467766689989965644445655655443456311111122223333443466544443321222222222322333333332234434543344332223232135643355433323332222323333333333333333333333334434444343444444444444444444
66667764456544433333456786567888974455554554544433457521112222333333345556654444322122222222333233333332323333453344332222232353443344433333332222223333333333333333333333333434444443443444444444444444
66677886445434443333456555446767764335666554443443356764322333333433455444554444432222222223333333333333322223333344432222233553343333433332333332222333333333333333333333333334444443443444444444444444
66666677434445554444343444345875544455566554443433455576544333333434555544554444433222233333333333333334333333333344433222345554345574332332333333222223333333333333333333333334443444434434444444344444
85555455433454444455323444443456544566566554433333444556645433333344455555555443343322333334444443333224333333333334333223344565435686332333333333322222333333333333333333343333444444434434444444444443
66555544333444334554322443343444554555444344443333555554654444333344345554346653333323334444444432332223333333332234333333344455444466233223333333333223333333333333333333333333344444444444444444444444
65576555334334435554222343343445455443222223553333465324665335543333334333345666433333333444333322222222333333332224333333345654344337323322333333333223333333333333333333333333334434444444444444444444
65566576644434434555444554454344445443333212455334344335654434543324444433224456643333234555544456544544424433332224333333345565335424533331233333333323333333333333333333343333334444444444444444444444
55545456665545653345566553333344455533333222234433346577644443553324554433433445654433345664665556665664435544333234333333445446544432433232123333333322333333333333333333343333334344444444444444444444
44544334556654663334555543333444444543212342223443345778645554453224555543543444543454445665555544565664455444454344333333345446544443444322123333333332333333333333333333333334343344444444444444444444
54554334554543332334543344334554333453323345333444445665444554454223445643453443454334645565554434566676454333356554333333345436644454443432123333333333333333333333333333333333343344444444444444444444
55455333555555333344444444444455534445333347533334445554333454555323445654454443354344554555555444567667565433246554333333334535654445543322123333333333333333333333333333333334443344444444444444444444
65446433466555543444434433333333664554444446744554567765743454466522455665554443355344443457656666566667656543234563333333333433554545643222223323333332233333333333333333333334343344444444444444444444
45434633357865444443333443333333254455444433665466556556674444346653445664554443246434333455676777555577655443234365333322233343455545542122223323333332233333333333333333333334433444444444444444443444
44543564236774444444333355444454233334443333354457644434565335324764444665454454336544323565557755665566555444333455433322234233445555631112222213333332233333333333333333333344443444444444444444444444
45554344335564444444433245555445433333444343444334444444566444533787344576554444566755324655455654566566455444443465433332223233445555652113443223333332223333333333333333333344444444444444444444344444
45654445545555444454433554455555333444344334454323345654467755554587434566655444455787645654444444556666544344444566333322222233333554442114787544443322223333333333333333333444434444434444444444444444
54453334655544444455444565454335533344444333434433334444456655544566445446655555434457865555554445467655543335544454333222222234444444344446888766654333333333333333333333333344334444444444444444444344
33334233455444445545544455445544544333454333343343323323355566545456555545545555434444565556675455557765443233443333333222222224346765578743567776665433333333333333333333333334333444444444444444344443
33223333344434544556555445533455654333355334344333322433557678745655556645534554344444556677765545656765333232244333333322222223344456787521346656555533333333333333333333333333334444444444443344444444
53222334544433444456655445433444564333445433324333233444677668765566455655544555443345566676654345665666433233234333333322222223224433346632355555655533333333333333333333333333334444444444443333444433
66643334444443444455555544333433454433455433332333334544556655676567664455544455543446665656544445555776433322234322333222222323323443212232345664555533333333333333333333333333333334444444444334444443
54654444333234444445567654333444467654456554343332344454455555555567776455644445445556665654454555555776422323223322333222222223333443321122334564455542333333333333333333333333333344444444444334444444
34443334543223444445556655533444445654456645665433444444444444566667887555553455443556555555345555555676453332333222233322222233223432342222334443555554333333333333333333333333333444444433344334444443
33444433444333433444555433566543344443334532576444554433433444556788776555554455444456555664444554565677566433653322233322222233223432233322234333564555433333333333333333333333333444444433333344444444
33344443344344455444455543345763233443334643456656543332344344577777766456555555544567656775445455455676566433686332233222222334223432222453323333444555423333333333333333333333333443443333334444444444
33554454444334445644344454544577543333545886654676763355345455667655666645544544464566886665555555556566655433575333233222233333333332113355433344444566543333333333333333333333333443434444433444444444
33344444444333333344334555575556666665566786776677576467656766666654567655444444456556897444665555544455555345564333233222233334665432112444454444444468654444333333433333333333333333333444433444444444
33344344444333333335434456567654566677777666566666557767656676665544578754444444445654797333555444444555443333665334333222233334675443212443346654445458843354433334433333333333333333333333433344444444
33345554444333333335634445633554456566778876566655656777544566555444467754444564444775697433354434344455433334345323323222233334666543333333256656445446873245543333333333333333333333333334333444444444
44478987654333333333444554443234445556666665556765665677534455443334555654344676556676587543333333434455433333433333323222223334665674345432246534454555554333553333333333333334433444433333344444444444
44579999864333433333334553244432345455665555545565665556643444333333456544444467788645567433333223444355443345555333343322222334675675333432225534344455543333444333343333433334434333443333344444444444
55555756542222233422334443223455556645566665566555555666554333346433346764544467766657755423332222233333543334545543454322222335566565334432124534445444543333543333343333433333333333443333444444444444
54444554343223233332345554444445677655556666667765554566544444445633335676543356544556864333223111222333453333433554455332222334555544345533335653445544453233453333333333333333333333433434444444444444
43444565443333344434545555444555566555555677777877655455443333345673347767765456655444565333222311122245454333333444333332222333454332333333435554345555543224443344333333333333333333333444444444444444
44333333433333346545765666765555655555555678887765544444443332344587347865665667766545545434443221112235443334422343213332222333456442333234555434434556754434444334333333333333333333334444444444444444
44433333344543456655664556567777656776555567899643443333343322244346556755444666764444555544564222212233433333442345423332222233455677443222355532333446765444435434433333333334333333444444444444444444
44444346666666555666554555443457765674566665677753444334444432334334446874443345544544554443454222222233333333444334543333222333455558743333345444354335644432235543543333333334333333444444444444444444
54456435775666556666545555444345787555566555545555544446775543343335646884443223575553443435444322211122123222343334555433322334445545654333445433447535532443355444343333333333333333444444444444444444
55334434444465556655544555544444699745665454555653344444566455333345655863233344577545446558743222221112112322223223545433333235554445434323435533335644433333465334333333333443333333444444444444444444
45654454432355566656555555553344689864554566775565344454445444323455554662233356665435567888863232221122212443322223554433333234555445422323444553334555433332465212333343333443333333444444444444444444
45755555543335667766656656555666677565554578875335544344333333333554465543223345776434778886554323222224433454433446766543333323355555533322444564333455433333554222222344334444333344444444444444444444
55676776655665566886666666655577765456555644433334443234332344434553356543544445775433577787433322222233543444455555676653333322234555546623433466543455432345652223333234334444333344444444444444444444
76666788643566555677657765455567775455566553223355454344443334454443344446665454554233466667743466222224443334335754566443333322233445544653431245686444433235663212323545433444334444444444444444444444
77666666764555565456657876444566666444555544444357535444444332235554333348974344443333476544444468831122556554356776566433332222233445554444432124577534454324443222122465533444333344444444444444444444
56666565565445455444556887534455665443555545334565533443234422237887642348985444444443466433455465584234356755468666667664333334553454465445545535665544554333321223224456644344434444444444444444444444
55676555555433445544444676543334454434555444533565553344333322368875543345884445433344456533345468557545544555557756667665444433675355347644545875664443444333333234334776775444444444444444444444444444
