67521123322122566743422332223222222322244442223333332333654333333478888888888888888888888888777888887645676667787664344332232222223334333578888888888888888888888888888888888888888888888777777777777764
67421222222211257754323223322333312322257532223533322335653332322488888888888888888888888877654888854556766566688644333333443232233335433368888888888888888888888888888888888888888888888877787777778744
67422222222221157884322233221222212322157422233543223324563222222356888888888888888888888888753788865545456877778753432245443321332445444578888888888888888888888888888888888888888888888877888877777766
67421012222222577875332233222222112322157422233332222223322112223235688888888888888888888888764788875333346777767643333244323331222333235688888888888888887787888888888888888888888888888877888777777777
67422222222221367633322233223322222222257532332332222222352111222123678888888888888888888887764788864333347875433443333333322221222232223788888888888888875455578888888888888888888888888877778877777776
67422322222222267332333332233423221113257522223322222222385211222222347788888888888888888878764788533333346664332233333233332222323222223788778888888888854334347888888888777767888888888777778888787777
57532322232112146442223333332313221233358532222432222333566211133222244567888888888888888877763775443343333344453333333222322222222222234577568888888888643333335788888888777646888888888777888888888777
47534433443224334432323333432225322434347632222432223323232211233221233335677888887888888877764554343442332234456544323333222222222223222344457888888888544334344686788888877646888888888776777888888777
77425554554455544544444444544445544445337532233533223344332211133222343333357888886658887677764455444532222225576533343442223222222233333233357888888888643333344575688888777646888888888554666778767876
77424444444555444444444445444555555555556533444544445555555434454555555555467777775446666457764356444532222235444333342332124322224222223332357888888887653333457564588888777647888888787443434457636854
67424444444444444444444444444444444444555534544455445555555555555555555555565555665566555567764465555655555565555555555555455444446544444444466777777767544333355554477677777636876777664434333345434533
67534433444444444444444444444444444444456533444454445555555545455455555555555555555555555534753455555655555566555555565555556555555655555555565555555556555555555555555555677645665555555555554455444554
67533333333333334444434444444333444444457533444444444444444445444545555555555555555555555533764455555555555555555545554455555555555655555555555555555456555555556555545555677645555555555554455555555555
67423333333333443433333343444333444334367533444444444444444444444444444444444444444444554556764454455455555555555555555555555555445555555555445445555444555555555555544555577644555444444544444445545544
67423444444444444444444444444444444444467533443444444444444444444444444444444444444444444447775444444444454455555555555554555554444455555555455444455455555555555555555555577644555555544444444444444444
67524444444444444444444444444444444444456533444444444434344443444444444444444444444334444446775344444444444444444444444444444444554444444455555555555455454445554454555544577643555444444445444444444444
67523433444334444444444444444444444444456533444444444444444444434444444444444444444444444446775344444444444444444444444444444444444444444444444445545444444444444444444454577643444444444444444444444444
67523333333333333343333344434443344344366533444444444444444334344444444444444444444444444446775344444444444444444444444444444444444444444444444444444444444444444444444453247643444444444444444444444444
67523433343343333333333334333433343443367533444444444444443334444444444444434444444444444446775344444444444444444444444444444444444444444444444444444444444444444444444444237643444444444444444444444444
67523434443443333433333334334443333444467633334444444443333444334444444443334444444444444446776444444444444444444444444444444444444444444444444444444444444444444444444444467644444444444444444444444444
67523334433344344444433444434444333343466423344443344433333444444444444433333334443444444446876444444444444444444444444444444444444444444444444444444444444444444444444444566655444444444444444444444444
67633333333333334443343444443334444344366433444444444433344444444444444443444444444444444446876444444444444444444444444444444344444334444444444444444444444444444444444444577654444444444443444443444444
67633433333343333443333334443333444444467533433444443333444433444444444444333433444444444445776444444444444444444444444444443444444443443333334443433334433344444444444444577654444444444433444444444444
57523443444433333334433333344433444444467643444434334333444444444444444444434433444445444445776444444444444444344444444444444443444444444433444444433434444344444444444443565654344444444434444444444444
37533444443333443433433333343433443433467643444434334433444444444444444444444444444344444445776444444444444444444444444444444444444444444444444444444444444444444444444443566554433334334444334334434334
57533444444443444444434444444444433343457643444444343443444444444444444443444444443434444445775444444444444444444434444444443444444444444444444444444444444444444444444443577653433433344343334333333333
57533444444444444444444444443333444443467643334433343344444444444444444444444444444444444445775344444444444444444444444433444443333333334444444443443444444434444444443343588654433433443333333333333333
67533334434444444443444434343333343334467543444433433333433334444443443444444444444444434345776434434444344444344444444444444444444334344444443444444444443333433333443333587654433333433333334333333333
67533444444443334444444434444344443444357643444444433344333343334443343334443444444434333344876434443334334434444443444444444444444443334444444444444444444444444444554444577643333333333334334444333333
56633444444444444444444444444444444444337643444444444444444444344443444334443444444334434344776533333334434433433333443434444444444434444443444444444445556555566656555554566544443333333333344444434344
67633444445555555555554455555555444444357643444444445444444444454444454444444444444444444444776534434433443434444444444444344444444444444444445556556676666666666666666666666666544434334333344334334444
67523444444555445444444445454455555554467643444444544445544444444444454444444444444444445444776534444444444444444444444444444443444344444444566678777666666666666666566666666666654454444444444334434444
57523433443344443434444344444444445565567644555555555555555555555444444444444444444444444445777535555555554455544444444444444454444444455676777777666666676666666666665566666666666544444444444434334333
26533433434343434444433333344444444444467543555444445444555555555556555444444444444444444444777535444445555555555555555555444444444445777777666677666666766666666666555666666666655665544444433444333333
57532333333343434444434444444434344433457643444333344444444455555455555555665555555544444445677534444444444444444445555455555555544578777777776666666666666666666665456666666666665556544444444334333343
56532343444544344334444544544444444444357643444333343333444344444334444444555555555555555444476534444444444444444444444444444444454676667777776666666665555556666665556666666666665555664443333333334443
56632333433444444343444444444455444444457643444444443333334433433333333443344444444455545543267644444444444444444554444544544456743677777776666666655555556665566655565666666666666555666543333333333333
57532332333343444434444443444443433344467642454444444444445554444444443333334333344444444444477544555444444444444555555555444588734788887776766666656666666666666545665676666666666666677654333333344433
56431222322333334333344444343344333334457643544444454444444454544456444455455444444444333444687644555555555545545555444444446888735777887777776666666666666666666555666777766666666666777764444444444333
33332323332333233333343333333334434334336643445444444444444444454445444455455454444444443443587643444444445556655554433434678777636877777777777666666666666666665556666787766666666667777775544444444444
22322323322233334333333334344445433344347643344344554454444444444444344444445334444544454544577653443444445555544554434457887778647777777777777766666666666666666666667888776666666777777776454555555455
22233323333333333334333333344334344444457643344344444444444444444543343443444344343444444544577654444444445555443454555788866777557777777777777666666666666666676676667778777666666777777666555445544554
33333333443333334444433434433334444444457753344334544444444544434444444443444354343444434455477653444545545444333456787887666777467777777777777666766666666666666777677677777776666777776677644444444444
45444333344434344334434333443334443334457632333333455434444444443334444455454344444444445454477653544555444432335667877777666777467777777777777777766666667677667777666677777777777777775577644444444444
44333333333443344334344333443333333333446542222333444445543344443444444533433343334344345565467653445554533233457778776766666677567777776777877777776676776776677666666678777777777777764268754444444444
44443444445544444443444334444333334433356532121233434334443334333433323534434443354444555456557653455554433356678877766665666677568777777777877776677767766766776667666677777666777777664138755444444544
55554445445445444444444434333444334444346543222223333333333222333334434444344345443444455555446654555544335667877766666665566777678777777777777776666777766666766666766776766666777776553238855444445544
44544434334554444444455443333444333343334333333233333223344434344434434333444333343444455445323554444443457887667666666655666777678877777777777776666677766666655566776666766667777765442127864534334444
33344433444333444444444543443445443334333233333333333333343444444444433444444443334334544343134354432334577776666666666666666767778877777777777766677677666655555556776667666666777654331038864544544444
33333334433333444554444554444444445444445333423233433443333444344444433444443333444324665543234434432246777655665566565666666777777776666777666666666667666555555566766667666666776543321148865554444554
44444434333433344443333444344443454543455333433333333443333333344334434344333444443323567765333543442457766555555555556666666777777676667776666666666666665555554567766677776666766543211248875444444444
44334444433343433333333334445433444544455454344443333443433344433322334343344444444432466777543452332366655555555555555566666667777676656777766676666666555555544567766667777766666532111257875543334433
44443344443344333443444445445545455444455455444433344444444443334444433344443343344444346676445343333555555545555555555555666667776666656767766666666555555555544568766677777766666532112248876543333333
44444333344345444444444444445444554444455445544444544434444443334443343333443334333334435665435225244454555555555544555656766667766666666666666666655555555655445579866677777666776431122258876544333333
45544444333444434444444445444444344444444444444444434433354445333243233333333433333343344554434333332145556655544435555566666667755677767666666665655555555655556678876677776667775421122268765545434433
44444444334444444443444455444444453343443444334443334443344442233223333333344334333433334454323543421125666554433344445556666666755677777766666665555555566666677786776667765677875311222378755434433443
44444444444444445444443455544444454443444444333443334443333433333334443234464443444433443454333454521113555553233344455555665556656777777776765566666566667788777776776666656688764212222488755433333433
34444434433333433344554445555544444444444544434444444544444443444445543344564334454544544654556557421113555532233344555555665556666777778777875666677777878888877776676666667888753122222688855443333334
34444544433434433355444334555554445444335444444433444444444444444444555555555445454444545544357668311125543211234445544555666556667777777778986677777778888788766654376666778777652122222788766544544334
44444444434433333454444333555443222223344334444434444444444444444455554455444555555555545543356547211234321111255444444455666545566777766777997777777788766787766543277667788787641222223778765435435434
44444443444444444544444344444443212334443334444544434444455555544455444444544445545344444433466534421233321223555444344455555553456666665555797777877787666777664432267667788887521222223778765444344434
44444444444444444444444444454444334434433444444444444445444444455555444544545544543333333344455543321234432344554444333445433333234566555445477666875454356665433222258777788887411122224668766454444434
44344434444444343444444444444454434443444444444344455544544444443444433444545444454344333335565555444455432443333333333434333334323555544345334445763332245654322223358678888876211122324557666554443333
44444434444544444444454544444454434443334444443343455554554334444444344445444434434444445434355555666545542255423333333333333343344565545456523323444343223553333444446778998875211123334455655444444334
33444444443444444445544444444454444443444445433344454454444444444444344444333433334444444444454455665443443245543343333433333443443365666667744444444444433444444443444878988886311123334345554444443444
44344433333444544444544454434456554444554545544445544343323344433334444444333333444444344444554455554443234224554433333334333444443356666678854444344433334443444343344688988886421223575324444444334443
44433433333434444454455554444445555444544444534444444433233333333334433444443444344334343444544444443533344313445433334333433442343347666778864443344333343443333333244588998887432233895412333344433333
43433443333343333444444543443444445434323444433333444434444433334444333334434544453344443444434443432434454212344444444344555433343359666778864544434433344433333333333489988887332335996331332234433332
33443344333333334333344444444443344432334443334434454444334434334434444444444444553434333543444434421444444321223544444454444554344349866678885433333433333333433333333379888888433337997443322223433333
43444343334444333443444444443333333444444334444444444433344444333334444444444433344434444443444444112344354221112533444443444443344359987777886433333434443333332323333369988889533339998433332211233443
43333334334434444534334333333333323445444444444443444444444433444334434444444434344444444434333432144433364121134444544454444434323458966666786433333433333333333333333359988889633239998433333432233433
33233233333433334434334333444334444434334443433344443344444444444334434454443434444333333334334642354333354121124444444544344334433458855666676433333333333232333433333348988888843239999543333343333333
33343443334333333333223334444333434334433444444444444344444444444444544554433443444334334344444443343332254122134434434444343334333359988776567533333333333333334333333337999888853338999644433332233333
33333443443443443333323333433334434444443444444443344433344443343344434444433443343344333334443444543331244122133333433444344332322369999888778633333333334333433333333335999887884328988643334333243333
33343444444444554443333333444433344334333344434434444444433444343343454334433334333233344334443345542222333123133323333433343233223569999878888864333333233333334334333444898787765327987642333333343333
33344434443444453433543443444433344444433344444433434443443453333344354343343344343333365333444345442223444124133333333333333234234578899777899996344334333433344443333433698676655325888643333333344333
43333434223444343434653443333344344444333333343433444333343333344343344333333343443333354333454447765445421225234423433223333344335468789977778887432334434434443333433433698566765224988643333333333343
43433343333433443433553444443344344444333443444434443334334334334444444433334444444333554444454346877665322313335523344223333444434458788766677656343335443333443334333345797567765222888633333334334333
44444555433333333333444333344344434443433433443334333333444444433333333333334334444344444454444444444454423212336523233123434344434457667544665445333443333343333333433334488567655222498633333443333233
33444454334334333333334443444443333443443344343434334443444443333444333443454346544445444234343435565455332122324312332112333224424336768633555565433333433344343334333334378888754322278633333333332333
23343444434344333434333434433332232443344344333333344344443444433443333443354345444465454355433433676567541122223212442212422234323434778623355655443334443334443333322332357788753322259634433333333333
33443444333334454433434333433334433344333344433343344334544434434343433434443334334454444443433333453447510222123222522223444345333444788623235655543233333434333232332122238788753432238532333332333333
34433454333334344443443334434333344443334433333443333333543345434433444334443333534444343443333343332224310223224343422344456543233333686433226766742222322434422233322122128888653422227522332222323344
33333443334343333333443334434443333333333333333433332343332233333343345333344343454444333354433554432224321223223332521343334444445433675422124666742122322222311223212132127887642222225522211112233344
34334343333232332334322334533443333434333333333333322233333333442254346333334443343333322344323663334334333333443332432244323345334332654433123666663221221222111223211121148877642112224411111111122221
33333333333322334335323233333333333333334334333223343323333433332243334333443453334433323333332563444334422443553343333355223333344333655633233566685211231232144134311121128877632112235311112111122222
32222223323332233334433233333333323322344333233333333333443333443332234323343544333333333333333463444234523234433333332353323233333224766754222376787311243621223124312331358777534212246322012131111122
32333333333333333433422332323333333333433333323333333543333343243544344334333333323433433233323433343333333233423333332232224333323234676653143266677511243621433234323334358777545312256343022122111111
32233333333333333333532333333333333433443332223434345533333443244343443234332333333323333343324333333232233234344333322233233333333234455554332156556423254543434244334244367777552222365223322122111111
33444333333333343333333332333323344323333323233333344434334432444433333234332333333233323343423333332232333324355333232233333333233334446556643265545322345565456454333444467877542232365322321111111111
33433333334433333333333343444323344333333343333333433344334333543433333232232222322322234432333332332233233234344333332343465443255334234434644555754322553454433344444564567886433332466311212222310111
33333443334333333344334433334333334334433333333333433333433333333333333322333333332323233223323333333433233444332233333343443444344342233233344534532433353334433344444554467877433223666311115363211112
43333343333334333443333333333333343333333343343443333333433233234333333333333334333333233323433234432333333444332333323333322323233344233333344334344333464433334354435543567876444224676312112252111233
44334333333334333433433333333333333333333443333443333334432332333333343343344333333333344332343224332323332333333233322333223213232464232233433333464344343443233344444554456765343322665312014332221223
32233333333334222233323434443334344333323332343344335443443323333443433332333443332322333333233233232233343333323333232233223213333564223434433333343345432442243454333334456665243244544233134432221344
22333323433333332233433434454333344333333334443334344333344333334334433334344333333233322233333333122134333323435323332333334433222554332233433332333223343332343453333456565543131255545322144353233643
23333334433334443343333434433444333433343334334343334322454333332233444334344333332232332123333232232333333334423322434423333434433334233333322342333233444443233453334455565441233233535533343465334433
33333443433232323333333333323334433333333333334433443233333333433334355434444333343334333233333224433333432334432322434433344323333333223333343332243223334533333453337634564442344355434434333445434322
32232332232233223333343322333334433333323232433433433443333434434333345333334433343323323343343333333333332433332333534334355323344332333432264345534233346532244334456534453333453445433433333333223342
33323333333322223443344433344334443344335333444334554443333444334433334333443444343333433343343333233333333332223335634334333333333333333333443444536533344443433333344443233344343334443333333333323452
23223334433443334543343334335444333344245443344334344444344444434334334343432344333333333333433333233333333332334334544333333433333444444543434542335433444543433344243432322455454433334443333444323332
33433344443443443443333334335444333334443334443344434443333334433234334344333443333234444333433332232343333334434333333222332223323344433343334333333333333442422343333432222233653444344633433753333355
34543343333344444333333323334434433444443333354444344443333334332244333333333333334434444323332333322233334334432334344222233232333343423333334443333333233342342332333322332213533644433533233433333257
43322333433334444333333223333333443443344433444433434443333443342333444324333232234433344433333333333333344334443343344333433222322443234333333333333333333323343333322344432224333434332332233223434556
43333333433335344343333344333333444334444434444433344443333333433333434434432244334433434443323443334443333333333343233333333222223442233343333333323323223323222344442344353333453332233244333333445544
33334443434333443433443344434344544434443344445433444333332235444334434443443445434434444433433433334433433433343344343343332243333332232344333343323323223322223344424323354432443345434234333234654444
33443434444434443334344234443454445445533443444444344333332345554444445653344433433234544334444445334444434344333323333433333333232333333333333342223533332222332222223322222323333237533234322334334544
43343333454444333344445444444444443344433334444334334334433444444433344444444434433234333334443443433334434344333334333332333333323333433333333443334553332222332322332323222235534235633333322333323444
33344443433333333334443333444333453343343333334333434544434444543334444444433444434444333444344433334433333333233333333433333233434433333333423333233232322223233332333332333323233323532322343343334333
34434433433333233333443334434343343333444333332333344443334543433434443433322455444243444444334333344345433444333333334434323234434333334334333333344223223323333233233222333443322223321323233333333321
33343433332343233333433443333333432333443444333344344443444443333433333333333333443233334333334444333445434453333333344334433334443245335443333333343333333323232223333123333333322433333323234343332232
43343333433343223333343333433434434443333434444433443433333334443233444433342333444344333333333333444433333334333333343323543434333333346533333334344333233323322333234333333334344543333223233443322221
