46777667642222222211123332221111111111112222111111111111111123344555432233333445555666677877666666667777766555556666666666666666666666666655666776667777766655555555555444455666677776666666666666666566
46777666642222222221122332222221111111212222211111111111111122334554322233323444455666666777776666666677777666666666666666666666666666666666666777666667777665666655555444455566666666666666666666666655
35676666653223222221112221122222222222222222222111111111111112233444312222223344444555666677777776666666666667766666666566666667667777766666666777776677777766666666665544456666666666666666655555566655
34666655653222222221112111122222222222222222222221111111111111123333222222222334444555566667777666766655556667766777766666666666677777776666666777777767777776666666666555555556666666665555555555555565
34566554543222222221112111122222223333333332222222221111111111122222212222222333444444556666777666555555566666666666676666666666677777777666777777887777777776667666666666666666666666666555544555555555
34555544443222222222222111222233333333333333333333222222222211112222112222222233334444555666666666555555666666666655556666666666667777777677778887777787776666666667777766666667777666666666555555555566
33455544433222222222221111122223333333333333333333332223333222122221112222122223333334455566667766655555666777666656666666666667777666666666666777777767776666666667777777666778888877666666655556665566
33334444432222222222222111122223333333333333333333333333333322222221112221111223333333445555566667777766666677767666666677776666777766666555555666677777666666777777777777666778888888877666666666666666
22323333332222222222222111112222333333333344344444333333333332223222111221111223333333444555556666677777766666666666666666666666666666666666666556667777777666666677777777666667778888877766676776666666
22222233322222222222222111112222333333333344344444444444443333233322111221111222322223344445555666666777776666666666666666666666666666666666666666666677888887766667777777766666666777777777667777777666
22222222222222222222221111112222233333333333334444444444444333333332222222111222222223344444555566666666777666666666666656666766666666666666666666676667777778777777777677766666666666666666666777776666
22222222222222222222111111112222233333333333334444444444444433334333222222111222222223344444455556666666677666666666666566666666777666677666777666677777777777777777776666666666666666666666666666666666
22222222222222222222111111122222233333333333333334444444444444444433333222222232222223444444445555666665666666655566666666666666776777777777666666666777777777777776677777766666667777777777776666666766
22222222222222222221111111122222233333333333333333443334444444444433333322222333222233344433444555666666666666655555666776666666666777777777776666666667777777777777777777777777777777777666777777666666
22222222211222222111111111122222333333333333333333333333444444444443333332223333222233334333334445556666666666667666666666666666666666666777777766666666667777777776666666777777777666666667667777776666
22222222112222222111111111122223333333333333333333333333344444444444333332233333232333333332233344455556666666666666666666666666666666666666677766666666776677777766665566677666666666666667766666666666
22222222112222221111111111222223333333333333333333333333334444444444443333333333333333333322223334444455566677766666666666666665555566666666666666666667766777776555666666666777766666666766777777766666
22221111122222222111111112222333223333333333333333333333334444444444444333344333333333333322222233444445566667777766666666666667665555555556666665556666666666778776666666666677766665666677776677776666
22221111112222233321112221222333332333333333333333333333333444344444444444444433333333333222222223333444566666677776666666666666666666566666665666666677776667777778777666666666666666655667777777776676
22222222222222334542222222222223332233333333333333333333333444333444444444444444433333333222222222333344556666666666666665556666666666666666666666677777888776666666667777776666666666666666777887777777
22222222221223333343322222222222333333333333333333333333333443333334444444444444444333332222222222233334455566666666666665555555666667766666555666666666666777666666666666666666666677777776666666666666
22222222222223333333332222222223333333333333333333333333333343333334444444444444444443332222222222222334455566666665556666666666666667766666656666666666666666666666666666766666677777777777666656666777
22222222222233333233343222222323333333333333333333333333333333333334444444444444444444333222222222222334445555666666666666666666677777777666667777666666677666666666666677777877777777777777777767777777
22222222211233332223344322222222333333333333333333333333333333333333344444444444444444333222222222222333445555566666777766677666666677777766667777787777777777777666667778888888888888888888887777777777
32222222211233322223334332222222233333333333333333333333333333333333334444444444444444333322222222222223445555566666667777677777766666666666666777888888888888777777777778888998888888888888887777777777
32222222211222222233233333222222333333333333333333333333333333333333334444444444444444443333222222222233445554555666666677777777777777777777677888888888777776666778887778889988888888777777777777777777
32222222211222222223333333222222223333333333333333333333333333333333333444444444444444444333222222222233334444456666667777776777777778888888888888777777766555666788888889999988888887777777777777777777
22222222211222222222333322222222223233333333333333333333333333333333333334444444444444444433222222222333333233456777777666655555556666666677777777666668888776778899999889999988777777777777777777777777
22222222211222222222233332222222222233333333333333333333333333333333333333444444444444444443333222222222222222345677776544433333333444444456677887776678999988889999999877888877777777777666678888888888
22222222211222222222223332222222222223333333333333333333333333333333333333334444444444444444333333333332222222222344443333322222332333344556788999887789999988889999999888888777777777777777777888888888
22222222222222222122223332222222222223332333333333333333333333333333333333333444444444444444333333333333222222222222222222223233333334445567788888877888888877788898888888888777778888888888888888999999
22222222222222222212223332222222222332232333333333333333333333333333333333333434444444444444443443333333322222222222222222223333333444455667778888877788887777777787777778877777788888888888878888999999
22222222222222332212222222222222223332222323333333322333333333333333333333333334444444444444444444333333333322233333322222223333344445555566777777787777777777777877777777777777888877888888888889999999
32222221222222233222222222222222222333332333333333333333333333333333333333333333443444444444444444444444444433333444433322222333344455555556666777777777777777777777888888888888898888888888888888999999
22222222222222223322222222222222222233322233333333333333333333333333333333333333333334444444444444444444444444444444444322222333334444455556666667777777777766777777888999999999999998888999888888899999
22222222222222222222222222222222222233222233322233333333333333333333333333333333333333444444444444444444444444444444544332222233334444444445566667777777777766677777888999999999999888888899999989999999
22222222222222222222222222222222222233222233322233333333333333333333333333333333333333443444444444444444444444444444444433222223334444444445556667777777777776777788888999999999999988777888899999999999
22222222222221122222211222222222222322222222222223333333333333333333333333333333333333343344444444444444444444444444444443322223333344444444556666777777777777788888898888888888899888888888888889999889
22222222222221112222111222222222222222222222222222222223333333333333333333333333333333343344444444444444444444444444444444332222333333334444455566667777777778889999999988888888778888888888888888899888
22222222222222111222211222222222222222223322222222222223333333333333333333333333333333344444444444444444444444444444444444332222233333333344455555666777777788899999999999888888777888888888888888888888
22222222222222211222221211222222222222222332222222222223333333333333333333333333333333333344443444444444444444444444444444333222233333333344445555566778887778899999999998889998877788888988888888888777
22222222222222222222221111122222222222222322222222222222333333333333333333333333333333333444444344444444444444444444444444333222223333333334444455555677788777888999999988888899887788888889998888877777
22222222222222222222111111122222222222222222222222222222332233333333333333333333333333333433444444444444444444444444444443333221222233333334444444555667777777778888888888888888888888888888889888887777
22222222212222222222111111122222222222222222222222222223332233333333333333333333333333333344444344444444444444444444444444433221122233344444444444455667778777777888887777888888888888888888888888888888
22332222112222222222111111112222222222222222222222222222222223333333333333333333333333333333344344444444444444444444444444443321112223344444444444455567777777777788887778889999988888888888888888788888
22222222221222222222111111111122222222222222222222222222222222333333333333333333333333333333333334444444444444444444444444443321112223344444444444555566666667777778888888999999998888888888888877777788
11122222222222222222111111111122222222222222222222222222222222333333333333333333333333333333333334444444444444444444444444443321111223444444444444555566666666666778888899999999998888888888887777777777
22112222222222222222111111111211222222222222222222222222222222333333333333333333333333333333333334444444444444444444444444444322111223444444455444455555666666666778889999999999888888888777777777777777
22211222222222222222211111111111222222222222222222222222222222333333333333333333333333333333333334444444444444444444444444443332222223444444455444445555555556666677888899999988888878887777777777778877
22211222222222222222211111111111222222222222222222222222222222333333333333333333333333333333333333444444334444444444444444443332222223444444444444444444555555566677888889999999888888878777777777777777
22222222222222222222111111111111122222222222222222222222222223333333333333333333333333333333333333344444334444444444444444443332222223444444444444444444444555566677788889899999988887777777777788887777
22222222222222222222111111111111112222222222222222222222222223333333333333333333333333333333333333333443333444444444444444444332222223344444444444444444444455556667778888888999988888877777777778888777
22222222222222222222211111111111111222222222222222222222222222333333333333333333333333333333333333333333333444444444444444444333222222344444444444444444444445555667777788888888888888787777777777788777
22222222222222222222211111111111111222222222222222222222222222333233333333333333333333333333333333333333333344444444444444444333222222334444444444444444444444455666677777788888888887777777777777777777
22222222222222222222111111111111111122222222222222222222222222332233333333333333333333333333333333333333333344444444444444444333222223344444444444444444444444445566667777788888888777777777777777777777
12222222222222222222111111111111111112222222222222222222222222322333333333333333333333333333333333333333333334344444444444444332222223344444444444444444444444444555666777777777777777777777777777766666
12222222222222222222211111111111111111222222222222222222222222222333333333333333333333333333333333333333333333333444444444444333222233344444444444444444444443444455556677777777777777777777766777777776
22222223332222222222222111111111111111122222222222222222222222222333333333333333333333333333333333333333333333333444444444444333222233444444444444444444333333344444455567777777777777777777766667777776
33322223322222222222222111111111111111112222222222222222222222222333333333333333333333333333333333333333333333333344444444444333222233444444444444444444433343344444455566677777777776777777666677777666
33322223322222222222222221111111111111111122222222222222222222222233333333333333333333333333333333333333333333333333344444444333222233444444444444444444333333344444444566677777777766667777677777776666
32222223233222222222222211111111111111111122222222222222222222222223333333333333333333333333333333333333333333333333333344433333222233444444444433333433333333343333444456667777777777666667777777777766
22222223332223322222222221111111111111111112222222222222222222222223333333333333333333333333333333333333333333333333333333333333222233444444444433333333333333343333344455666777777777777777777777777776
22222223332223322222222221111111111111111112222222222222222222222223333333333333333333333333333333333333333333333333333333333333222233444444444333333433333333343333344444556666777777777777777777777777
33222333333222222222222221111111111111111112222222222222222222222222333333333333333333333333333333333333333333333333333333333333222233444444443333333333333333333333333444556666666667777777777777777777
33222333333222222222222222121111111111111112222222222222222222222222333333333333333333333333333333333333333333333333333333333333222233334444333333333333333333333333333344455666666666777777777766677777
22222333333222222222222222222111111111111111122222222222222222222222233333333333333333333333333333333333333333333333333333333333222333333433333333333333333333333333333334445566666666677788777777766777
22233333333222222222222222222212212111111111122222222222222222222222233333333333333333333333333333333333333333333333333333333332222333333333333333333333333333333333333333444455666667777777887777776677
22233333333322222222222222222222222221111111122222222222222222222222233333333333333333333333333333333333333333333333333333333332222333333333333333333333333333333333333333334444556677777777777777776666
22333333332222222222222222222222222222111111122222222222222222222222222333333333333333333333333333333333333333333333333333333333222333333333333333333333333333333333333333333344445566777777777777776666
22333444443222222222222222222222222222211111112222222222222222222222222333333333333333333333333333333333333333333333333333333333222333333333333333333333333333333333333333333344444455666777777777776666
22333455555432222212222222222222222222221111122222222222222222222222222223333333333333333333333333333333333333333333333333333333222333333333333333333333333333333333333333333343344444556667777777776666
22334455556554322211122222222222222222222111112222222222222222222222222223333333333333333333333333333333333333333333333333333333222333333333333333333333333333333333333333333333334444445666777777776666
22334455555555432222122222221222222222221111112222222222222222222222222222333333333333333333333333333333333333333333333333333333222333333333333333333333333333333333333333333333434334444456666677776666
22345555555555543222222222211122222222221111111222222222222222222222222222233333333333333333333333333333333333333333333333333333322333333333333333333333333333333333333333334334434444444445556666666666
23345555554444443322222222221222222222221111111222222222222222222222222222233333333333333333333333333333333333333333333333333333332333333333333333333333333333333333333333333333334444444444455556666666
22234555555555544322222222222222222222221111111222222222222222222222222222233333333333333333333333333333333333333333333333333333333333333333333333333333333333333333333333333343333444444444444445566666
33333445555555554322222222222222122222222111111222222222222222222222222222233333333333333333333333333333333333333333333333333333323333333333333333333333333333333333333333333333333444444444444444555666
33333444455444554332222222222222122222222211111122222222222222222222222222233333333333333333333333333333333333333333333333333333332333333333333333333333333333333333333333333333344444444444444444445566
44444334444444444332222222222212222222212222222122222222222222222222222222223333333333333333333333333333333333333333333333333333222333333333333333333333333333333333333333333333333334444443443344444455
44444444555555554432222223222222222222212222222222222222222222222222222222233333333333333333333333333333333333333333333333333333333333333333333333333333333333333333333333333333333334434333343344444444
22223455555555555433222223344322222222222222222222222222222222222222232232233233333333333333333333333333333333333333333333333333333333333333333333333333333333333333333333333333333334433333333334444444
22223455555555555544322223455443222222222222222222222222222222222222222233333333333333333333333333333333333333333333333333333333333333333333333333333333333333333333333333333333333333333333333334444444
22223445555555555544322223345555432222222222222221222222222222222222222333333323333333333333333333333333333333333333333333333333333333333333333333333333333333333333333333333333333333333333333333344333
22233444555555555544333322334455543222222222222122222222222222222222222333322333333333333333333333333333333333333333333333333333333333333333333333333333333333333333333333333333333333333333333333333333
22344455555555555554333332234444443322222222222122222222222222222222222233333333333333333333333333333333333333333333333333333333333333333333333333333333333333333333333333333333333333333333333333333333
33445555555555555544322232234455554432222222222222222222222222222222222233333333333333333333333333333333333333333333333333333333333333333333333333333333333333333333333333333333333333333333333333333333
44455555555555555544322222223444444443222222222222222222222222222222222223333333333333333333333333333333333333333333333333333333333333333333333333333333333333333333333333333333333333333333333333333333
55554555556666555555432222222344444444433222222222222222222222222222222222333333333333333333333333333333333333333333333333333333333333333333333333333333333333333333333333333333333333333333333333333333
55555555555566666655433222222234555555554332222222222122222222222222222222223333333333333333333333333333333333333333333333333333333333333333333333333333333333333333333333333333333333333333333333333333
55555555555555666555543222111234455555555433222222222222222222222222222222223333333333333333333333333333333333333333333333333333333333333333333333333333333333333333333333333333333333333333333333333333
55555555555555555555543221111223444555555554432222222222222222222222222222223333333333333333333333333333333333333333333333333332333333333333333333333333333333333333333333333333333333333333333333333333
55555555555544444444443222111123345555555555443222222222222222222222222222222233333333333333333333333333333333333333333333333332333333333333333333333333333333333333333333333333333333333333333333333333
55444555544444444444444322211122344444445555544322222222222222222222222222222233333333333333333333333333333333333333333333333222333333333333333333333333333333333333333333333333333333333333333333333333
55554555445555455555554322111122334444455555555543222222222222222222222222222233333333333333333333333333333333333333333333333222333333333333333333322222222223333333333333333333333333333333333333333333
55555555555555555555554432111122234444445556666655432222222222222222222222222233333333333333333333333333333333333333333333333222233333333333333333222222222223233333333333333333333333333333333333333333
55555555555666666655555432111122233444444455555555543222222222222222222222222333333333333333333333333333333333333333333333333222223333333333232332222222222222223333333333333333333333333333333333333333
55555555555555555555555432211222334455555555555555554432222222222222222222222333333333333333333333333333333333333333333333333222233333333332222222222222222222223333333333333333333333333333333333333333
55555665555555555555554433211233345555666666555555555543322222222222222222222333333333333333333333333333333333333333333333333222233333333332222222222222222222223333333333333333333333333333333333333333
55555555555555555555444443211223344555556666666666555544322222222222222222222333333333333333333333333333333333333333333333333223333333323322222222222222222222223333333333333333333333333332333333333222
55555555555555555555555543221123344455566666666655555544443222222222222222222223333333333333333333333333333333333333333333333323333333333222222222222222222222222223333333333333333333333332333333333222
55555555555555555555555554222222334455555556666655555555555433222222222222222233333333333333333333333333333333333333333333333333333333332222222222222222222222222222233333333333333333333332333333333222
55555555555555555555555544322222223344555555666555555444555443322222222222222333333333333333333333333333333333333333333333333333333333332222222222222222222222222222222322222333333333333333333333333332
44444555555555555555555554322222222344555555555444444334455555432222222222223333333333333333333333333333333333333333333333333333333333332222222222222222222222222222222222222232333323333333323333333333
55445555555555555555555555422222222345555555555444445555555665544322222222233333333333333333333333333333333333333333333333332333333333322222222222222222222222222222222222222222332333333222232223333333
55555555555555555544444554432222222344555555555555566655555555555432222222233333333333333333333333333333333333333333333333222333333333322222222222222222222222222222222222222222233332333332232223333333
55555455555555555554444444432233222344555555555555555555555555555543222222233333333333333333333333333333333333333333333333222333323333322222222222222222222222222222222222222222223333222332232222333333
44444444555555555555554444432223322344556656655555455555555555555554433222223333333333333333333333333333333333333333333332222233222233322222222222222222222222222222222222222222223333222222222222232222
44444455555555555555555444432223332334455444444444445555555555444555554322223333333333333333333333333333333333333333333322222232223333322222222222222222222222222222222222222222223333222222222222233333
44444555555555566666655544433233333234555555545566666665555544444455554433223333333333333333333333333333333333333333333322222223223332232222222222222222222222222222222222222222223333222232222222233333
44445555555555666665554444443333333334555555555666666665554444444444555544323333333333333333333333333333333333333333333222222332333333333222222222222222222222222222222222222222223323322222222223333333
44444444445555554444444445554333343334455555555666666655554444444444445554333333333333333333333333333333333333333333333222222333333333333322222222222222222222222222222222222222233322332233222223333333
33444444444444444444445544554323443334555555555555555555554455555555455555433333333333333333333333333333333333333333333222222333333333333322222222222222222222222222222222222222222322333333333333333333
