22222222322222222322222222223322223322322223323643333333322233332223233333322223222223333333334446899654555555444444433465321111147888754333344444443333333322112244432223433322333322333343332222233233
22222222222222222322222222223322222222222222223654333323332333322223333333322223232223333344444437999755555554444444433356521102578876533233444344433333323432222234332223433333333323333333333222233223
22222222222222222222222222223322222222212222222555322222322333333223333333222322333223333345544446799745555544444444432246521115777554333333443343333444333333333223322233333333333333332223333222233322
22222222222222222222222222222222222222222222222444322222223333333333322343222322233323333335543357999855555544445444432235432257776543443334433333344444433453333323332233333333233333332222334322222233
22223222222222222222322222332222222222222222222222332222234323333333333333223322233333333335432469999865555544444444432113446787654423432344433333444444444553343223332223323333323333333332233332222233
22223222222222223222222222322222222233322333333333333222233333333344333233323332223333333334346899999965555444444444321114789985443223332333333333333334433544443323332223333333332333333333322222333222
22222322222222222222222222221112222233333333323333433322223333333333233233322222233233333335899999999975555544444443211103788642232333333333333333333334333455753333333333332233332233233333332222332222
22222232222222222222223222221122222232233333223333333332122333333223223333222222222223334689999999999975555554444433211001465322212322222233322223333344334567753333333333333233332233233332332222222222
22222222222222222222222222222234222222222222222333233333222333233223222233222223322233588999999999999985555555444433211010332122223222222333222223333344345688754455543333233333322332223333233322322222
22222222222222222222222332222222222222222222223333322233223333233322332332222222222357999999999999999985555555444332110011342222222222222322222223333334345777656775543333223333222233322333223322333222
22222222222223332222222342222212222222222222223332222233333333232222222222222222236899999999999988999996555454444322111110463222222222122222222223333333456655567866653332222233222222332332222222233222
11122222222232233222222343222222222112222222223332222343333233232222222222222234589999999999999889999996454444443332111100454322322221122112222233222333466544567767753323222232222223332332222222223333
11122222222222232222222334323222222211222223323332222323332232233322233222245688999999999999998999999997445444444332111100265433322221121111223333223344554444556667743323322233233233322332222222223333
22222222122222233222222235433222232212222122222322222222222233464222123324799999989999999999978999679998545554444332111110276433333211111122233332223454433334445666543222333332223332323332222222222333
22222222222222232222222334322233232222222222222333223222222333853223225669999988868999999999879997479999635555443333321111256433334211111222222232233554323334444555542222233333113322333332222222222233
11212222211222222222222333333234222222222222222323222223322446534433227999889976768899987999999985358999735554433345531111234433343111111122222332233543222233334455532222223333323332332122333332222223
11112321111122222222233333323323322222222222222323322224432578534556679999899976678889777879999864369999734544433343311112333433331111111222223332223432222232333455432222122223333332332223333332233223
11112332111122222222222233333333333222223322122223322224555776888999999999999976576788555668777653479979624544433322111123333333431111222232222222233221222232333355433444212222233332222323444323323223
11111233222222222222222333333333322222333211212223334578998678999999999999999974744557545556656543568879534444333221111233333334521122222333222111222111211222333355544434432333333332222322433332333223
11112322222222222232222223333322222123322111212223445999987999999999999999999986643444444555545443556787444444333222122233333333311233222233322111111111111222332355555444433333333333333323333333333323
21222222222222322222222222233222232222322122212234789999967999987998899988999985443444444455544443455666444443333322222333333332222233222222221111111111111222222355555545433333323333333322333233334333
23332222222222222222222222223333233211222212212469999999758999977898999965899995343333444444444444445555444433333322333333333322222233232112221111111111111222222345555555433443333333333333333322233333
23432221111222222232122111232223233222222322247899999899558999988999999974677985333333334444444444344454333333333333333333333222222233332111113211111111112222222344555666434444443333333333322222223323
23332111112222222233222211332222243222223333699999998788459999999999999985456864333333344444444444344443333333333333333333333222222333333111123211111111111122122334555566544545554333344333322222323333
23221111112223221233322321233222243222223347999999997788469999999999999874435754433333344444444434433333333333333333333333222222222333333222232221122111111121122333455555545566654333343223443332223323
22221211222222232222222222133233253223235689999999997588469999999999999974534554433333344444444434433333233333333333333332332222223333333333332321232111111111122233455544455666654344444444333222222222
22221221123322222222222223212333342123336999999999998568458999999999999975542454433334444444443334443333233332222222333322222222233333333333333322332121111111122223344444455555554345555554233322222222
22221122122222222222122223322233332223436899998889997558548899989999999886432244433334444444444334443333233332222222332222222222223333343344434324432221111111112222343334455555544456655553333322122233
22222222122222232223333332321123433343434799766678997557549998887898887776542224433333444444444444443333233332222222222222222222233333333344444344322221111111111112333334444444444565555543333322111123
22221222222232223345599743221321344354333885556678997556559877666776676656644222333334444444444444443333333222222222222222222222333333334444444454233322111111111122332233444333444555566543322233322221
22121122222223211345457644223433334455335854555678887565558765555665575545556644344344444444444444444333333222212222222222222223333333334444444554344333221111111122222223333333445545666543322222222222
22121223222233222344445555445422214455348544556777887456547654455556556644444555554444444444444444444433333222345543222222222333333333334334444554544443321111111112222222332334444445676543322123223223
22322223324333334633445544444322124555477444566666776456436643445556547644444455544444444444444444444443333236655776422232223333343333333333344555555543432111111111211122222234443345665554432223223322
23232211343334543333333432224323324655684444456556777555535643445567756644434444444445544444444444444433322487643555432322334344434333333333444555555544433222111111111122222233333345565554432222232224
22232321443356544433324442234225535654863344554556677545534543567787776544434444234444544444444444444433324764433344443233344444443332333333444444555555544433111111111122212233333344554454322222222234
22233432433353333333334433343347643655843334444556667545633434567776665444333344334444444444444444433433247544443345674333343444433333333334444444555555545444211111111112112233333344444443223332213432
43245434443343222233433322333238664557633333344555666547833333347764444333333333333444444444444444333333364334443335775344443444433333333334444444555555555554212111111111112233333333333433345422234322
33433244454344223223333333234324354676433333445556666779843333346543333333333333443333444444444434333333453334443333574333434444433443333343343444554555555554222111111111111222223333333332455334442233
23434346554454332232243312345546456665643444445555666799632223335333333333333334443333444444444333333333433333443333573334334444443433333343344444544555555554233232111111111222222223333223554455533443
23534456454433421222364324774467547658952444555555666888643222334333333333333334444444444433333333332333444333333344543344344444444433333334444444444445555553344432111111111122222222333334544566545533
44455544445433433254573369976776457679863444455555556877643222333322333333333333334444443333333333333343453333333344333343444444444443344334444445444445555554445432211111111122212222333344444554455432
35555444534345322256554898899996456677675444445555556877542332333332223333333333334444333333333322234443353333333464333443444444444444343334333444434455555544555433222211111122211222233333344443444333
35443553332355321456777776359875445675688644455555556886543443233332223333333333333333333333333323344434335533335653333444444444444444444344334433344455555455554443332211111222111222222233334433343233
33442474323443232355776542115656535665689954445555556875553234222222233333333333333333333333333334444333323543333323333333444444444444444443344333444445544455554443443111122211112222222223333333334443
33433554333322355223565533343456546678789954444455555765554334442222333333333333333333333333333443443333322333322233334333344444444444444434333334444555444455555444442112222211122222222222333334345532
45433633554555787535656555555545666567689743344444445655543334463222233333333333333333334554444433344333232222222333344433344444444444444444433334444444444555554555432212333212222222222222333344346422
45345435555557643235665555555566656666557533333433345555542223454787443333333333333333345333355433444333332222222333334433444444444444444444333334444444444555544555432234433222322222222223323333345322
55455567787665433344555444555667666755664443534444444555542232445897865444333333343333353233334443444333333222222333333344444444444444344444333334433344445554544455432455432223323332211222223333334322
33555665555532376677765443455556566545654443553444554444553233345566554444444433455443432333333443444333233222222333333344444444444444444433333334333334444444444455435555332334333322211222223333333333
36665345553411345765555543454456666554345333542555545544554333245546665555565554444445542233333344333333222222222333343344444444444444444433333333323344444444444454455554333443334321112221222333333344
46553236633313445764555555554367643544445443676543444444455523245545666666787654544445532233333334333333222222222233343344444444444444444443333343323344444444444544555553334433443221122111122233333444
36223355102578999954455545654565455442453434675453334444345532234334557655997544444445532223333344334333222222222223333344444444444444443333333343333344444444444544555554445444443222221111222345544453
46311231112699999843334335434654565554455535643344435555445533333334556547985444444445532222333443343333332222222223333343444444444444333333333444333344434444444445555554455544433222211112222234433444
25644411123389997654444333346665665654344555544466445555545544332223345347974444444444332222234443343333333222222223333343444444444334333333333444433444444434444444555554555444442233211112222233333333
11146212231249997433444454466565553432223455567764335444555544333112233238963333333333232233234433333333333332222223333344444444444334433333334444434444444444444455555555555444443333211122222333333443
22133221221234665454446654566556532222222455446655445787456654333211222237953222332222224665334433333333333333222223333334444444444433444333333343444444443444445555555555444454443333211232222222233444
22232534321234664675565534665556642222312335456644467563455654333211222226832222233322226533444333333333333333222223333334433444444333344433343443334444444444455555555554445554444443212332222222333444
12422212555544544445666656875544553222332335445564464223455665443212222227732233233222225345444333333334433333222222333333433444444333333333344433334444343444455555555554455544445443223332222222333444
32332122377455567665765579767544343343232345446873322232356665443212222227522222222222478888754333333334433333223222323333433344443333333444444433334444334444444455555544455444445543333332222223333344
35453331699865554553677776655554545343433335566752222222245666444321222224433222222222588876664333333334443333223222223333333343444333334444444433334433334444444455555444455444545543343332222234432334
65433556654455457645777665565554454442342324556322222212233455444321222224323322222222345555543333333334443333233222222333333333443333333444444433444433344444444555444444555445545444454432222344322233
73322455644566655446557667865544343323343334556322222122334555544432222223323322222222335565533333343344443332223332222333333333443333333334344444444433344344444443444445554445444444455433223443222223
53422355876487764573467887434545566666346544556521222222333454544432222222222322222222235676533343344344443333123333222333333333443333334333344444444433444344444443444445544455444444555343334432222223
44532367877687777975688765433245556766678766655552223333333443554443222222222223222222236765433444443344443333222333332233333333333433333333344444444333344344444344444455444455444445554444445432222222
44665656667755764569997454543355534345666656554464333343333345654443222222222223322222257754333444444444443333322222332233333443333333333333444444444333444444444334444444444544444445555544455443222222
43354664566687444468964553454555434544565556455655543333434455565444212222222222322222377654433444444454444433332222332233333444333333333333444444444333343443443333444444445444444455555554554554322222
42344665566763478877646754455555445554665555566666554333344554355444321222222222332232497644344444444555444444433222333233333433333333333333344444444433444443433334444444454444444555555554555655443333
33542443468764357775338644566545554444655446655655555533344555445444321223223333333465685433234444444555444444433322233223333433333333333334444444444433444444443334443444444444445556555555556655444444
56652224679974587455457644556533354455666545566644554555433444445544432233333333333436974333234444445654222334433322333323334333333333333334444444444434444444444444444444444444445555555555566654444555
45333267534798897544566564455532453455786554476665554555543333456654433233333333333336974222234444555652111123443332333333334333333333333333444444444444444444434444444444444444444554555555566555455555
44433443326864596456676665555543334567754555566666555545564456765665433333444444433326743222344455556531111245444433333333333333333333333333444444444344444344434444444444444444445554455555555555555566
55665632113521236877776656665433544565554555675456655755555667776766753333334444333446433333455555555421212553466543333333333333333333333333344444444344443344444444444444344444445455555555555445556655
53467631552421255677787676665533445543466565564445455656666766767667655433455322222466333333445566554222224656765543333333333333333333333333344444443444443344444444444443444444455445554555554445556555
55466551365534675567778755654532356545665555555336555556543556655566677565665556434684333333445665553222366678855664333333333333333333333333334444444444444444444444444433444444444455445555544445555555
36667455455667687676667655655432467766666556655435555565533445566775788666545447546863333333335665532224576666667576433333333333333333333333334444444444444444444444444433444444444454444554444445555455
46666666446656777766666656655433553346655455444334444564445555556766676555454556546853333333234554433345555566756567533333333333333333333333434334444444444444444444444444444344444444445544444445544444
87632466555655677867766677755435652246554443333335544553444556546655566655764457668853333333334433333544554576565576543333333333333333333333443334444444444443444444444444444444444443444544444455444444
86554765655676666656765444555436732224443555444454355553334457776454466655644456667853333343333223444545555468566466443333333333333333333333443333444444444444444444444444434444454444444444444454444444
98666666788665567655565545555335532214333443234444457453355445667665456776543456766863333356653334446644655567767665456333333333333333333333343333444444444444444444444444434344454444444444444554444544
99866557788665456556554347644344421225544656435333445553356434555664456776643457667763333446774556555655555667666666579633333333333333333433344333443444444444444444444444443334554444444444444444445444
78985568667654354465544444344244321234434423444334444453345545345454557555465457557454322334655666556545555655554455666843333333333333333343334333343444444444444444444444443334444444444444444444444444
68999875565665454465446755554364333233323334544453235443455444445455556555444456577333322347777667555434344666454455545643333333333333333333343333443444444444444444444444443334444444444444444444444444
67789965565565455254444555434566544321223445655544334543355432553355434655555567465322222347667777647643234666544444565454333333333333333333333333444444444444444444444444443344444444444444445444444444
65579998655665554245543335534545543222225633545554544434445333345435655764334445564322222246775676667644456665644455533454333333333333333333333444444444444444444344444444433444444444444444444444444444
56778899865565453344554444556534474322246323443445576544544224445665655654456445764322222246665575577776678756655665543455433333333333333333333444444444444444444344444444433444444444444444444455544444
66776569985554453233465434447633354332353322442245675334654234347766465666755434743222222234545666578777667555678765446644433333333333333333333444444444444444444444444444434444444444444444444555544443
76766656998665453223344344345543234443655454553335655443555434456987656556443333733222222333447766777777557546766555566543443333333333333343333444444444444444444444444334444444444444444444444555444433
57665567889875454222433333464333346445643456545334543554564433355687565655344445632222222333347766766555566568865555554455764333333333333333333344444444444444444444443344444444444444444444445554455432
65565555567995454322322333334534434545533464545534453443354333566766566564334666632332223454556976786665357668654665444445874333333333333333333344434444444444444444444444444444444444444444445554555333
77655543444699654322232134345754334324364276565455334353356545655755566785445655533443334576767998886565445566665544443334775433333333333333333334444444444444444444444444444444444444444444445555555333
66743443333369963322232334444554445525564258456564355354367657555556776878645535424544333468756777788657544465455544433443554443333333333334333333444444444444444444444444444444444444444444444555554334
43554333323247996322233223434455435643564335645556556444456654555687676768634446335644334565443468788633555553344443234444444564333333333333333333344444444444344444444444444444444444444444444455544333
53343333222235689831223222344454445652364424554545446665366555565578555645544465236643335434433488554433355654544433333344544554333333333333333333344444444444444444444444444444444444444444444455544333
75322222233234448983233223344444246655477644455555345474356556655666555655424465225543343345433546655445655655434443333444665545433333433333333333334444444444444444444444444444444444444444444455543235
54222234422223334898422322346434345556665566555544545553455656543677457555324453223433333343244433564345755655444334333335665455433333333333333333334444444444444444444444444444444434444444444455543346
44312452232222223479942333445544455554566456634544555335654655644575557566655563223433333333334444556444423333434322243567536564443333333443333333334444444444444444444444444444444444444444444444432356
33334331122233223337995332455644444553355556644554465442553554664465645546776673223333444464335445435544332322356433346632226753453333334443333343334444443344444444444444444444444444444444444444323556
22232231111242142223699635554445555434466555455544566434563443475664445434566753323334467752234434344553333232245423444322158554355333334433333333333444443334444444444444444444444444444444444443234566
12333331222321242223459974554443555544556444455543555656556643466866555433555643223334454543224334445542331222222343333454475334346533334433333433333344334344444444444444444444444444444444444432245666
24222231124212364243315997545553455443565345556743543576356446466665544533555633223344444444333346432354221323332333324563662343435533334434433443333333334444444444444444444444444444444444544422356666
42122321233323674344333599865664444343554464456654433564373346575466533543355633323344444444444455433346333322452334444456854455444533333434443334443334334444444444444444444444444444444455654322356676
42145422322232364433224679986864453454554556556545357754454676457544543453235533223344344343333233365465643333464333444437333345454543333444444334443344443344444444444444444444444444444456774323455566
33477333322344453343236766899885453555564346545455236756766775346434554355336433323444244543224334245445434455456365444554353344435653333444444334443344444444444444444444444444444444444457884333445556
34575344333555344343355454579974455545564345545466446555455555445433554335435533324445343333445445323334644442237654334776666444433663233344444434443333444444444444444444444443444444444457875334445555
45666555458745444444554442347996345444565435456465435432366544445555665434545533323444344434554346433333344333334643556544566434443465434333444444443343444444444444444444444444444444444457874345555555
66655655656643344444553453445799744444565334446555546532345665456644344334565533333455443345445554333333344433344333564333445643453245434333444444333443344444444444444444444444444444444445764455544444
57654654435432355444455665545569985354575575335545546446554555555523323322467433222346542355455445533344444323345432343434445654443135863433344444444444433444444444444444444444444444444445553455554444
54554555543443333355665565545546898445465456345434355545656555566432222323447732222345444444545443555333333433344333432456544776554435974433344444444444444444444444444444444444444444444444432455554444
35655444456633333445774455555644589845565445344545464224554335556564222333435754332345656444633354455332245433333334423334444565344444763444334444444444444444444444444444444445444444444444323555555444
57898676444444433436754444465554569985365345444456444333433434443466653334545554344335755434433443553323445434545333332121233455354444564444434444444444444444444444444444444455444444444444324555555544
66666445333223323567634555565464355899446335545346446553342464343344564444333333444435555545334343443333444433323333232223333474557544555544444444444344444444444444444444444455444444444444224555545444
45444322343323553445543444654433343579966788535345446364443464332443432344543323444434446654333334444333346442331332232344555665888645544565644444444444444444444444444444444455444444444443224555544444
