76321222222122467644323222223333312322366432233433322335643333333588888888888888888888888877766888866546666566787553344332332222333244223588888888888888888888888888888888888888888888888777777777778743
76322222222211267863222233322322212322266322234533222335653332322577888888888888888888888887644888744556656677787643333334432322323345333478888888888888888888888888888888888888888888888777887777778645
76321122222222477884422223322222123322266322333332222223442222223347788888888888888888888878754888865444357878778643432254333322332444344678888888888888888888888888888888888888888888888777888877777766
76321122222112677653322233222221222222266422233332222223321112232135788888888888888888888878754888864333357777556543333344322321222322235788888888888888875677788888888888888888888888888777887777777776
76322322222222366332333232224323221123376423223332223222462112222223578888888888888888888878754888643333357864333333333333322222222322224788888888888888864444578888888888888888888888888777777877777776
76323322222222375342233332323323221223377423223432222232684111222222256788888888888888888878754887433333345554332233333233332222223222225788668888888888743333357888888887777657888888888777778888787776
67434333332123145422223333422224222334377522222532223323454211232222243456887888888888888877754754443433332334544344332223222222222223334565468888888887543334345787888888776647888888888777888888887777
77335444543345444544434444533345434435247522233422223333232112232111243234578888887778887877763543343532322234466544333432222222222233222333557888888887544344444775888888777637888888888766777888888776
76335544555555444444544555445555555555456423344533345444443212343434443433468888875447885567764455443522222244565433332331123222222232333333367888888887643333445674788887777547888888887454656788767766
76334444444444444444444444444454554455545435555555555555555555555555555555566666765556565568764465544533333354444433344432235322235322223432467888888887543333557563688887777548888887775334334467537743
76334444444444444444444444444444444444556434444454444555554555555555565555555555565555555567753555556655556665555555656555555555557555555544566666666666544343455554576677777447776777664334333344334433
76433333444434444444444444444344444444566534445444454555555445444555555555555555555555555415754555555555555565555555655455555555556655555555565555555565555555556555555555777545555555555555555555555555
76333333333333333333333344443333444444466534444444444444444444444444444444444444555545555545754455555555555555555555554555555555555555555555555555554455555555556555545555677545555545445544445555555555
76333344443444444444444444444334444334476533444444444444444444444444444444444444444444444457764454444455555555555555555555555554454555555554444444554444555555555555545555677545554544445444444444445544
76434444444444444444444444444444444444466533444444444433344444444444444444444444444344444457764444444444444445444445555544555544454455555555555455554455554555555555555555677634555555544444444444444444
77324344444444444444444444444444444444456434444444444344444444444444444444444444444344444457764444444444444444444444444444444445554444444445455555554454444445554554555555687644555444444445444444444444
77324333333333343343343344444444444344466533444444444444444444344444444444444444444444444457764444444444444444444444444444444444444444444444444444445444444444444444444454577634444444444444444444444444
77424433333334334333333344334433443443466534444444444444443333444444444444444444444444444447765344444444444444444444444444444444444444444444444444444444444444444444444543167534444444444444444444444444
77424333443443334333333334334433443443476534444444444444333344444444444443344444444444444447775344444444444444444444444444444444444444444444444444444444444444444444444444266534444444444444444444444444
77424334433444334444433344334443333444466423344433444333333443334443444433333344444444444447875344444444444444444444444444444444444444444444444444444444444444444444444444576544444444444444444444444444
77423334333343344443433444444344333334475323444434444333334444444444444433334434444444444447875344444445444444444444444444444444444444444444444444444444444444444444444444666555444444443444444444444444
77524333333343333333333334443334444444476433434444443443444434444444444443444444444444444446775344444444444444444444444434444344444344444444344444444444444444444444444444677644444444444433444443444444
77424433344333333444333343444434444444477534434444444334444444444444444443334434444444444446775354444444444444443444444444444434444444443333434443433334333334444434444444677644444444444433444444444444
57334444443433444434433333343333444334477533434334334434444443444444444444444434444445444446875344444444444444344444444444444433444444444444444444444444444444444444444444665653344444344434344344444444
56434444444333443434433443344434443333477533444444334433444444444444444444444444444344444446875344444444444444444434444444444444444444444444444444444444444444444444444443666554434343334443344334334344
77424444444444444444444444343434443343477533344433444444444444444444444444444444443434444446864344444444444444444344444434444444444444444444444444444444444444444444444444677543434433443333343334334334
77423344444444444444444444343333344444477533434333333343433444444444444444444444444544444446765344444444444444444444444433444444443333333444444444444434444334444333434334787644434433433333333333333333
77423444434443344433444333444443443343477533444444433333333344444433433333444434444444333446865344434443344444344444444444444444444444444444444444444444433433433334443333687644433333433333334333333333
66424444444444444444444444443344444444357533444444433444344443344433433334433444444334433435875443433334344344443433444444444444444434334444444444444444444444444445554444677533333333333433334444333333
66524444444444444444444445444444444444356534444444444444444434444444444444433444443444444345776433334344334333334444443434444444444444444444444444455555666566666666565554566544443333333333344444344444
77424444455555555555544555555555554443477534444444444444444444444455544544444444444444444445776444444434444444444444444444344444444344444445555566677766666666666666666666666665444344444333444334344444
76423334444444444444444444444445555555577534544555555555545554444444444444444444444544445446876445444444444444444444444444444443444444445555767787776666666666666665655666666666544544444444444334344444
56424334434433443344433334444444444555577534655555555555555555555555544444444444444444444445876445455555555555554554444444444444444445677777777776666666766666666666655666666666665444444444434343334333
56423333333444334444333443344444444444477533544344444444555555555555555555545544444444444445776444444444544454445555555555555554444678877776666776666667666666666665566666666666556655444444443343333333
76423343434444344344444444444333444433467633444343333444444444444444555555666555555554454455776434444444444444455555555455555544546776677777766666666666666666666655566666666666655566544444443333334443
76523333434444454333434544444445444444467533444333443334444334333333444444455444555555555443476534444444444445555545544454444567446677777777666666666655556666666655566666666666655556644433333333434443
66523334333344444444443334444554443444466533444444444444334543333434433333333343444445555443376544444445445555445545444444347888336777877766666666555555566655666456656666666666665556665443333333333343
66432222333433344334444444443433333344466533544444444444455554444455444444344333444444344444676535555555555544444544344445688887357888877777766666566666666666665456666767666666666667776444344343444333
44331323223333233333443333333344334344357533544444454444444554544455444555554544434444333335786534555655554444444554445578887777358778777777766666666666666666655556667777666666666677777644445454443433
23322323222233343333333333343344433344357533444445544544444443444344444454454444444444442333687544555555433333455567778888777786377777777777776666666666666666655666677877666666666777777745544454444444
22233233322333333333333333444445434444467533343444544444444445444443343444444334434444442564577655555544322334577778878877767786477777777777777666666666666666666666688887766666677777777764544555555555
32333333343333333444333333333333444444467643344334444444444444344544444443443453444445443456467644555543345666788787777776667775577777777777776666666666666666766766777787776666677777776764555445445554
44444334443344344444333334434334443434467632343334544334444444333444444444443454444445544446637544334444577777777776666666667774677777777777776667666666666666677766766777777766667777766765444444444444
54333333334443343344343333433333443334456532333334445445443444543444444444443444345346765554745643223457878776677666666666666774677777777777777777666666676776677667666777777777777778756875444444444444
43333333344443444434444343444333334333456432222333434344443444444434435433434433344336788654553543234678877666666666666666666775677777777778777777767767767766776676666777777777777777633875454444445444
55444445455445444444443344433334344333366432121223344334333233333434334534344443444445788753263342246777666556665666666666666775787777777778877766777677767667766676666777766667777776532875544444444544
45444444344545444444454443333443334443355433232233333333333322344334444344343344433454677654434232256666655555656666666666667776788777777777777766667777766667655676667666666677777765433864444444445444
33444333344444444444455543433444343333333233333333332233444444454444433334444343433445566544544322145555555555655566666666667776788777777777777766667777666666555567766666666677776654325853454444334444
33344434443334445444445544544444444344443333333333434443333444444444333444444432434444565324645311135555555565555566666667767777787767777777677667776777666555555677666776666667776543228753455445444444
44433344333333344444444544444433454544454333332333324443333343444344334443433434444444455444675311125666665555555556666667667777777766667776666666666676665555545677666776666667765432158654445544444544
44444434334433334333333343344433444444454344344443333434333343443233344443434444444344444567775211135566665555554455566667667677776765677766666666666666655555445677666777766666655423587544444433344444
44333344333433334433434344445444455554554554444433444434434444333333333443444444444444444567573321277566565444444565666667666677776666567777666766666665555555445677666777776666665458755543433443334333
44443333443444334444444444455454554344554455443434454444444443244444443344433333343433344476454432467565554344445555556677666677666666566677666666665555555555445787666777776666666887444543333333333333
44444443343444444444444445444444444444444445444445444333444444333443443433434434334344344566435432544344333344444455555666666677566766666666666666555555556554455798666777776667777865454544433344333333
44444444334434334433444454444343444444444444445444434343444443332242233333334334333343344565544422444321222233444455555666666677457777776566666656555555555555566778766787766677777545464444444445434334
44444444444444444444444555444443544333444444334433434433334332323233433333454344434333433665555555554422322344545555555566666666567777777666666655555555666666767767766777656777774445354433443334333434
44444433443333334345544555555544544344444544334444435444444434443344432344553443444434544755566666555422344555544554455556666666667777777777655666665566677877777767766665567877764444333434333333333334
34444444332334433444444445555544444454445544444444444444444444444454544455654345554445546645566664455432343555444433444456665566677777777788656666777678788887777656766666678886643344223445433343333333
44444444333434433554444334555543343333345444444434444444444444444444555565555445454545456644555644545532343344434333444555565556677777777789766777777788877776666543766667787776642233223443334444443344
44444444444443344544443334545443122234443334444444434444444544444554554454444556455555445644444435432442254223333323434543445445566766666678877777787876667877655332676677888875532222224433334345445334
45444544444444444444444444444443234344433444444544444444545555554455444544555445543344443544344335443442255333444433344333433422456665555556867778767865567765543322676777888865432222223343333344354445
44344444444444333444444444454544334434444444443344445454444444544445444545445545443343333444544235445642135433344433344333334332235555444453556678643433566653322222587777888764342222234433333544444344
44444334445444444444454444444554434433344444443343555545554334444444344444445444444444344444511245445542123444433333333333333333324554444553233456533322346543223433587788888754333223334433444444443333
34444444444445444444444444544543344433444444433444444554443344444443444544444334434444444444314544445533112443333333333333333343434655555554233344444433335433344444467789988753332233334444444444443334
44454444433444444455444444444555544544545455433345544443334444444444444443333334334443444443336544436522111343333443334333334444443566666676444444444434334434544443447789988863332233334334433444433443
43433433323444454544545554344455554444545445445555443332223333333334434443333334344444344453354344336422211244444333333333333444433466667777434443344433334433433333346889988874333235744444344433333433
44433434433344444544455533433455555445434434434334444433343333334344334444444444353443443454444343336412212344443434344334434432333676667787544443344333444433334332344889988874323338954343234344423333
33433444333333433333445444433444444332334443334333444444444433334444334344444444543344344445554333236412214444445444453444555433443697667777544544334433344333433433333789888884223249964343333343433433
34433343334444334434444445444333444433443333344444444444334343333334443444444444444344434435553332245303213445445444444544344543343598666777644333333434433333433333233699888885232238974434433443333333
33334343334444444433344344333333333445444444444444444433344433344344444444444433334344544445553333444303323444434434444443444433333599876677744433333434443333333323333599889897332356984333324443433433
33332233333334334444334333343344334444444444433334433444444334443334434443444434444444443347865334545303424544444444544544444344333588566667743433333333333333333333333489988898433377895333333343333433
22343333333333334333333334443334444334334444444344444344444444443445434554433434444333333347888666432213434444444434444443443344433698567655642333333333333332333333333479889888633279896333333333333333
33343433434433333333223334433334434444333455444443444443444444333444444544433443443343333344555555432322533444444334334444443343333799987766652223333333333333333333333359998888833279997445333332333333
33334444443444544434333333533433344433433444344433344334344434433344434334434333343343333345555444423312443343343333324433343332222699988878873333333333343334333334333338998877863269876433343333342333
33444344443444544434333434544433344344333444445434444443433453343443554344333344343323365346687665432122344343333333333333332233234799998788896433334342333333344344333436997877663259876433333333343333
33344344334443443435533444333333344434333344443433444333443433333343343333343344443333355334776587421133433443333333333233333244235688997778998644343344444433444333333434996776653248887433333333434433
33333333234444444434643434433343444443333333444334443333333333343343344333334444433333454434543468311134333333234333332233333454345587898777778633333335344334443334333434986666763228887433333333333333
43433454333333434433543334443333334434334444434344333344444444434444434333334444444334554444431246201233433332346434442233433444335586786666644533343344433433433334333445896577653225986333333343333333
44444554334333343333433334444444434444433434433343334433444443333333333433343445443444343453431123112333533322335333322223343344334477686565545533333433333443333334333433696677653223886333333333332233
33334444344344333333334434333331233444444444433333344344443443434443333433453456444554443344333112223324642332323225331213332235233357686355556533333334433344443333334333587887643222597333334333333333
33343444333344444444334334333333333433344344333333444344444444334443333433453444344664544554433322322234443232223123422212422344233337787335565443443244433344442333323322377888642322387434434333343333
34334544333344444334444334333333443443334444333443333335444344334344433434443334334543444433323332223234333122133235422233655354333445886334665564332233323334333333322222268887644322266322433322333333
34333443343343334334443334343333343333333433334433333334433344334433344334443434433443433433323444333344321122234334323453355342333335765322566675322222213334322234222121158887634222246322222223232343
33233443333333323334322334434533333444333333334433321333422333433343354333344343443334332544334644334453212233333223322233334444445324645331365665222122212223111223111221248777522222235211111112232333
43333343333223333344223334333333334434343333333333333233334333432454354234333443333333323443323743443234323334634433332353333343333334645332366666422212321332122223111120259877522122234111111111232211
32332233333322333346333233333333323322344343332223333234434333333332334333444543233332233233333644343245324444533443333553232322454235656642247777632111322432253134211221258776422122244111121111112222
23332233333332333433323333333333233322433333333333334433332443433433344234334433333433333323233533433334333244333333322433232333233236756653136676753111336512332134223232578776443122354231122131111213
22233333333233333324322333233333333334443333223333435433333442344444443334333333333333333333234322332332232334333333331232234333233234665542345665543122435423432243333343378776454222364342121122111112
33333333333333333333333323333333344333433322234433355434334433444334432243323433333233232333233332332332323233454333222333333333233344455555434555454132353544353354344343477776531222463123221221111111
34434333344333333333333433333223444223333333333334444343344324534433433333322323332333333423233333321233333233354332322323354332333334356556544655543224445564555543333544577876442322564313211111111112
33323433334343333343334433444323343334333333333334433333333334433333332322332323323222243322233322333232233333343333333433464543364333233324544546623223534354433344443554677875333323664211123133210112
33333443334333333443343333333333343334333333433333333323433333333333333222334333324222232224233333333333334453333343333334333433343432343333345434434433543334343445444543678875432235665111135363111112
44333343333344434433433333333323343333333443334433333333432322333233333333433243333333333233342234323333323343323343323333222232332453232334443343444333553333343444445444578775443235764121022341112232
33333333333343223333334334433333343333334432333443343334433322333333433332344433333332344232343233333233323333233232232233233123333653222334333333553455333532233443434544556763343214654221145332312232
22233333343333222334334344543343443333333333443343344433443233344443323333343333333233322342332332232243333323334333232333233223324753224334433333332244333432343543333435556654242355543232243422223443
33333334433234433333334344444443443333333334333343334333454333333334334343353333333233322232333332232233333233443224323333345332233553332334333432332233444332333543333465655541221445445221353543235533
33344434433333334333333344334344334333343343334333433233433334333343444333343333332233332233332233332333423344323323344333333335343333233333323332332233434433333633355545564431333244445433333564334332
32323332322332223333433333333344433333323333334433433343333434433333454344344432443334233343332234333333423434423233434333354233343333223332443332342223345433333543257535644432443464334444333445343222
22332332232322233333343333443334433344332323333344544442333344444333344333344433443223333443433333333333323422223235433343454233343332333332463446444233355432343334565434433344443354334333342332233532
33223333333333235444443343344444443443254334444344554443334443344333344334433444433333433433433332333333334322233346444334333333333333343435433433356333344434333433443433332453343333333343333333233532
22333344434433444433333344345443233343344433443343444444344434343334334443433433333333433434333332233433333333334344433322333333333344435533334433344333344534323443333422223554644333344523334444323333
34433343433434444443333333344343333334433334443344444443332334333243333333343433333344344334332332332333344344333343342222332223323343423333343333333333243433322433333322222225534444345523335733333456
44332323333443344333333222344334434543434433444434344443334433332343333333343323344333443333333333223333344344433343453232332233333433333333334443333233333323442422223333421225435534334432234423342366
33223333433344343433333333333333434433444334444333444433433432433333444334332332244333344433323333333333343334343342343334333222223532233343333333333233333233332433332343423234343333222332332234345556
43334334434233443433433443344334433344443444344433333333333334333334334334322454344444334434334433344433333333233442333333322333234432333343323333323233224322223444433343543324543332233353333324545545
33344434434434443433443244444454555455434444454434443333322355444344444533444444344344443334334434334434434333443343333333322343332322323343333432223223223223233343234233445423433345443234332344644444
33433334544444333343345444444544454345333334443343343334333444444443445543444334433235433344444444244445434444333333334333333333232333333333333332235533332222322322323222223244333257533243223333334444
33433443443443333344443434444434533444333334444333344345444444444333344444434434333334233333334433333333334343333334333323333333334333333333334433334433332222322322333223233345343336533333332333334343
44344434333332333234433334443333443333443333334334444434335434533334434443323444443444434444344333344333333343333333344333233234434334333334333332332323222233333332333323234332233334323222332443333223
34334333333433233434433443333433333334433433333433444443334433324433434332323444443334444434343443443445334443323333344334333244433333244443333333343233233223332232231222333443322233223222343333333322
33443333433443233334334433333333433333334434333444444343343443433333333332333333433343333333344443333544443443333333344334433344442354346443333333433333333323223233332232333333324433333233333433332321
33333333333443344433343333434334334343334334543333334333333334432333444333333334444444433333343334444333333243233323443235444444223323455433343343353333233223323442343433333333454433233132324434332222
