33333332223334333321223333232222233332222222222222333333233333443223333323344433333333332233343333333334433334699999554555444455444433233457776544323332233333333343344334334565322333333223233222233333
22233332223333333332223332332222222332222223222222333333222333343322333323434443333443332233344344333334433345799999655555444444444432125788775343223322222333333343455444344665433233433334422333333333
22222222223333233332223332332223222332222222222222322232222334444332335543444543333443322333334444322333345689999999655555444444444321126988632322223222222332233333455344445565444433433433322233333334
22222222223323222233222333222222322322222222222223332222223333333322234433433454444443323333333444222234689999999999655555544444443321115875322222223222223222233333454344345566433333433333322235532333
22222222223322222332322333322222222222222221122122322222332222333332233433332343544433333343333443223458999999999999654555554444433211012543222122222222233222233333444444345567533223533333322335432333
12222222233322223333332322222222232222222222212222222222333333333333333432333344543333334443233343336899999999999999754555554444433211101322221222222222222222333333455433344567643334543223222332233322
12222233223322322222322222222221233222222222332232222222233333333333333333343333543333335443223344689999999999999999754555554444332211101332221222222222222222333334654333333456653346663322222332222333
22221222223322222222233322332244233332222212232122222222233322233333332234544333542233334334323578999999999999899999755555454444332111101432222222222122222223333335533333333445654557763322222222332333
22222222223322222222234322333245333232222222223112232122233332333333332223543343442233333333467999999999999999999999754554444444332111101333222222222112112223333333322333333334555667763332233322232333
22222222222323222223234333333335433234322333355322364212232333333443333233333233433333333334799999999999999899999999744444444443332211110243333222221112222233333333333333333334446667776542223333322333
22222222221222222222224333332235432236532331244322464222333332222343233333322223333233333479999999999999998899988999843454444444333211110343333322211112222233333333333332223333445656754542223333222222
22222222221233322222234333222234432133322221133222364212333652222232343333333222333233346899999999999999998999887999863455444443332211111354333333211111222233333333433332222333445655544533433333222223
22222111222133323432234333233223432233322223234222344322232353222222343222123322344445689999999999999999989999677999874355554443332211111354333333111111222233333333322322222233566444444433543334322222
23222112222244224422223332233222332343332333333321455322223333222222332222233321343478999999999999999998799996577899875355544433332111111344333332111111222333333333222222222334444334444334543344333322
12222122222343344422223332233222332242343443322222454322222233322222332211233322356899999999999999999987799984456899885245444433322111112344333331111112222333333322222222222233333334444335533465443334
11222212222334432432223322333222333233554543332222233333222222222233332222233367899999988879999999999998989974356988885245544333321111123333333321111222233223333322222122222233343333343334433564543335
22223333222454212431333332432222233233664333333222233334421123233333332333435899999999867767999998889899999853368985784245444333222111123333333321122233322222222222221122222223444333343334334764533335
22232333234532212431223332333223233233443356323222233444432123344343343334679999989999865667989987678799987643367975763245444333222212233433333212233322222222222112211111122223333233333333336655523444
43322322355322322442113433333333233333333256323432344344333345544434432346899999889999866558789865556687666543456876753345443333322222334333332222333221112222221111111111222233322233333333246556545455
54433312574221222342113422234332233233233246423432344444343335656665544568999999999999975556577864556566555543455566643444443333322222334333322222333321111211111111111121222223322223323333344446545666
33354212553233332442112432245434322222343246433333332345534435987657889999999999999999984654455654455555444433355555543344433333333333333333222222333322221111111111111221122223222222223333333446445676
34344222442233333453122443465336533222333236433333433234545668878889999999999999999999986643344544444555444434344444443334333333333333333333222222233323321111122111112221222222222222223322333344446676
33455223432222224453212465344356533222332235435443233345788986699999999999999999899999996443334434444444444433344434433333333333333333333333222222233333321111122111122211222222222222222222333333456676
43455434543222236653224642235545433333433322226533234569999978999999999988999998679999986334333334444444444434334433432333333333333333333222222222233333321111232121122112211222212222222222333333346676
43444434543322255553255432224523343233444211236533335699999779999997899879999975357788876433333333444444444434334333332333333333333333332222222222333333332112332221232222211222112223222222333333345665
44542335632222454355542553223532343444333431234455568999999579999986788899999976335666864333333333444544444433433333332333333333233333322322222223333333333333323322332222122221122222222223333333344554
44443335633222664355322467544433244555432355434445799999997479999976799999999998433444774433333333444444444433443233332333333222222333222222222223333334333333333223432222222111122222222223332233334444
55444456644223566554343456654434566544433344477679999998996479999999999999999998533333664443333334444444444433443333322333332222222322222222222223333344433444343244322222221111122222221223222233333444
55555556655434556754444455566555676554354456568999999987895489999999999999999999534323555443333444444444444334443333322333332222222222222222222223333444444444443454323322221111111222211223222223323344
56776555533433455663333565555545544554446864479999999867785489999999999999999999635322355443333344444444444434443333332333322222222222222222222233333444444444444553333323221211111111111222221223322344
67775446633335665675346555444456654555568755899999999966786379999999999999989988644332235443333334444444444444443333332332222222222222222222223333333443444444445543344333222211111111112222211222222344
66787545534446675444456545554456666666656668999999999965787368999999999999899887654232123443333333444444444444443333333322221122222222222222333333333443444444445544544444223211111111111222211222223334
67876444424555467643356644445556665566555579999999999974677458989998888899988766665431111233323334444444444444443333333332222456753222222222333443343433443344445555555554333212111111111122111222223333
88865444445555558754455532444545665454455799999999989985567547988878777687777655565533332333333444444444444444444444333332246557875322232223433444444433344444444555555544443322222211111122111222223333
86565545533455546544565445665665665444456999999998779984456646987665566665456554455545655544444444444443444444444443333222677445665432332333434444433333333444444555555544444433333211111121111222122333
54465455664444555643456667866656666654568999999976789985446646886555555654446545443445555555444444444344344444444443332226854333444443333334334444333333333344444444555555554444343211111111111221122232
44445465566453334555665557997667655544577779999756789985445645665443445544445555444444445544444444444444334444443443332267533433345565334334344443333333333444444445555555555554444211211111111221122222
66433467688654333455566567887556654444433336986556689975444645665433444445554554444444444434444444444444444434433333332475334443335775333343334333333333333444444445555555555555543112211111112211122222
76532455578644422455554564345554544444411227855555689876444544555333345546665454444444444323444444444444444334433333333643344443334576333333344443333433333444444445555555555555543223222111111211122222
64443353357536753344565553212434456655411128645556777776444443454333345567666454444333344333444444444444444443333333334533334443333475333333444444344333333444444445555555555555542233232111111111122222
44434344344433675443455654432344556666412128545557866666444443344333346576666544333333333333333344444444444433333333334433333443333464334334444444434333334344444444554454555555543444432111112111122222
57633444443333675444886555444565545556522257444556666666544443333333346666544433333333333344332334444444444333333333334443333333344443334344444443444333443334444445544444555555544545533211122111112222
54454334543555455446886544556664334544884385444455556666544453333333336654333333333333333444433333444444433333333223334443333333344433343344444434444333343344344444444455555555445555433222221111112222
44344346655334445546863354455354344335997864444445556666644685333333336433333333333333334444434444444443333333333234433643333333455333343344444434444433344444344444344445555554455554444323321111222211
33434357876422233434652256634455555346999743344445556666656984333333234333333333333333333444444444333333333332222344333554433334564333333333444334444433444443444443444455555554555554443333221222222211
43444345433444345544563245654446654346897433344455566666678964322333323332223233333333333333444444333333333322233443333246533333433333333333444344444444444334443333444555555455555555444444211222222212
54455455333476455556665223442454554446863223444455556666678874332222332222222223333333333333343333333333333323344433333225533333333333333344444444444344444344443333444555554455555555544443221233322222
43234555577753344444434323234565555567522334445545555666678764432223333222222233333333333333333333333333333334444433333222323322333334433334444444443444444444433333444444444445555555555443222344332222
22223555566544455433333346545446656667422354445555555566688755323333333222222233333333333333333333333333333344333333332232222222333343333334444444444443444444333334444444444555555555555443234554332233
22123454467544454324433334554556766456322455444555555555688655324432332222222233333333333333333333333344433343333433333322222222333333333344444444444444444433333334443333344545545555555432455543333333
12212345554444346534434444456656555567323465444455555555688645432243222222222333333333333333333333335543344543333433333332222222333333333343443444444344444433333334433333444444445544554434555543333443
22222454454334337743334555677644456677433454444455555555678545432333442222222233333333333333333333355222234444333333332233222222333333334444443444444344444433333334333334444444455444554455555433344433
33223455554444445753433445466445435568433444444555555555577555533333363222222223333333333333333333442233333344333333333223222222333333344434444444444444444333333344333334444444454445544555565344454334
23323344543354344434543344456554444469533454444444555555566554432234445367634433333333333334444333432345433234333333332222222222333333344344444444444444443333333334333334444444544445444555554444544444
32333245552234345554578645456655555458733544334444455455565554322223434488544454444444444444444445542344333233333333332222222222333333333344444444444444333333333334333334444444444444445555555545544544
43244445555335323335665445555676654678853533333333333456765444323322344454444444445444555444444445532343333323333333332222222222223333343344444444443443333333333434443344444444444444445555555555555444
76577656534445533467864445676655554676774333355454443456555544333333235554555555555666775445444455532333333333333334332222222222223333343444444444433443333333334444443444444444444444455545555555544444
66666665543444555775564555555554556665555556755556676544455544433333235554455566665577665445444445532222333333333334333222222222223333333444444444433343333333334443344444444444444455555555555555544444
44565565455555555564476544554555666666555665775556677766445544454333234443455566544487544344444444532222333333333333333322222222223333333443444444433333333333343443334444444444444555555555555545455444
55665556566665544666656555564456666656876555578656545656654543444322234333344455534686444444444443332222222333433333333322222222223333333443344434433333333333333443334444444444444555555555665445554444
45655456545554555667876555555457766766554566666757655545564454344333333333333344434686444444443333233234322234433333333322222222223333333443344444333333333333344433334444444434444455555555554455554544
45555445555545555566666444555666566786544555575578655444445455444433333222222233223686333333322222223574322343333333333332222222223333333343344444333333333334444433344444443344444444555555554555544455
55776554676654555556554445665556666666566654576668755544324455555433333211222222223564222222222222223863334433333333433323222222222333333333334433343333333344434433344444333444444444555554444455544444
78754555665665556555554567876667776666567765676657864544455455565433323211222222223463222222332222223732333223333333443323222222223223333333333334333333333333344444444443333444444444554444444555444544
76654555664455556655556777777667765445666786676556775358894455555543333211222222223553222222222222223421233223333223443333322222222223333333343333333333333333344444444443334444444444444444444554444554
43566665654455445666656566666776665457766566576665655689743455555553333222222222223642222222222222234331342223333334443333222222222223333333333333333333333333344444444443344433444444444444445554445544
35665555654346444566533556666667887665455455455566557555323455566554443222222222222652222222222222255322332233333334444332222222222223333333333333333333333333344444444433344434444444444444455544455444
55665556555445444655443455567777776654445555455545444322322355566554443321222222222453222222222222244333333333333334444333212222222223333333333333333333333333344444444433344444444443344444455444555444
56654445433344445544445566456666666546754466788665332222222245555554343321222222222243222222222222233443233333333334444333212222222222333333333333333333333333344444444333444444444443344444454445554444
45554443333335445543434566566644576556744567678663222222212233355555344332222222222233322222222222222343223333323334444333322222222222333333333333333333333333344444444333443444344433444444444445544444
34434555444454465543344467776554468766544567655662222222112234455555444432122222222222322222222222222343222343322334444333332222223222333333333333333333333333344444444433443444344333444444444454444444
24434433235444466553455444567754568766534467655652111121122334455545444433222222222222222222222222222343223333323333443333333222222222233333333333333333333333444444444433444443444334444444444444444444
24435655444334445543355535455554467655554467555652111112222333345445544443222222222222222222222222222343223433333333444443333221222222233333333333333333333333444444444444444444444444444444444444444444
44444434444344455453345554345454556454444456555784211222233333344356544443322222222322222322222222222343224433333333444444333321222222233333333333333333333333444444444444444444443344444444444444444444
23223335444453245443455434544455445555555576445666532233333333434556654444321222222223222332222222223343234333332223332375433332222222233333333333333333333333444444444344444334443444444444444444444444
21224446555554334443454432454346655654335455434787545433333443455544664444322222222223223333322232443453234333322222222675543332222222233333333333333333333333444444443344344334444444444444444444444445
22235434555544654434444333346656655653455455665888644443333334455543554444432122222223333333333334665442233334322222235666554333222222233333333333333333333333444444443344443334444444444444444444444445
22245323333455676434654233456665555666755434675444454433333344455554554444433223333333333333333334334544444344432222246667666433222222233333333333333333333333344444443344344344443444444444444444444455
32443323432245665344654234468876656566543324543444344433564333345545565543433322333343334333333333333444455445443222345555676543223322233333333333333333333333344444444344444444444444444444334444444544
44655454544345545544554434555786655555343345443344433343567544333444566774333333334444444433332123233443334445433323344655666553223322233333333333333333333333333444444444444444444444444444444444444444
45643456544434543443564333566776555554335654444344555556557988855654457776433333334443333233221124433333334455533333334556666654323323333333333333333333333344333344444444433444443444444444444444444444
55543565645544443443355435666865667775446754433233445687667888886675345665544333233332222222222223533333333455433333334556765444323333333333333333333333333334333334444444433443344444444444444444444444
34553397565554454353466667555556767887545534444433335666555577887435544554444443344454455533443323433343333454433333333556665445543333333333333333333333333333333334444444434443344444444444443344444444
35654358445565455345566655555776776778633434555433244553344686665433556644444343333456455445554333333333333444333333333455554455543333333333333333333333333333333333444444444444444444444444443344444544
44644335645555456655466555565687555545544455454344433444444576554445556655443333334546655445434333333333333443433333333455665676654333333333333333333333333343333333444444444444444444444444443433344544
44654334555555456675476555566666555655434445433346532355444335654467666655543343333345765556644444532233332333443333333334666656666433333333333333333333333333433333344444434443444444444444444433345544
54666644455455345664356556545666467555324434434455232343244344554455333334444333344665466545654445643224333344543333222333556654555533333333333333333333333333433344443444344444444444444444444433344444
56665566555544555434555656544665557666655433434654433354344354556443223223455333466532367534554444553344433566654332222242455555566543333333333333333333333333433444444444444444444434444444444333444444
44566556644554555433664555664565545446665544432344565664344344444543333222355334444222685544554543464244333565664333222233244566666543333333333333333333333333333344444444444444444334444444443333444444
53455566644654555343563454565664444434566764355433576642244334455543322321233432334545763453464432464444334444674333222222266456776544333333333333333333333333333444344444444444444344444444433334444444
44565554455543556544455543578865455334565554356433553344334355434443312233322343235658734554355532564554333444555433222222245566665455433333333333333333333333334444344444444444443344444433333344434444
44565444455543555676446555568765445433555554332234544344333464333355333335532344444579654555445422454665453343445433222222225554456555433333333333333333333333344444444444444444444444444333333344344444
34655444446754443565465356565566434543445555643444443444444444454455533334643333444564223354455522354465455343334433222222223444355566533333333333333333333333344444444444444444444444344334433444344444
44554455556654345554464565456444544543235775443444443443223333475454444454663554446654653345456532245456446544334533222222224443345666653333333333333333333333334444444444444444444444343334444444444444
55554455556654347766666775456444543465334786444334343343334344123346544432486554457766676444345653244566546544323543321222224544456665574333333333333333333333334444444444444444444444443334444434444444
55654345545565346655544555555434554335433665345455333224544345434333454343346546764334556434434554344456556445322453321222224667755665676333333333333333333333334443444444444444444444443344444434444444
55665445555566435644466544445455664444545554444444333434555445433333344333344334544334456533432467444346555445332464322222233576665655676433333333333333333333333333444444444443444444434344444444444444
44665334456455446522355554456654454334664545544455543475444445433344344323445433434554457655542368744356666444444575322222233365356655554543333333333333333333333334444444444443444434334444444444444444
45666544345655545544344565556533323322455554444445543455455434543334444343444434434565456765555457743256666544455578522222233354345565553554333333333333333333333334444444444443444444334444444444444444
44665576345444455556665544565433323333434444544555555445543443554332355433333344322323345554444446543454565455542345732222223344545565554443433333333333333333333343444444444333444444344444444444444444
45565445435544455333455445566564222334444433444555665445532454564333445334445333331222335655764555555554454455543443442222222344545665554423433333333333334433333333344444444343444444444444444444444444
34665455544566555323544324544566653334554444344445655434433433454333444433323333333244456668875465456664454455434545442222222355555676543322333333333333334433333333344444444444444444444444444444444444
33365335534345545543342464443354454444433233444445456554334333444333355432332332333454566666776556645565454455544323543222222344566466643222323333333333333333333333344444434444444444444444444444444444
43356556644345545566344365332344433334553223444445556675443345557765456654323332344455455665456656866545564445554334564222222334666457763322323333333333333333333333344444344444444444444444444444444444
33356899655333334446544334333343355433443333343344455555653454443443245754556433344444444455554445677645455555544456665332222334555567743332223333333333433333343333344443344434444444444444444444444444
33346656566443333345544433444333454443244434444344454543456753234443333542467533554444443444455655788755555345554455555332222335555557643222222333333333433333343333444343334444444444444444444344444444
33334445566533334454456665456533554344344434446644445554434554222223433663356665554442233334455578877655655444554333665432222235556656754433233333333334433333333344434433334444444444444444444334444444
84235664466653455335356554333443334445455433443444324445465467665344444786653566773245334434467776677744655455543455675433222233455666775653423433333334433333334344344434443444444444444444444444444444
99435665344664556534446643333333344444444333333323334556677554566676565686676468677335654546766666566654654355435445676633332233334556765653325973333334433333443343334444343444444444444444444444444444
89976666433475544445567644444433334444444333433435643345645655456577777665555777546657666667766665456655644554345656668853333322233555566543325873233333433443433444334444333344444444444444444444444444
37998667643356654445785444445444447888644333332334553454542345455556568887655765555677744567556554357775544434454455569943333332223334434533444652233333444444333443344444444444444444444444444444444444
55899865664566665556665455345654469999975432332333334554344323334446776655566665565577754445554444446765443445544466458953333332223335444433336653443333343444443443334444444444444444444444444434444444
