23367422112222212587884332223321222213222157422233433223323452212222346888888888888888888888888754888855556556777778643332334442221232345433468888888888888888888888888888888888888888888877777777777777
23257422222222221478654322233223222211222257532233332222222321111222235688888888888888888888878763788865433346778778643433244333321322444344578888888888888888888888888888888888888888888887777777777777
22157422321222222257332333232223422221112267422222332222222362111222123678888888888888888888877754888864323346866445543333344322321222232225688888888888888886677888888888888888888888888887777777777777
33247522322232112156342223332332322221223367532223322222222485111222222247788888888888888888878753788543333246764332333333333332222222322223788888888888888874354578888888888888888888888888777777777777
54447534433442123234432223333432214222334358532222432223323455211232222244567888888888888888877763786443343333454442233333232332222223322224678768888888888754333347888888888777777888888887787787777777
54567425554554455444544444444543345433435237632223432223323232211232111233245677888887888888877764654343443332233554444323222322222222222234576467888888888643333345788888888777646888888888777788888888
43467424444445555444444444455444555555555457533334533334444343211242333443333367888886658887777764454443532222234466544333442222222222223222343557888888888644334343686788888877645888888888877778888888
44467424444444444444444444444444444454455554434555555555555555444555555555554567777775446675457764356443522222234465432342331114222222233333233357888888888753333334675788888777646888888888755667888877
44467534434444444444444444444444444444444456534444455445555554555555555555555565555665566555567764556555644444455444444444443335333225332223432467888888887643333457674688888787646888788787443444578756
33367533333333333344444434444444334444444456533445444454555555445445555555555555555555555555535753455556655555665555555656555555555556655555554566666776767544333455564477678777636887787665333333346534
33367423333333333443333333333444333444434466533444444444444444444444445445555555555555555555523764455555555555555555555555455555555556655555555565555555566555555555555565556777635665666554444444444333
33367523444444444444444444444444434444434467533444444444444444444344444444444444444444444554556764454555555555555555555555555555555455655555555555555555456555555556555545555677645555555555555555555555
44467524444444444444444444444444444444444456533444444444434344444444444444444444444444444444447764444444444444555555555555555555555445455555555444445554444555555555555544555677644555444445544444455555
34467424334444444444444444444444444444444456533444444444344444444444444444444444444444334444447764344444444444444444444555544455544454454555555555454555455554555554555555555577644555554444444444444445
33367423333333333333333333344434444344344466533443444444444444444344444444444444444444444444457765344444444444444444444444444444444544444444445555555554454454445544455555544677644455455544444444444444
33467524333333333334333333334333333333443366533444444444444444343344444444444444444444444444447765344444444444444444444444444444444444444444444444444445444444444444444445554687644444444444444444444444
33367524434433443333433333334333333333433367533434444444444433444444444444444334444444444444446775344444444444444444444444444444444444444444444444444444444444444444444444553357644444444444444444444444
33367523434433344434444333444434443333444466433334443343333333323334443444442123444444444444446775344444444444444444444444444444444444444444444444444444444444444444444444443147644444444444444444444444
43367523333333344444443333444443344443334466323444433344333335212444444444431353334443444444447875344444444444444444444444444444444444444444444444444444444444444444444444444366544444444444444444444444
43367523433333333333333333334443334444434466533434444443443346402444444444431455444444444444446875344444444444444444444444444444444444444444444444444444444444444444444444444566644444444444444444444444
43357423433344433333334433333344434444444467533333444444334446611444444444442545343444444444446775344444444444444444444444434444344444344444434444444444444444444444444444444577655444444444443444443444
44337434444443333443434433333343333444334477533334434334334446851344444444444546334444445444446775344444444444444443444444444444444444444433333434443434434433334444434434444577654444444444433444444344
33457533444444443444444433444444434433333467533444444334433444773254444444446456344444344444446875344444444444444444444444444444444444444444444444444433434433344444444444444566654444444444433444444444
33367523444444444444444444444343433443343467533334433343444443685134444444447456244443344444446875344444444444444444434444444444444444444444444444444444444444444444444444443565554433334334334334434444
44467523334434444444443444434333334444344477533434333333343433586123444444536436244444444444446864344444444444444444344443434443344443444444444444444444444444444444444444433577553433333334343344334434
33467523444444443344433444334444443443343477533444434433333334576223443444435236344444444344446765344434444444444444444444443444444433333333444443443444444444334444344444443687654433433443333333333333
44456523444444444444444444444444444444444357533444444433444344577522234433445535444444444333335865444434434344343344443444444444444444343344444444444444444443333433333333333687654434433433333333333333
55467524444445555544545544445555444444444356534444444444444444567732113444346535345544444434335875433434344344334433433444444444444444433334444444444444444443333433333433333677644333333333334334333333
44467524444445555455444444455555555554444467534444444454444444678842101444346635424444544544445776434334344434333444444444434444444444434444444434444444444444444444444333433677533333333333334334444333
44357524333433444444444444444444444555555577534544555555555544689863211354346667312344443555545776444444444444444444444444444444444444445555455555544444444444444444444444444686553444333334333344344344
34336524334334443444444433334344444444555577534655555555555555578973444553455885221334443344556776445554444444445444444454444444544444555555555455566654544444444444444444444676554444444444333444334444
33357523333333443334444334444344434444434477533544344444444555556786776667566963331222232333445776445455555555555554554454555555555666666666666677777766554444444444444444444686754444444444444444333344
43366523343434543444334444544444433444433467633444333333444444455687666666558642323433222223345776434444444444455554455666666666677777777777777777777766666644444444444444344787753444444444444434444333
43366523333433444444443443544444455443444467633444333343334444344576666655645532333566443233234676435444444455555566677777777777777777777667767677777677776776544434444444333777643434444344444443344333
33357522323333344444444444344444454433444466533444444444434334434666666655543432234567664354223466544444555555676788877777777787777777666676667777777777777666654444444444434677643333333333344443333334
32356431223223433344333334444443333333344466533543444444444455555666666654443321122346766655323344544433457777777778777777777777777776666666666666667777777766665545444444444687643334433333333333333333
32233332323222333233333333333333344334344357533544444454444444566666666654442112122222356665333333333446777777777777777777777777667766766677665566566777777776666655555544555777744444433433343333333333
32222223323222233344333333334444344433344357533444345444444445676666666655543112222222223466565565775445666777777777777777666666666666666666665565556677777767777665544455555788744544544444443344344444
33222233233333333333343333333444344444444467533343444544444456666766666655543211222222222234566776888534667777777777777777666666666666666666665665546667777777788665444445445787754555445554544444454443
33333343333443333334444334433333333444444467643443334444544446777766665444422211122222222222335677767734678887777777776666666666666666666666666665555666777767777655544444544755644555544454455545455444
43454444334344344444344333333434334444434467532343334544344443777666666665432211212222222222222454433444688887777777776667666666666666667666666665445666777767777634654444444665544554554444555544455555
43443333333334443443334343333443333443334456422333334545444442676655667731222211221222222222222222223334467776887777777766667666666766677766766665445566677766777533554444545766644444443344444454445444
44444443444345444444434443344444333334333466431222334434344443666656565100012211121222222222222222222233577767877777777777666766666666777777666665444566666676787632344444544667644544444444444444444444
44555544455455445444444444344333334344333466432122223344334335666555464221111111111111122222222222222234677657877887777777667766666667777677665565444556666676677544323454433576534444444454444444444444
44434444334344544444444455443333443344443355432332233333333335665554455452111111111111112222222222222234566667878887777777777766666677776666665554444555666666676524432344444675534444444444444544444444
45333444333444334444445445543433444433334333233333333332233445654545544432211111111111112222222222222255566667778887777777777776667677776665665654434555666555566413443333333555534443343334444444444444
44443333444343334445544444544444444444444443333333333434433345644445544333111111111111112222222222222465566667777788777777777777777677766666655654444455555554465323332332222256544444544444444344444444
44444444344333333344443434443344433454444454333332333324443346665445443332111221111111112222222222223676466677777778787777777667766777665567545654444544555544453233442222333157644445454444554554444434
44444334434333343434332333344444434444434453344344443333434545556654432321112211111111112232222222336766466677777777887787776666666777654565446654445555555443332343444322334467633444444544545545444444
43444433344433443333434434444445444455544554553444433434447666554554211211125111111111111222233334557766456677666777877777776666666666555554347655555555555432223444444433334777633333334444444444544444
33444444433443454444444444445455444553344554455443433544445798744433211111344111111111111112334545667766556666666677777676666676766655545444357765555555554432233444433433334675633433333333333333333344
44455544444333444444444444445444444444444444445444445444335998865432221124332111111111111112233556667766555655556577776667666566666655444444367766555555554322243443333433334676644443333333333333343334
34444444444334434444433444455444343443344434444444444434347988885422542232211111111111111112223456767766555655545566766667556565555554444443477765555544432222343443335433334777544333343333333433333333
54444444443444344454444434555444444544333444453334433344446888875321331121111111111111111111123466667655544554445556666656656656555543334343588765554443322222443344444343345777533433333334443433344333
44434444434433333333345544455555544544444444444344444345523555214332231111111111111111111111112466667655544553345555666655555655555443333343798865544332222222433344433333445777434444333333444443444433
44434444444333444433454444345555444444454445544444444444422331003323321100113212111111111111112466667655554453345555565555565555554433333334899865544332222223433344333333356776533554334433433343334333
44444444444344333343544444334545443333333354444445334444432110014223321112355113421111111111112266667655544453245445565555555555544333333225999865443322222223443344334454446776534443333443344333333333
44444444444444443445544443444544443112234443334444444434433212232222121244452114543111111111112146667654434454245444555555555555543433332324999865443222222224543334334454445776543343344543445333343332
44344444444444444444444444444444433234344333444444544344443222211111112344441135456311111111112236666644423455334345545555555555434443333323999766543222233234433333444344335876533333444433433334344443
54444344344444443343444444444444544334434444444443344445444222211111013444531245445432111111112225766643423455433345555555555554344433333321699777644444433234344434433344433577533334433334333333344445
44444444434445444444444554544444544434433344444443343555444322111111134444521345444444211111111223766644433555443446655555666654444433333221289987545555443233433434433443331277534445454333343333444354
43334444444434445444455444444544543344433444444333444444544442101122443444411444334444322222211222666543333554433556655666665554443333332221038886555555445333443344533444343466533444455434433433544444
33343444433333444444455444444444555544444544455333345444443443433344443444422434434334432222222221476533334544332467656677665444333333322332005887655556545643344445434434445766433334444444433444444443
43444433333323444454544454543444455554445544445445555443332323333333334434433333333434443322223222365434334444322367777666544543333333333333103776666666665666434544434434435776534343333334434434444443
44443434434333333434444445434433455564445434434334334444333333333333344334444433443343343332233322244334324443222245666555433333333333343333323344666666675667655443334444335776533444344334333333444334
43334433344333333334333344444434444344332334443334333444444344333334443333344445444543433333223333222222213332112233444444332223333333334434433343566666665666666543342344335776523543353344443343433333
44434433343334443344534444444444333444434443333344444444443344343334344444444444445534343333323333322212113221112232333333222333333444334344444544444666566667666643332444435766522333433344333333344423
43433333343334344444333333343343333333445444444444444444333444433333344444444444433444344433333333332222112211122343333334444344544443334444345444333345566787666543333333435765421233332333333333343433
33332332333334433334343343333443344334444344444333434433444444344443334334434444443334444343333332222222244322222434434444433344433343445445333334333323466787755543322333335765411232222333434333443433
33333343433333333333333233334443334444344334444443354443344444444443345334444434434444333343433223332222465443223444434445444444344234543334223343333332247888864543333333335665411332233333333334443433
33333334444434433443333223334433334334444334454444443444443444444443445445544333434443343344443334344334465543333454444444443443344444333433333222333333137888863443333233435655322333243233333333343334
33333443444444445544434333334534433343434433444344433444333444434433444434344434433433443344444334443445466543233343344344454433343344333334323322223333327888754334333333445443323333223333333333333333
33333454344434444434334433434444333444344333444445344444443333543443434543344433343332333334444334333333345443223343333334443444323334423344212221222233323677654433333333334343333333323333345333332333
33433334333234443444335534433333333444444333343434434444434433533333443443433433443343333224443343443444434434322334343334343345334653433334221223333334332488654433334333333333333333334333333343333433
44433333343333343444434534434433443444443333333444344443333433333443443443333333444443333212432444444444334433322224344344344333344443433333333344443344343398765323433333433333333333334333333333333343
34444444554333334334434543334443343444334334434444344433344444344344444444333334444443333222311544344434333443322223435443444334544444333443334444343323344487765323334333333333334333333232333333333444
44333444444334343333333334433444443344444433434433343334433444434333333333333344344443443223323544434433433444433223454544345334454444434434333433333433344677764223344333445433554433332333333333333334
33233444444343343434343334444333322334434443443433343344444434433434443334434543465444453223333333333333335534555544464444444444444444444543333334433333434667763233334333345533553332333333433334443343
32234444444333344544344334334333333433433343343333333443444434444344433334433543454454653223334333332223335644455555555444334443344333433433333344443334334667642233343343545544333333333333333333333332
33334334543333344444334443344333333434443334334333433433346444344343344334344343344344552223333332323222345454455444444444334333445344433444234345443333346666643234333443465433334333435444333344433333
33333233433343443333334433334343333443333333333334333333334433454344433443344432334333462222333323342333345343455543333333434333334333232344244345343433356666643233333344444323433334333664343343333343
33343343443332333323343323345335434334443333333334333322333222333433433453333343433443463222343334444354543233355543223332322222223321132223243333443433346666663233344433355433233234343553333443334333
33333333343333223333344232334333333334333343333323233332233333333422543463333343433433465222343235644344443333344432223332122221122121222122233322433233356666763223344423123222342233254323333332233333
33322232233233321333344332233333333223223443333332223333234334333322332343333434433333466322343225644443343244332222223321221221111112221122123222222222366667662223333323112222222332223222232222223444
33323333333333333333334233333233333233323333332333333334333333434433322343233335443333365322333334633343355333443322223331221111111122112126312221211112466665552222222111111131221222111122111131111654
43332333333333333323335323333233333334334443332233334335333333431445443443343333333233366423333344324423343332344245432311111011101121011125221111021122466664222222222111211111211121111243111262232435
43334443333333333333333333323333333343334433222344443455333334433443334432343323333333266433333243333323322332343124442320111111110120111112111111031021255655332222121111212212511151024354230263345333
34334323333343333333333333434343233443233333333333334443343344324434333332333223333332476444333243442223433232232113543443111011100121111112122110153042046654443233131111212114642231025333442352554234
33332334433343333333333334333343233343344333333333334333343343335333333332323322233222477554323343323322442232221112554555211241111222111254265220143132266655333223332112212334533211223433234544654234
32443333343334343334433333333333333443333333433433433333234333343333333333223333333333477663232233322233341222111111554532111454221452222234235242246322146654244222333213333333232212334334444333443333
44443343333333343334333333333333333333333333433334433333434322322343333333333333333333666663234333344333212111221111343322211123222332322432433355345324325542343112322312543423332322133345554354454323
43322333333343342222333234344433343343333234323334433343344423323333333433433443333335776764333332233322212111111111154333111122112223442323444444333433334642332123422323513643533432244345432354653233
33333333234333233322334334344533333443333333334433443444434433233344434323323333333236666754332332322211211111111232366643111122012334642322344433334643443334332224421345524453434443343454323333443322
33233333344333344433433334344434433433333333343333433343324553333433344333343443333456553453333323221111111111112243344432232232133325642233334433333433454323421334432223434443343533434455242355433222
33333334434332323333333333343233344333333333333344333332323433333233333443332343334445665341233322311111111112233243234333333354332234543322334333323332233433323334533333324333343433565443242433322224
33322322332322332233333333233333344332333232334344334333433333434333333554344343333334564232343211112110111123344223234344333333244333332233333223423332334444332334533344334443333322445454422444542336
33333233333333222234433433333443344433443332324333345444433333344343333443333443335432232122323222233211222224334322324343333553233333332233333433322431233344333334632265344434423343444344433334554334
33232333334434433345443433343354433343442354334443344544433334433344333343334434444332212223434433332333333234222233345333443443233433323334323633454342333465323444444466344533323534554334443333354233
33334433443434434444433333343354443333343444333443444344443344444343343344434334333333323334334333332333333343322333356443343333333333333333334434445374334354433333345543432432343433454334343333332233
33345433333333444444333333333344344334344433334443444344433332344332343343433334333332344444334333322324333333334343344333223333333333444446334345323464334445434333333434433223542433333333333333333334
33433223334333344443333332222333234335433444334545333444433344333323443333333333323333343443333323333223333343344333333432223322223233434333433443333332333344434223442334322123446634343345323335444233
45433333344333353443433333333333334433334444344443333444433333423333334443343332322344333443333332333233333443344333433442222322323323333233323344433333232333423323423334222222235445444446333336533333
44333344334333334434334433443343444433344433434444333334333333334333334343344322443344333344333233433334333433343433433344334332222224432333333333333333333333233433332233334312144335444324332333323332
33334434344444334433343443344434544554454334444444344433333323454443344344434334454344344444333334333444334333333333432433333223332334322333433233332333233233232223434323444423333333232322332332234345
33433433334544443333443445344445444443444333344443343433343323454544444456433444334332345433444444343344344343334433333333333322433323322323543333333132232233232234444333334534335532433332443333335545
42343444434333333332344433344344334423443332333443333343444344444444333444444444344333343333344434443344444344443333233233333333332323334333323333422244233222223333322243232344223332464332344332345534
43344344333333332333334333344443433433333443333333334444343344445433344444444334443334443334443334333333333343333333343333323333333333333333333334433345533322213323222323132122354332364332332233233345
43333433333333432333344334433333334323344334333334333444433344433234344443333234554443444444443443334443443334343333333444333332344344333333344233322333323222222333323333233233343333336333323323333233
44433333334333433333333434333333334333333344343333444443333433433333333333333333334432333343333344433334454344433233333443343232344343333343443333333432232233333332322333222334332323233223222433443343
34432333333333333444334443334333333333443333334533333334333333344423334444333323234433433332333444334434433433433333333443344333344433453354433333333433332333232323232321323234433223233223232343333323
33343333333333343344334444334344323343444434333323333433333333334433333433233333333444444433333333444453333233332333233433244434343233333455333343343433332333233222332333333333333335333332232333433322
33333333433333332344333444333233344455443344323223334433333333344433343333233233433444343433343323444563333343333333333233344435333233333433333443443433333232233335433333443333333544433232222234333332
