21112232324753211222221158777533223322212211232215752223333322232233221222333678888888888888888888888876478886554555687777865333223544232133234543346888888888888888888888888888888888888888877777777777
11111132214753222222222125863332223322332222112325753222333222232233111122212468888888888888888888888886478887543334677876864333323433333132334434457888888888888888888888888888888888888888888887777777
11110132324753232223222225734223333223342322111225753222333222222236411122222356888888888888888888888876478886333334686543444333334432232122223222478888888888888888657778888888888888888888888888777777
21122344542763343323211223544222333333232322123335853222243222232347621112222224678888888888888888888876478854333334666433223333333333222222232222378888888888888887534446888888888888888888888888777777
44445555555763454445322443444333433344222533243534763222244222332334431123322224345678888888888888887776477544334333334445333333322233222222332222467876788888888876433333788888888877777788888888877777
55555555446762455445555554455454445454444554444533763222343222333323221124311124323456888888788888888776465434354333223455554432332222222222222223346645788888888864333333578878888877765588888888877887
44444444445763444444445544444444444544455555555555653344454444545445432224343444344335788888654788766777445544454222223546754333344222222222222322234345688888888874433434358668888878775588888888887777
44444444445763444444444444444444444444444444444555453455555554555555555555565555555556667777554566645777435654363222223545443234233211432222323223333335688888888875333334458668888877775488888888876557
33333333335763333344444444444444444444444444444445653344445544555555455555555555555555555556556655556776445555565555555555444445454433543333543233343235788888888875333345666548888877765587877777854434
33333333335763333333333333433333344444433344444445763344454445445555544544555555555555555555555555553476445555565555566655555556555555555555665555555456666667666764443335565537777777774588777876643333
33443333335752333434334444344443334344433344443435753344444444444444444444444444444544555555555555554376545555555555555555555555545555555555575555555556555555555755555555565555555567764466566665544444
44444444445763344444444444444444444444344444444445754344444444444444444434444444444444444444444444445686445455555555555555555555555555555554565555555555555555545655555555565555555567875455555555555555
34444444445863344444444444444444444444444444444445664344444444443334444444444444444444444444444444444777534444444444455555555555555555555544544545555545444455544545555555555555455556765455544444454444
33333333445763343333433443434444444344444444443445653344444444444444444444444444444444444444433444444777534444444444444444444445444445554445445555455555555455545555545555455555555556775454545544444444
43333333335763343333333443333433333433444434433435764344444444444444444434444444444444444444444444444687534444444444444444444444444444444454444544444555555555545545444554445555555456765354544554444444
43333443335763343334334333343333333433343334344335754344444443234444333344422244444444444444444444444677534444444444444444444444444444444444444444444444444454444444444444444444545457875344444444444454
33333334334763343444344433344333333433343333344346764343444452124433344444313534444433444444444444444677634444444444444444444444444444444444444444444444444444444444444444444444445433765344444444444444
43334334334763243343334444444443344444444433334345742333444374024333344433315643443333344444344444444677644444444444444444444444444444444444444444444444444444444444444444444444444432665344444444444444
44333333335764333333333333434333344444333444333446643344444476114434444444325453443333343444444444444687634444444444444444444444444444444444444444444444444444444444444444444444444444765344444444444444
44444344335763344334433333334333333444333344444445753343344468513434443444445463444344444434444444444687644444444444444444444444444444444444444444444444444444444444444444444444444456665444444444444444
44444444433663344344444334343443333334443344444446764343344458832544444444454563444433343344444444444577644444444444444444444444444444444444434443443443444444444444444444444444444446765544444434334344
34444444343663344444433344344343334333333344333346764343343437962444444444464463344443443344444544444577644444444444444444344444444444444444444444343334344433343443333444443344444446775444444444444334
44443444334763344444444444444444444444444443334335764344444436872344444444365363344444444444434444444587644444444444444444444444444444444444444444444444444444344443434444444444444446665444444444444334
44443333344763244444444444444444444444333344444446764343443345772234444444354264344444444444344444444587544444444444444444443444444444444444444444444444444444444444444444444444444346655433343443443343
34443333445763344444444443444334443434443444433446764344443346775233444444344355444544444444454444444577534444444444444444443444443344343444434444444444444444444444444444444444444347765443333333434433
44434444444663344444444433444444443444434444344446764344444456677322344443446334444445444444444443334577643443444444444444444444444344444443433333344444344344444444443444444444444347875443444344333333
45555454445664344444444444444444444444444444444433764344444446678521124434456435444554454444444443334587643443443444443434444344444444444444443434444444444444444444333333333333333348876444344344333333
55555555445764354444555555555555445555555544444444764344444446798632103444357556334443454454444444444477653343333444443444344344444444444444443333444444444444444444433334433344333347775443333333333443
44444444445763343444444444444444444544445555555445764344444445899732222543456785223343344455444444444577653443443444343444444444443444444444443444444444444444444444444444444443333347764333333333334333
44434443443663343443434344334444444444444445556556764355555555689854656655556973112233233444445444554577653444444444444444444444444444444444444444444444544444454444544444444444444447865444433333343333
33344333343663343333434344444443334434444444444446764355545545557877766677567852112322222334555554444577654555544444444554444444444444444444444444444445444444445445444444444444444457766444444444444334
33343333334763234333344443444443444444443334443346764344433344445876666666657642334643222333444444444477754544545555555554555555555555545444444444444344443444434444444444444444444457767544444444444444
33333333434763233344354444533344454454444444444435764344434433334766666665554532445655434432334444444477643445444555555556555556655655555555555554444445444444434444344444444444443458777344444444444444
33333333334764233343334444444444444454455554444445764344443444335766666665453432245566555531234555555567655555456667666666666677766766666666777765554555555554444444444444344444444358776344444444444444
33333333324663222233333344443444444444444443434445764345444444456666666655443221222456666531222344433334666576677776666767777777778777777777777666565555555555555544544444444444444357775433333333334444
33333333324443223332233333333334444433334433333445764355444445566666666655543111222224566643323223334576776666777877777777787777777666777777787666666655455455555455555544454544444447776433344333333333
34433234322233233233223323333333333333333443433433764344544445666766666665654212222222344655446467644466566666777778777777777777777667676677776666666666544444444344554455555555555457776444444343333433
44443433322222332332223333433333343434444543334444764334434556666766666554443211222222223444566677763355566677787777777777777777777777777666665566666766654444444444444444454444555557886455445444444433
44333333333323333333333333334443343334433434444445764344434455777766666655542211122222222333455666674345666766677777777777777677776677677666665566666777665444444444444444344444544458886455554455445444
33233344334444433344433443444443344343333444444445765334433442677766666775333211112222222223435566675346777766677777777777776776667666666665665456666777766554444444444444444444454457565455555444544555
43444444444543333333444434433443433344333444443445763234333453576665656641011211112222222222334356667447777766677777766776776766666666676666655445667766776655445454555444444454444447555345545544555555
44334334444433333333454334443434433444433334333344653223333345666655646400011211111122222222223246667435776656777777776776766666666666676666554445667766777765555444444445444444454457665344444434444444
54444334455544444444554444444344433444443433433335654212223345666555456433221111111111222222222256566436765666777777777776676666666666776665554435667776677656555555544444444444455467776454444444444444
44444444444455444544454544444445544433344433444335654212222335665554445444212111111111122222222255566446655666667777777776677666666666777665455334566676667655765555554554444444444458755344444444444444
43344333443344443333444444444445554333344433434333543333223335654454554332212111111111122222222223444333334666667776777777776666666667777764454434555666667644875444444444444544444457765344444444544455
33444434443334443344433344444444454445344544333433323333333335655444554333311111111111122222222222222222223356666776777777776666666668766764454333555555567632887544444444444444444457765344333433344444
44444444444444333443333344455444455444544444544444433332333345555655543333211121111111112222222222222222222235666666677777777666666667666663454334555555557642588744444344333444444434775344444444444443
43444444444444443443344333343333344334444345454445543343334655555465432232111211111111122222222222222222222223666666777777766666665677766652453234555555556545468875444333334433333321775444455544445544
44444444443443344443334333343333333444543344454455435434446668865434321121112311111111112222222222222222222222356666777777666666655776656642454334445555445434468986544444444434333344775344444445445555
44554444334444433344434433344344444544554545545455545544444579997433321111122311111111111222222222222222222222245566667766655665656766646532454334445554434324458888654444444444443357775333333344444444
55433444444544444334434544444444444554544455444445544554444598898643233112332111111111111122222222222222222222235566666666655555656655545422554343344544332244436788655444444343334356665343333333333333
44444544444554444433344443444344444544444434444444444554444799898642144223221111111111111122222222222222222222235566665566555556555555543223654444344433222344535668855434433343333356765444433333433333
44444444444444444444444444444343445544444445334344444433554788887632223122111111111111111222222222222122222222224566655565544566555555432215654334344332222444444568975444433443333357775444333333333334
55444344544444444444433333444454445555444445444344444433352455542242223011011111111111111222222222222122221111224555555554445554555554322126544334344322223344333457975543444443333467775344333333444333
54333333444444454443333343334455444555554444444444454443443333310242332111101211111111111122222222222222222121224455545554444444544443222146544333344222234444433456886544444433334467764344443333334444
44433444444445445443333444335544433455555444544434554444443322101332322211124411111111111122222222222222222122224444554444444444444332222246543333232222344444434445788544533334334567764335543344334334
44444444444344444344444333445444433355544432223334443444443322123322211122345311111111111222222222221122211112223444444444444444443322222246533322222222444443434444688754443344444467765345433344343333
44444444344454444444444444454444444444544321233444333444444322221111111244455311111111111222222222221122211122223444444444444444433222223356433221111222433444433344468765443344544467665434434445434554
44454444544443444444444444444444444444444433444443444444444322211110111345455211331111111222222222211222211111223344443443344444332222223355422211112223444343334333357776434443443367765333344444333443
44444444444444443444444434444445544344445443444444444444434422221111113454454113454111111222222222211222221111122344444443444543322222233454322111122223433444343333335766444344434346765333344433343333
44444444443344444454444554444444454444445443443333444444434332111111123444443114444421111222222222212222222111122444444444444443223332233454322111222223443344444434424555544334433314765344454433333333
44454433333444544444334444444554444444445434444344444443334344310123333444443125455543111222222222212222222211223454443344444433333321133455532212222223344444444444422454455334433424665344445554344333
44444444334434343333344444445454445544445655444455545544334554433233444444442124444334522222222222222222222222224554444334444433333210133567533222222223444434444443332334334344344456664333444454444334
44433443444443344343334444445445555344444655544454444454555544333322233333331133444433542222222121112222222222233454555544544333333310023576433223222223444434444443332322323444344467664333433333444344
44334434444344344443333334344344554444344445533443343443333344443434333333333333444444453322222111111222233333334454444444443333333420123676432223222223444334443333442321222344444367764344433443343344
44444433444344333433343333444344444444444334443223444433343344444444443333444433434444453332222111111122233333333444554333333333433442433775333222122233443334433333344231122224443367764234433533444343
44333444444344433433444434454343444444333334444444433444444444444433444433433444444444444432222221111112223222223333333322333344444455543775553222122233344343443334443233112224443467664234433433443333
43344433344333323333343344453433333333433332344544444444444444443334444334434444444444453463222222211112333333333333334443334444455444443786553222222233334433343333343334322212334357654213444333333333
44443333333224433333343333443433433344433443444433444443334444344444433444433443444444443496322222222123443344343334344444453354444344443787654222223333333333343444333333322121234367653113432223334343
33444433343333334333443333333322333444433344433443344454434544434444444444433453445444343489622222222233553444334444454444444454454444543687654222223333333333343344333333332222223356654113322234433433
44443443333333344444444444444433333344333443444443344544444334444434444434344444455443344379422222222344444444464444444444444444444334433687653223222333334553333333323333333322223356553213322333333333
33433333333335434444444455444333333354444334434343344443444344443434444444334443443444444368222222223444434334554433434444434443444544333676552223332333369987432333333333333333333455443233332333333323
33443333333333443433344435443354344344443334444443334444443444444343345434334445433443433444222222234444343333333445433344324333344434433476652323432233389999633333433333333333333444433333233233234453
44444433344333333322344434344365344433324434444443333334343344443344344343334334334334334431222222333354334444433245433334334343344333453366653322432222499999854334333343333343333343333333333333343343
44344444344443344433333344343355343444334434444433344344443444333333433334434334433333444322122223433344444444443344333343344344344333333577654323333322499998764433333333444333344433333433333343333333
33344434444444445443333333434344433344434444444443444344333433333444444443444443433333444222222224433455433454443344344434434344344443345478763224333342598998654444443344433333333333333343333333323333
33444323443333344443443433433333344444444333444344334444344433444344444333333333344333432222232234445444444344343344345446644445444443345588864235343343598898655544433344333443334444444443333332323333
33333322322334434443333344344433343433323233244344444434333434434444344343344433343345432222233334334433343433333354444445434544444434544589865354243343588877666534333333333443323555346644323333334333
33332333333344345433333445443343433343333443334434334434334334434444444443444333344345532222234335444443333333233455344543434554443334434488876344243333468766688643334333433443344455434333333333433333
22343334333333344333434434443444334443433334344333443333344433333454434443434443343444432212235334445444323332332444544413534544443343435578875323442443457766777763334444443334445654433343334454443333
34434333333432344343434333233444333443444334333333333333343333333343334443444434433444532211125434434232334333333443444424544554345443334469774222542443545677776674433446433334444554334443344445653333
34433323334434334433322233334432233453354343344433333333343332223342223334334334533334631111135323344333344443444442334434544454335323323269764222232433344347776785333445433444334554333433334435633444
33333333333322323333332223333543323333333333333333433333232333322332333343235435533433431111354223344333365333444433333423423333323332323268664321222333234434778876434543333553232432233423343545643474
43333333333233322332333223334443323333333332332234433333332333322443343333233223433334441111453223333333265434433423343333343233223233321377653221221232223323587876633343433443231233264333433443354465
33443333343223333333333333343342233332333333333243333333333333344333334344343223433333452112663223333333355343433543334344332233322322221477653221133122222122268887631233322232122233233223432112345443
33333334433333343333333333333343233333333333343444333222333443453333344324444434333433365222665334333333343343233333423343331233212211112666552111122211111112127888751222212231111212222212323211333333
32333333433344333333443334333333333333332334532343322223443335543433444334433443323433365322665343333333432233233223323332232323111211115665541111111111110101115778764111111321111224323212442223552323
33223434343333343333334333323333334344432334433333333333333444434433442354443343333332375322565343233333334232233232323332222211111110126655421111111111101211224677876322631321120322246432541332333423
43333333324333344333443333334333433333433334433433333333333343333433333443333333222233375322465444343233333232223232322323221111111112256654210111143112511431244667887741561321131322376454312332233343
43233333444433334433333443343333333333333334333333334334334333332343333333333333332233475422465454322323333223433222322212111110011115665543311101132123511264232445767742455242032345564353222223233345
33232333434333433333333432333343433333333333333333344333343334334343233233423333333333465421565564432443333433333221112211111111001114665433211112113114331353243235665332334343235544443333332343345543
34333223332223333333433422223432343444333434433332343233344334433443332233333344334334554321477774433333323333323221111111101111100116655444113413113444542333343256444333334354445435634334323343454533
33333232333333333443333443333343343444333334433333333344334434444344333333444343333233663211366543333233223332222111111111111111000256565543245112123454333346433245443333334334544344544344433543454323
33333343333333444453333334334333344433344433343324333433334333432245534334333443333335664222364223233233222111111111111111211111024555565433256222333234333335335643335323344323455444533434344345553333
33332332333323334333223222333333333332433443433333333333443343323334333333333344433334544331365422112233222111111111111112311321245444654222245433334333333333323333333223345323333343333435434554453433
33433333333233223323323322333334333343333433333333323333443343334333344343433345543443433321255423223332111211111111011230111232444333432433323313333332234233323344433323344333243343333434225554443323
34443233343332333333333322454444344334433444334433433343434454445333333443433334433334443111223222223222221212111111132331212243444335423333333322333333333234312343344333346333543443443233433444554323
33443333333233333444344333454433333433544433434324543334434445444333444334433334433344343111322122112232122111211111132222222453434435422334433233343236334434422333653233345333773455444234435643444343
33333333343354334434344444444333333433544433333444333334434443444433443443433433444343333122221122121221111111111111222123333563433433333333333333333335334553633333544324433455543434333445344543344433
44332333333443333243334444433333322223433443344444333344444444444333323442323433334333343233211112222432211012132112333333433454432333343333333444453443353234643334454343334334334333334434333444332333
33333333444332233343333534434333323333333344344334443345443434454333443333234333333334333333332234333433232222233333434443333333322233232332334443344333443333433333454343234433343232235545444333444333
33333444453333343443333434444334344433443344333344443444433334444334333243333344433433323224443334433333323332333334433443334335322223223233333332333233434333333323334233234333343222223365344443454244
33444433443333443344443344343344334444434454334444334444543333333333333443333333433433234334443333443432434333343334333434334234433343322232244323333334344333333333333245233232332333222353365444354332
44444344444344343455444433334434433444345445544543344444443444333332234554334444444343344544443444443433343344443333333323344233333332232322354223334333333323332333332333233332234444132433343433233223
44443453433334344334344333334444454444444444334433333444334434333433334445444444564344533443323454334444444433443443434344334333334332224333343223335432343332322322332322234444233335333345323222323423
34433332433444443343333323323444334444433344334333323334433333544543444444443334444444443433333433334444444433444543444433332333333333333333233233334333334222332232222232334432433334443244334533423333
43333333433443443333333323333443333443344334333344433333333344443433453454333444444443444434344433343433443333333333433333333433332333333333333343333333334333464433222233222222332221232343323753322442
44333434444334433343234323333343344333333343233443343433344334444333444332343443433332345544334444444434433344434333343333333334433333333343433333333342343333333233222233232233232322223553323563333332
44344433345333333333334333343334333343343443444333443434334444433334334343333333333233333344323333433333444333344643444333333334433432323443433333433433333334332232223323323233332232332323332354233233
33443333344322333333333333444344433344443323334433333345333334333333333444233344443333233344334333323334443333354434334333333334433442333444334433534333333334322323332333323323222223344333232332232223
33333234433433333434333433443334443343343333434444343333234334333333333344333334332333333344444444333333334445533332333323332344433454443433334434654333323434333333332322222323323223333332243333232323
32333343433433334334333332443334543433323444554433442232233334333343333443333434333332334344443434333433244445634333434333333333333444353432332334443334433434433322321342234323433333333433354333322333
