12212211123233476321122222214878853322333222222123221475222334432233234532222223468888888888888888888888887648888645566567777786443333334422222323454233688888888888888888888888888888888888877777777777
22121111112222376322222222213677443322332233222212222475322333322222223211112232356888888888888888888888887646888754443468788786534322353333213323454444688888888888888888888888888888888888887787777777
11111111012232376323321222222474323333322335232311132575322233322222223531122221236788888888888888888888878647888743333467676566433333443233312233332356888888888888888887888888888888888888888888877777
22122111133343276324322321122364422233333323222212233575322233322222224852111222223478888888888888888888787647886433332477743333433333333222212222222237888888888888888864666788888888888888888888888877
33443344455555476345434532243344423233334322143323343486322224422233234553112332222445678888888888888888887647875433333444543332333332333322222233222236788788888888888744344578888888888888887888888877
55555555555544676245555555555445545444445444355434453276322234322233232322112332212432456788888878888888877646643444433323335544443332223222222222222245776578888888887543333357888888887777657888888877
44444444444444576334444445554444444444454445555555554575333345433344443432111333223433333578888877688877777644543445423222344575443334332222222222232223544578888888886443333346877888887776557888888877
44344444444444576334444444444444444444444444444554555545345455555455555555444555555555544677778754367764577643564435322222354664323433421132222222332232334568888888887543333435866888887777547888877888
33333333333334576334334444444444444444444444444444444565344444554455555545555555555555555665566665665555677744565546433333554444333433322243222243222333333578888888887633333456765888887776548878877887
33333333333333576333333333333443434344444443344444444575335455444555555555454455555555555555555555555555457634655566555566655555555555555555454466444444434677777878776433333566653788887777558777777775
33333343333333576233343433434434333333333443334444344575334444444444444444444444455555555555555555555555237644555555555555555555555554555565555556555555555665555655575555444556554666577777447767777654
44444444444444576334444444444444444444444444444444343675434444444444444444443444444444444444444454445555557654545555555555555555555554555555555556555555555555555555575555555556555555556787545555555555
33333444444444586334444444444444444444444444444444444566434444444444344444444444444444444444444444444444478644544444454555555555555555555555555555555555555555555554555555555555555445555777545555545455
33333333333344576334334444344444444444444444444444444565334444444334444444444433344444444444444443344444477753444444444444444454455555455555554544454555554444445554455555555555555545555677545554444445
34444333333333576334333333343344443333344344443443343675434443444213444444444421334444444444444444444444577753444444444444444444444444444444445544554545555555555554555544555545555555545676534454555444
34334333344334576334333333434334333333343334333434433675434444446302444443433422554444444444444444444444468753444444444444444444444444444444444444444444444454555454444444444444445555545786534554444444
33333333334333476334344434443334333333343334334344433676434344447511444333444423563444444344444444444444467753444444444444444444444444444444444444444444444444444444444444444444444444544687534444444444
44443333433433576324334333444444444334444344443334434675333344447721333334443334454444433344444444444444467754444444444444444444444444444444444444444444444444444444444444444444444444542277534444444444
44444433343333576433333333344344443434444433444433334664334444446862343334344445364344333333344434444444468753444444444444444444444444444444444444444444444444444444444444444444444444444266534444444444
44444444444433576434433443334333433333344433334444444675334444445884243444344456465344434444344444444444468763444444454444444444444444444444444444444444444444444444444444444444444444444576534444444444
44444444444443376334434444433344344333333444344444444675334334444786244444444456365244444444434444444444467764444444444444444444444444444444444444444444444444444444444444444444444444445666554444444443
43443444444443366334444443334434334333333434334444344676434334343776134444434447345244444344344444454444457764444444444444444434444444444434444444444334333344444344444444444444344444444677544444444444
33444444344433576334444444444444444344444444444333434676434444344677223444444435146344444443444443444444458764444444444444444444444444444344344444444444334434444334334333334444434444444677544444444444
44444444333333576334444444444444444444444433334443433676434344335678422344444435435344444444444434444444468764444444444444444444444444444444444444444444444444444444444444444444444434444656543444444444
33333444333344576333344344444444433444344444344443444675434344335667732234444446525344454444444434444444458743444444444444444444344444344434344444444444444444444444444444444444444444434666544333343334
44444444444434576334444444443344444444344444434434444675434444445678842113444346635444444444444444444444457753444344444444444444444444434444434333333344444444444434444444444444444444434777544334333343
55554455444444566334444444444444444444444444444444443376434444445789852101444346657444455444444444443333458764444344443444433443444444444444444443333444444434444444444434334333333433344787544434434433
44555555555554576334444455555555555544455555554444443466434444444689962332354345787334445544444443344343458764334443344444444434434444444444444444443344444444444444444433333333333333334777644433333433
44444444444444576334344444444454444444454554555555444675434444444578975666665555884223433445554444444444457764333343444344334444444444344444444444343444434444444444444444444444444334334777434333333333
44444443444344366334334343444434444444444444444555655676445545555556787766667657763212332344554444444454457765344444444444444444444444443444444444445544444444444444444444444444444344434776534333333333
33343334434334366334344343434444444333444444444445555676436655555555776666665656653211122233445555554454457765455544444444444444444544444444434444444444444554444445544454444444444444444776544444333334
33333334333343476323333344434344444344444444333444344676434443444444676666665554442222332223335544444444457765454555555555555545544444444444544444444444434444344444444444444444444444445776654444444444
33333333333343576323344435444443344445445444334444444576434443433335766666665444332333444323334454444444457764344444455455455555555555555555554444444444444444444443334444444444444444445876744444444444
33333333333333476423334333444444444434445445554444444576434444333456666666655444322234455445422355555554446765455445555555545555555555555554556665554444444554454444444444444444444444335877634444444444
33433333333332466322323333434444444444444444444443444675434544445666676666665554311122356665422334555555544655555666766666666666766666666666677666555545555555555554454454444434444444435876534334443344
33333333333332454322333223333333333444443433433333454676435544445566676666665554312222223566522222333333456657767777666666677777777777777777777666566554454445555555555454444444444444445776643333333333
44333443323422223323323322332333333433333333444343343376435444445777766666654443221222222245643243354446666666667777677777778877777777777777787666666665444444444455444555555555454444445777644344433333
54444444443332222233233222333343333333343444444333443476434443453677766666676553221122222223555565776435555666677788887777777777777767777667777666666666654444444444444444445555544555555777644444434444
43444333333333332333333333333333444334334443354444444676434443443376666665774112211112222222334566776633556666778777777777777776777777777766666555666676665544444444444444444444444454555788645555554544
44443223334434444443334443343344444334434333344445444576533443344576665654620001211111222222223356676643566676667777777777777777777777777776666545666677666555444444444444444444334444455767645554445555
44333344444444554343333344443443444343334443344444444576323433346766555446522112211112222222222244666563567786667777777777777766777666666766665545666676676665444445444454444444444445445745545555554454
33334433433444443333343344433443343443344433333433344565323333335665555445545221111111212222222233565564467675567777776777777676666666666666665544566666677765544445454454544545455445445766534444444444
44445444433445554444444455444444444443444443333343333565421223335664454454433212111111111222222222565564356665677777776677666666666666667666655444556776677756555555544444444444444445546767544444444444
44444444444444445544454455454444444544443334343344433565421222235655444554332221111111111222222222333564476556667777777676676666666666667666544433456677667655665555555555555444444445446876534445444444
34434344433344434444333344544444444554443334443344433454432322345555654544333311111111111122222222222343465456667777777667667666666666677766544433455666656754775444444544454554444444445875534444444454
44433344443444333444334443334444444445444534454433343332343334655654455433233111121111111122222222222222344456555677777777766666666666677775434433445555556752787544444444444444454444445776534433344444
43444444444444444433343333334445544445544444444444443443333235658975433432122111221111111122222222222221223344322366677777766666666666777665334333445555555762488754444333434444444444445676534444433444
43434344444444444444344334433344433334433444434545444554334324579997433321111112311111111122222222222221222222222236667767776666666656776654324333345555555654468876544444434333344343442277534445544444
43344444444444344334444333433334333333444454334445445543443444598898643222111222311111111122222222222222222222222224677777777666666556766544323333445555555554478887654444444434443333333277534445444544
44444555444433544443334433443334434444444454454554545655544445799998642145212332111111111112222222222222222222222222577677766656665567665444223333444445543443457788654454444444444444334677533333444444
44445543344444454444433443454444444444454454545543444554454453687776633223222111111111111111222222222222222222222222477776665566555566554442124444444444433334446678765444444444444444435776533333333334
44344444454444455444443334444344444444454444444444444444455442455431333223111111111111111111222222222222222222222222366666665555555566543332124444444444332234444578886544344443334333435666534433333343
44444444444444444444543444444444434444554444444433434444443443333200432232111011111111111112222222222221222222222222366666555545555555443221135544434433222244443468898754443443334333335776554433333333
54445544434454444444444443333454444445555444444544434444443333222002422322111111111111111112222222222221222112222222355555554555555554432111146544434433222233333457777875443443344333336777534433344344
44445434333344444445444333334333445544455555445444444445444443222233222221111111111111111111222222222222222111222222355565544555455444322111266544433432222333344456666666543345443333346777434433333333
45444444344444445544544334344434544443345555544454543455444444222221121111122343111111111112222222222222221112222222344555444444354443221111376544433432223444444455546665544453343333456776433444333333
45544444444444434444434444433445544443335554443333333443444444222111110111244444311111111112222222222112211111112222344444444334444332211222475443322322224544444344543555544454334443457776433543334433
44444444444434455445444454444445444444444454432123344433344444222111111112344445411111111112222222222112211111111112344444444344433321112222565433222222234443444344443344444444335454346776544443333443
44444445444454444444444444444444444444444544443344444334444444432000011124454545311111111122222222221122221111111112344444433333332211221222564332211122344343434433444333344443344454346776543334444543
44444444444444444444344454443444444544434445544344444444444443443200111244444444113311111122222222221122221111111112234333333333322112210332554321111122343343434434433333333344444443346776533334444434
55444444444444334444445445455444444545444444544344333344444433334531124443344444114431111122222222221222221111111112334443333333322222100333543221111222444443344444433333333333333443432577434334433333
54344445443333344444444334444444454444344545543444434444444333444444444443344443114444211122222222221222211111111122334443433333222221001333543221112223444344334444444443443333333443331476534445554333
44344344444433444434333334444444545444554444565545445554554333455444434344444442124445421122222222222222222111112222333333332222223210000333544322122223333344443444444433444444223443344566434444455434
33334443344444444334434333444444544555544444565554445444454455554433333333333333234344433222222221112222222222222223333333332233333200000233455322222223443344443444344333444554333434446766433343444444
43344434443444434434443333333334434455444334444553444334344333344444333433333343443344445422222211111222222222222223333333333333333310011222465332222223333344444444343344334544444434436776434443333334
43344444444344444433343334333344434454454444433444323344433344334444444444333344443343444532222221111122233333333333333333333333333431344223565322222223333344433444333344434443433444336776433443354434
44434433344444433443443344443445434444444443334444444443444444444444443343443343344444444443222222211122333333333333333323333344444444445423664222222223333444433343333434433333332444346766523443343344
44444334443334433332333334344444343343333343333234454444444444444444343444433343444444444443222222221122333233222222333332233455444545444432564442222223333344443344333444334333333334446765422343433344
33434444333333323433333334333344343343334433344344443344444333444334444443344443344344444444322222221122234433334333333434444445334444434432676542222233333343333334344333333333322233436765321343322333
33323344443334333333434344333333332233344443334443343334445443454443444444444433354344544434422222222233343454344434444445444445445445444442676543222333333333333334344433333333233333336665411332223433
33334444344333333434444444444444443333334433344344444335454444433444434444443434454445544334322222222343444454344446444445444444344445434443676543222233333334786334333333333333333333335665311332234333
33333343333343333543444544445544433333335444333443434334443444433444343444344333444344344343222222223333444343443456443344444444444444444433586543222223333337998533233333333334433333445554322333233233
44443344333333433344353334543534345434434444333444443333444444344444434334543434445543344332122222233333443434333343444543444443433344443433576543223322333489998643333343333333333333445443333333223333
44344444443334434334332234443434446534443333443444443333433434334444334434433334433433434421122223323653335344444443334543433333434444433434366453223342233899987543333443334333333333334343333333333333
44334434444434444334543333334434335534344433443444433344434443344433333343333433433443334322222236313543334444444444334434434344434444433334355553322333224999986544432333333343334333443333333333334333
33323334443444434444544333333343434443334443444444444344334343443333344444444444444343334222222257314443345543444433334434444343444344433334455554222343323888886543344444333444433333433333344433333332
44333344432344333344444343343333333334444444433344434433444434433344334444434334333343454222222477534444445444444434334434544654445444444334567663223334334787666654344443334433334334333343334333333232
33343333333332233444444333344444443334343332323334434444444333343443444444434344443334553222224677533433434343344333335444545653554444444444478763224234333586656664354433334333344333445544554433333333
32233233333433344334543333344544334443344333444324433443443433433443454444444344433334664212236666644544443333333324346534454433455444333543479866434234333376766666333333433343344334445643543332333343
32332234433433333334433443443344344433444343333434433344333334443333355443443343434334774211237766644544544432333223344553342443455544344344478876433343234356776666444333444444343455555544333333344343
33333453333333343234434343433323344323344344433433333333333334333333344333544344433434764311126776534443423233432333354454442453565444544334469875322354244355676667554443444544333444565533444333456555
33333443333333433433443333223333443233345345434334443333333334333212334222334433433443754311236765423434433334544344444234443454555434532333348765322233243344577787644333334643433444445533443334543564
33343333333333332232233333222333354332333333333333233443333323233332333233334323533553664321435665323324433346533344543333443332344333332222249764323222233334568777544333454333345433354323344335554564
33334333333333323332233333332333343332333333333233223443333333233332344334333323323342564212433554223333332326543443343243333344233322332222158764322122123223347777543443344343344333233225443344355555
44333344333344322333334333333333334233332233333333334333333333333334433334434434323342675324433554223332242336433442454244443343223332222221167654221123223222227777642232234333333322223435323442323544
33333333333443333434343333333333334333333333333344344433322233344355333334422445443433775323333564323433333444334322344442343343223222221111277653112122221111226677751222123331223221222332221322121344
34333232333444334333333344333433333333333333233453234332222344333554343344334443344334764223333465433333333343233333333322332233233311121111566553111121111111015667862223212113222111222422321232111246
33433332343534333334433343433333333333434443233443333333333333344443443444235344334334864233333365433333343334323133323332323233232221111112665542111111111111114767875312132026431121222323622233112244
44434433433332433334433344333333433443333343333443344333333333334333343333344333334426765323233355434434332333323212323232332332211111111115665431011112411321244667886534124311331112132136735332112122
34334323333344443333433333444334334333333333333433333333434433433333234333333333333337765333333355444333332333322333332332222221110111111236664321111122312531235667764335554532344313233456536421111322
33233333233343333343333333343233334343334333333333333334433334333433334323223342333347764233333365555433243333343233332222222111111110111156553211101111312433236556643322343312444314445444334333223323
33223443323333323333333343332222344234344433343443333334323334433443344333223333334446664233333477676343333432333332322111111111111110011266542211231311433454333345445532333223425434544455333433234335
33234433323333333333344333344433434344444443333443333333344433443444334433333444434335542234433465654333323322333322221111111111111001011356534213421211445433333544325543333234444454433464533442344345
43333322334333333344435333333333333334443344443434333433343343433343234543433433344356531233434665322323434322322212321111111111111001112356544226522123324433334643554334432334433455534453334444443454
43333333233233332333433322322233334333333343344343333333433344334332333433333323334577542443345466431211333322211111221111111240111113222356532126543233333333233422344334432334543333433343343544444455
33333343333333323333333333322233333433334333344333333332333344334333433334334333334676653434343345533322332321112101111111111111012133223443342232442333333234323332333443322334433333334333343432565444
32223444323334333233334333332245444434433443444433443443334343445444533333444343334666653343355333322223322221122112211111111121113233333532343333332233333323323432334444433334533344345444333332345445
22233344333333323333444434433445433333343354443333432454434443444544534344433443333565542234344332222233333323311222111011111121235343433552233443333233323533333432233355333334633266445434423343454445
33323333333334445433433434444444433333333354433333344433434433444344443444344343344643211333333333324333233211211111111011101223365343343433333333323333333633455353333365422444345565344543333434554334
32333433333343434333324333444443333332222443344334444333334444444444433322343333345554212444332222333332133211101111111121113343345443333344333333344444344335334474333444434333334443442432343433344434
43233333343345443333334333353443433332333333334434434444334444343445433344333323445544212433222122332222133222222213222233334343333332223323233233444345433344333453333445434333443434433223552443433333
54443334444445333344344343333444433434443343334433344444344443333444434433324333345543112111111122222343333333333223333443444333434532222322323333334233423343333333332334424223442334322223445634343344
44333344443343333444344444334434334432444444545444444433444454333333333333344333334432211111122234333444343243433334333433343433433443334332223224433333333334443333332333423423323334323222225435434445
44444444444444434434335544443333443444344434544554464334444444344433333223455443443344323334444444344444343334334444333333332334423333333333222235422333433333332333233333233433333233334412244335444323
24434443334343333434444433433333444445344444444433443333344433443433343333444544444456434453344432345433444444343344444343434433433433433223433334322333543234333232232233232223444433443523333443232222
33344433333243344444334333232332344433344443344433434433333443333354454344444444333444444444343423343333444444443444454344443333233333332333423323323333433333422133222233232233444333333544325532433333
33444333333353333444333333432333344334443334433433334443333333334444343345345433344444444344443434443333343344333333333343433333343333233333333333334333333333423346333322223332322243223234323333365342
43444433443444433443334333432233334444333333334333344344343334433444433344433244344443333234554433444444443443334443333333333333333433333333334344333333334334333334433322213322223323232122355332365333
54444334443334432333333334433434333443334334343344443344344443444443433434434333333333323333334432334344343444434334464344433333333443342232344343333333343333323332223222332333323333333233344333335433
44443344333343343333333333343344434444334444322333444334334533333443333333344423334444333323334433433332333444433335444434433333333443344233344432443343433333333442232333233332333332222334332333233323
44433333323343344333443443343344333444333334333454444434333323433433333333334433333433333333334444444433333333344543333333332333334443345343343333443465433333343433333333232223232331322233443313233223
33333233344443234333433433433245333455344333344355443354223223333433334333344333343333333233434444343433343324444563333343333333333333344435343233234554333343343443332333233223332333332333333335433333
