22111221221112232326742212222221278776333223322222221232237632233333222222343221222335778888888888888888888888874588875555656777778753333234443222232345533347888888888888888888888888888888877777777777
22121111111111133216742232222222237743333234322432222122237642323332222332332111223223678888888888888888888887874588886444346777877754333225433332232344434467888888888888888888888888888888887777777777
33211111101111223326742332223222337534233333232433222122237642222332222222256211222222467888888888888888888887874688874333336776544544333334422332122233223578888888888888888778788888888888887778888777
44323232312223445534753443334212325543222433342222322233437742222343222323367311122222236688888888888888888887875588743333335775333233333333332222222232222588888888888888887445568888888888777888887777
55444444545555555556743544455334544454333433353224533344526752222352222422345321234222234356788888888888888887875587544343333344453233333322333222222332222578877888888888885433335888888888877777787778
44444554555555554347743554455555554554554555554445554445525743323342223433323211234221234233568888888888888887775464334353332233455544433322222222222222223457656788888888864333334678888888777765688888
44444444444444444446743444444455444444444444434455555555555643444554445544455432234343444343347888887656888667775445444452222224557644333443222222222223322244456788888888854433434478778887877765688888
33333333444444444446753444444444444444445444444444444445455543545555545555555555555655555555557677776544667446776346544452222225455432243232112422222223333323345788888888874333334467578888877764587888
33333333333333333346753433344444444444444444444444454444456653444445445555555555555555555555556555566556556567775455555654445456544444454444334532223522233343346788888888774333445667468888878764687877
33333333333333333336752333333333333333333334444333444444456653444544445455555545444555555555555555555555555543674355555665555566555555565555555555555755544554456777777777754333345666458777877764687778
33343334334443333336743444444344444444443444344433444433447653444444444444444444444444444445444555555555555542676455555555555555555555555445555555555765555555556555555556655554445565556655677763677677
33334443344444444446753444444444444444444444444444444444447653344444444444444444344444444444444444444444454455775444455555555555555555555555555555555665555555556555555556655555555655555555567764555555
33333333334444444447752444444444444444444444444444444444446653444444432244444444444223444444444444444444444445776444444444454455555555555555555555545545555555445545555445555555555555554455567765555555
33333333333333334447752433333333434444444444444444444434446643444444551134444444443135344444444444444434444445776444444444444444444444555444455554544445455555555444455545555555555555555555557764455545
33333443443333333346752333333333433434333334433444344334347653444444671134444444343156544444444444444444444445776444444444444444444444444444444444454445454455555555555445555444555455555554456765455545
33333333333333443346752443344344333433333333433443343443347653444444674134443344343254634444444444444444444445776444444444444444444444444444444444444444444444444444444544444444444444454555557765445544
44434344333343343336752343443344433344443334433444333344347653433444587224333344433454634444334444444444444445776444444444444444444444444444444444444444444444444444444444444444444444444445446765344444
44444444444333444336763333443334444444443344444444433343447632334443478624333444434555744443333444444444444445776444444444444444444444444444444444444444444444444444444444444444444444444444423764344444
44444444444434334336763333333334333444333343444334444343447643344444368823334444444654643443333433444444444445786544444444444444444444444444444444444444444444444444444444444444444444444444434655344444
44444444444444444346752344334443333344433334444333444444447653443444358832344443443664643444444444344444444445786544444444444444444444444444444444444444444444444444444444444444444444444444456765444444
44444444444444444433753444444344344443443333334443444444447753433444457741344444343552643444433443444444444444677534444444444444444444444444444434444434444444444444444444444444444444444444456765544444
44443344444444444345753444444443344344443344434343444333447653443434457762334444444442553444444443444444544444787535444444444444444344444444443443444444443333333444343444444434444443444444457765444444
33444344444433343336753344444444444444444444444443444334347753444444456774223444444464353444444444444444444444787534444444444444444444444444444443444444444444444444443443443334444444444444457765444444
33333333344443333446753334443444444444444444444333344444357753334433456785211344444564354444444444444344444444786434444444444444444443444444444444444444444444444444444444444444444444444344356555433443
34443344444444444446763344444444434443344433344444344334457753344443467896321134443575464444544444444444444444776434444444444444444434444443444444444444444444444444444444444444444444444444357655443333
55544444444444444445663344444444444444444444444344444444447753344444468997422124443566864444444444444444434344776534444444444444444444444444444444433333333344444344344444444434444444444444457765443433
55555555555555555556763444444445544444444444444444444444425753444444457998535445434559843445554444444443443344686544443444434434334443444444444444444434334444443444444444444343343333334333358865443444
44454444444555554446762444545555555555554455555555544444346653444444445678777666665669632344444454444444443443687543343434434444444343444444444444444443333444444444444444443333333333343333357775443333
44444454444444444446752333344444444444444444444444555555447753444444545568766566666576421223334455444444444444677643434434443433444444444443444444444443444444444444444444444444444444443343357764343333
43444344433444443433653444443444344344444334444444444556557753565555555567666666655555421112223345554454445544677644544444444444444445444444444444444444454444454444444444444444444444444444358755343333
33333333333353333335753334333434444444443344434444444444457753455444445567666666654534322112222233555455544444687644555445444444544444444444444444344444444444445444444455444544444444444444457765444443
34332333333343334446763234443454444444444444444443344443346753344433334566666666554443223323322233454444444444687644545545555555555555554444445444444444444443444444444444444444444444444444457766544444
33333333333333333436763233344444445434344454554444444444446763344434456767666666555442122343333332345554444444577534444444454555555555555555555555544444444444445444444434344444444444444444458777344444
33333433333333333325763233343334444444444433444455544444446753344444565667666666555542112235543542234555555554466554445555555545555555555555555666665555555444455554554444444444444344444444358776344444
44443344333333333335653222233343334433444444444444333344447653345444566677666666544432122222455552222444445554455545667666666666667766676666677776665565555455555555555544544544444444444444368765333334
44444333333333333233343233333233423333334333334334433434446753454444357777666666665422112222235563222222334467657667777666666777777777877777777777666666665444444455555555555555444444444444457765433343
44445544444443334222232233332223334433333333334334444434425753344544427766666667742332111222222355434356446666666667777777777788777777767777777777666666666644444544444444445554555555554444457775444444
33444444544433334332223333333323333333333333344444543444446753344445547666656465200112111222222234456687633555566677788877777777777777777767666666555666666665444444444444444444444555444555567776454445
44444444442233333433333433344333433344443443344333434444446764344344476665654563110122111122222222345776652455666778777777777777776777777677776666555566677665555444444444444444444344444544568886455555
44444444433444544445544433444433444444443443444433454454446764234333566655544555441212111122222222234566553356676667777777777777777777677767776665445666676776655544544444444444444443444444467666455544
44343343344444444344433333433444334434434333444333444443446752234333556544545543432111111122222222223466454467776667777777777777666677666667666665544666666677665544445454444544444444444444456555455555
44444434455334334454444444434554444443444434344433333433445654223233466554445533322121111111222222222365455356665567777776677676666666666667766655444566766677656555554454444444445454554454457665344444
44433444444444344455554445545644544444444434444443434433346653212233455566544433332111111111112222222234465356655676777776677666666666666667666654433456676567655765555555544444444444444455467675454444
44443344443444344444454443434455544444445544333344434444335554322365565445644322331111211111112222222222354366546666777777666677666666566667666544333455666567645875444555555555554444444444468765444444
33344344343444334543344443343443444444545554343344544333334433333565798743343212311112211111112222222222222355446666777777667667666666666677765433433445555556743887544444444444444444544444458755344444
44444444434444444444343444444433444454444555445444444434434323333456989964332211111122111111112222222222222234455666655677777766666666666677765423333345555556752588776444444444444444544444457765344333
44445444444444444444454443433333334444444454445544445545445433432348989875322211111232111111112222222222222122345666422357767776666666656776665323333345555455654468887644333334344444444444445765344444
44454444444444444444433444443444343433333344334543345454455433443469999874322531133221111111112222222222222122234554322236776777666666556766654313333345555455554567766654444444333344343333412775444455
44444444444455454444444334443344333343343444444544445554455445445348777554221332222211111111111222122222222122223332222223677776666666556765544213333344444443444555655555444544444444443333333775344454
44554444445444444344444443344434444444444445545555455444456555544335443114221321211111111111111222122222222222222222222222577666656655567665443213433344444432334442344455444544444444444443356775333334
45544443454434444444554444443344444444444444544444454444455544554332320034232311111111111111111222222222222222222222222222466665556555566554442113433444444322235542223344555444444444344334357665333333
44544544444444544454444444433444444444344445544444344444444444544332210232233221001111111111112222222222222222222222222222366665555455565443331123444434433222234443223233445443434433343334356665344433
44455554444444345544544455444444445544444455544544454434344444433432223322222121111111111111112221222222221222222222222222256555555555554433221124544443433222234443322222334444434433443343357765543333
44334444455344334444444454444333333434555455555554454444344444433432222112101111111111111111111122222222221222211222222222245554555555544332111125544443443222343333343222233334434443443333467775344333
54543454454333444444444454443343443345444444555554444445444554444432221111001112234211111111111122222222222221111222222222245444455444443222111135544443442222344444444433333333344454433334467764344333
44554455444444445444445444443444433355444433455555434444334544444432211110011124444421111111111222222222222211111222222222244444444344432211112245544432332123444434444444443334334533333334567764335543
44445444454344444444444454344444434455444433455544322223444433444443310000111234444441111111111222222222112211111112222222244444434333322111222255443322221224444444443444444434433443344434477764445433
44444454444454444444444444444544444444444444444444322334444344444454310001112444544451111111112222222222112211111111122222344444333433211111122255443321212234444434444433443344433443354544567665444433
55454444444444444544443443444444434344444444445454433444444444444444432101244444555541111111112222222222122221111111111122334433333332211210132255332211122244434444343334333444333333443443467765433344
44444454444434444444444443444554444444445544444455443444444444444334445422444444444431341111112222222221122221111111111122233333333221122100133255322111122344434434444344333444433344344433357765333344
44545544444444444443344444454444554444544454455455434444334444444334444564445333444421343111112222222221222211111111111222333333322222221000133344322111222334444443344444434433443344334434315775344444
44444443444444444334434443443344454445544444444455545444455444533334444455444444444411345421112222222222222211111111112222333332222222210000133344322112223333343444444444444334433445334433424765344445
44444343333434443434443343343344445445454545434445655444454545544445554344333444444423344442222222222222222222211112222222333322222233100000023343432222233333443444434444443334444554334333456665333444
34444433344344444444444344444334444355445554344345555544553444453444444443333333333334443444322222221111222222222222222223322222233334211220023335533222233334333444444444443344445443344344467664333444
33443433444344434434344334433333344433344544444344444533333344433333344444434333333434433444643222221111122233322222222233333333333333334331012236433222233333333444444453433443345444344443367765344443
34444434444433444444344434433444433454344444544443444443344444333443444444434444333444444434553222222111122333333333333333333333334444444433212235532222223343333434334443333444343433334443367765334443
33444444443334434444333333433444444453433434433433333344544434444444444443434444333433444444454322222211122333333333333333223333345544445444442236423222233333444344443443334443333333324443467665234433
34444444444443333333323323333343333443433433333333443444444445444444444444444444444434444444445422222221122333332223232332333334444554444455443235444322233333454444433443333343344344333334457654223434
44433333333444433333334444333433333433333333444433444533433444443334444344444444444333443444444432222222222234433333333333343344444453454444343235655322233333333433333343444333333323323334367653213433
43343333343444443433333344344444344333332333444333443434443344554444444434444445444444543455444322222222223334344643444344444554444444454454444336765422223333333333333443344333333332333333356654113422
33444333443433433333445444445444455444433333354443333444444344444444344443344444443344444454443322222222334334444434444564444444444444444544335326754422223333333333333343333333333333332333356654113322
34444343333443333343334544544344445443344444354443334434433344444444444434433444444334444433444322222223343333443444334554433444444444444444444335765322222333333454333333333333333344333334455543223333
33444444443444433344343343432344435343465344433433334444443334444443344444343345434344445434446222222233345434444343433334346434344434443444434435754422222223333664333333333433333343333333454433333233
34443444444444343444333344433344444454365344444335434444433333334343444433344343344334334333354122222432346533443344444443345434333334443444333444655422222222358753333333334433343333333333343433333333
44443333334344444444444455543333344343355433344444434444443444344434444333334433434444444433432222225841345443444444444443343344344444343444333333555432233222378753333443323333333434333334433333333333
33443443333444334443344445443443443433343434444444444444443443343334433333444444443344443433544222235651454434455434444443344344444434443444443344555532343322355654433333444444344433333334333333444333
33334333333333323332334444543434444344433344444334223344354444444343433444344444333343333335543223257764344445454444444343343455457545445444553455677522343332356565433333544433344433343334333443443333
33333333333332333333444444543333445444443443443333333244334434443333334434443344443444333346643223356774344334433333443343454344555435544544444544687542442342266655434333444333343333443334455445644433
33323322322343334443443345433334444444444433443433344344443334434334334433554444433444343367653223566666355445443333333242465334544334565443344434797663433343267655433444333334333333443355346434433333
33333333333434334433433344334434433343444333443433334333333443333343343333454444443444443476543223576666444445443223332333544544424434555444443344687753233443347556433443443334444433333555555443333334
33333333345533223334433434443323333233443233453454343344333333333343333234343334444444334576555323466665344344233334333333544433424545664345433344587743223542437777543334444433445433334444655334443334
33433333433333333333333333433332233433532333443443333343433433333333332123342333344345335676555322467654243335333355443444432343434544554334323323487643222333437776545433443333345534444444556434434555
33333333343333334333232322332333223333543323333333433332234434334222344322333443343235435676543223356653233234333365333444433433333333343333322222397643222223326766443343344334544333454333543332443356
33333343334433333344233333333333333443342333332333332332244333333333333333343343443333223476542145345532233333433265434424533433332442233223322221586542221221224776433334333433443443443322232244443444
33434433333333333433333333443333333333353233322333343343453333332333343454333344344353334466432244336532233333333364333424543334433332233222212211676542122232224667532222222322344333343322234444223433
44333333333332333433344443333333333333333343333333333443344332223444434553333444224444444368642233335642233333333433343333444323443333332212211113766531111222214667632111112221235412233222213323223222
34433344333323434443343333333444333333333334344332334532333333333433334443433443244443443367653344335653333334333432333333333223333332333111111115665531111111125678741111112254121126432112224323212221
33344434333334334334333344433444333334333444344432334433443333343333443334434442453343343377543333334554333333333333232233333323333332321211111126655310111111126678751114213232231224511122223336422321
43333444344333333334433334433343443344334333333333334433433334344333343333333333433233334487543232333654344342233333232223333323323322311211111156654311111222226677532112113244252212411131322257443311
43344333333233343444433433333333433343343333333333334333333334334344333333343333333433333487643333333554444232323333223333423322223112211111112366543211111124425555465221124246555223434132344565454211
33433333333433333433223333333433422223332443444333343433332443333344334333443332233323333587643334334655553432434333443333322222221111110001111365532111112113425544565442134243443224444235555444344221
33332343334433233343333333344333333223443344445334444433333333344334434443444333333343344677543443334776753433334323333323321111111111110100111245433102413113334554433343235443343344355345434554434322
33333333333333333333333433443333444334333344444444334333333333443334334433345433334444444787533444335655434333233223333222211111111111111010112224442034212113344333334343245443333334434544334644434433
33334433233222343333333344344333333343333344433443443343334334333444333432355433333333444776433433356653212233343323212213311111111111100111121124531056221232243233345434643334322334333455444543344434
22223344333433333333223333333323322333333333333333444433333334343443344324333334333334345665323433544664323212333222111112221111111111110121111433321155433333343233334323443334323345433334333433434434
22333433334444333333332333333333222444334433334433444334433323343443443344333344443433347765423444543455333223323211221112221111110010131232222422433323423333332234233323334433323334433334333333433324
23213322234453233343323333444344333454434333433544444434434533344434455445333334434433347656533433453322222233332223321133221111111111132333335423333333322333333333234322344344333335333444344433333323
34321232333343333344344334444344344445433333433554433334434444334434444544444444334433456555433333443332233333334333211221111111011112352334435432334433233343336433334422233553333335332674454444333443
43333333334432333333454434334334444443333333333444443343444433444434443444333333443433455544333343433333333333232222111111101111011133563433433333333333233333335434553543333554324433455654345433334434
33232432233333333344332233344343444433333322223433443354344343345443444454333333433334445542224443333333434432332112011111111111122322444433333343333333444453453354334653333444343334344434433333444433
32235543343333444454433343443333534434333333333343344344344443444443344454333344334234446543234333233333433111121122221111211333333333333322233222332334444344333443333433334455343334434334332234534443
33334554333344444453333444344343334444344344433433344333444444444443334444334333343333345554233323223322122322333333333223324433443334335422223223233334342334333433333333333334232224433334222234456433
33333344434444444444344443354444444333434323444445455544544344444543444433333324443333455543122123211223233434432344334443334333434334334433343322232244323334333344433333333333234324233343233322245355
33334334444444454444334334345444433334444554445455445534553343444444444433333234554444455553122221133334444343433443344443343333333335334333333232222354223334333333333332333332334333332333435222343345
23334234334443343442444454444333333333444443344444345334433333444433443434443344445443345554223333344323454334444444433444443434344334333334332224333343223334433243332332332342322234444333434333334432
44344333444333333443443443343333323333444333444434444334334433333443434543443444454433444444444444443333433333444444433444443444433332333343333334333233233334323334222332232232232334543333335444246433
43444434444433433543434443334334333334444344433334334333444334343343344444433454353333444444433345444444433344434443333433333433333333433333333333333333343333333334333464333222233323222342232343234333
33333443444434534445433333344334433333343443333333444333343444433334444444344444342343343333332345444433444444434433344444433343333333334433333323343443333333343343333344333322223223223232232222463332
43344454443444333344322333333334434444344433344343433344433443444434444433333334343333333333334323344323333433334444344344643454333333334433432323443433333433433333333322232222323333233333232333343333
43333444433333334433433343444333433444334443344444223334444343344233334433333333444333334443333333344444443323334443344354344334333333334433443333444323433444433333334432322332333323323323223344332333
33334434432333343433343334434433432453334444333333444554433443332234334333333333354333334332333344334444444333333334445543332333423333334433454443433334434654433333434333333333332232333312323334443133
43334323332333354432343245333333333454344553444533453454333442333333334333443443444334433333332233344443444433443234445643333443333333333333444353432332345543333433434433332332343233323333333333343344
