32322222333333332222233222222222222222233332222333223333222334334334445444333334433334432233333432223579999999999999999965455555444333211100143322222122212221122333333333222233333333444444577654434433
32222223323223332222222222222222211221223222223332223333332334333323445344333334433334432233333333346999999999999889999965455444444333211100134322222222111111223333333333222233233333333444556554544433
32222223333223222222223322222222222222232222223333433333333334323333444333333454333334333222333333689999999999999989999964454444444333211101024333222221111112222333343344322232222223333334455556644544
32232232223223222223212332212222223212322322222333323333333323344433235323333344332344333322233568999999999999899999999964444444444333321111024333332321111112222223344653333332222222223333445567655544
32222222222333223224522323322221122321222221222333223333333322355344344323333333333334333332236999999999999999899988999974345444444333321111135433333321111122222333335653455322222222223333344676555443
33222222222432223323532322222222223321134321223333223333333222345333344323333333333333322332479999999999999997899987899985345544444333321111134433333211111112233343335656543212222222222333334676555443
33222222332433323333532322343224324532236421123333323234333222343322334333323333323443323345999999999999999988999777799986335544443333321111134433333111111222233333345454333212221222222333334666655444
23222222222433333322453322554223212332226422123353222233333223343222233323322223433444444699999999999999999889998567799987434544443333211111233333332111112233233234463332332112211222223322334555555445
23332222222433332222343312332222212322224432222356322222244322222333223443333322233433456999999999999999987689996345699987524544443332211111233333332111222332222335531222221112211222223322234444455445
12332343222333322322233223333223323432223443222234322222233222222333224444332233223434799999999999999999876698996335698788423544443332111112333333332122333322222233211112211122111222233222333433444444
13432442222333322332233224433323333332125542222233322222332222222332223433332123223568999998899999999999998898974346897578424544443322211123343333321233333211223222111111111121111222232223433433344444
23444343222333222332233323344354333222224443222223322222233222112233233433322123457999999888678999999889899998754347897476324544433322222223343333222233333211112221111111111111111112232223433333333455
23542233222232233322223323356453333322222333432222222222333222223333333333333236999999999766668999987778698877554345686575334444333332222223433332222233333222111111111111111211112112222223343332333334
45421133123333233322223332246434433332223333343212333333334323333322343233344589999899999765668899975556677666543344556665344444333333223233333332222223332333211111222111112211121112222223333332333333
53222134112233323322223332223335632332223334443322434433333323333321244234458999999799999766558688864455656545543335455554334443333333333333333322222222333333211111232121122111221112211133333323333333
42232234211243233333223323333333642344334444433233565454344323332322234444489999999799999884665456654445555544443334444444333433333333333333333222222223333333321112321221232112211112111232332223333333
32122234311143222433223322323335532343334334443433454355655434333554445666799999999999999985554344544444455544443334443443333333333333333333322222222223333333332233323312332212211111111222222223433333
23323234322134223543343221233225632333333323453343343344456544467653578999999999999999999886643344444434454444443433443343233333333333333333223222222233333333333333333223432122221111112222222123344333
22334334421235335533464322233224632333333322443553344664455555798777899999999999999889999986444333433444444444443433433333233333333332333332222222222233333344334443343234432222221111112212222123334432
32222444421235543544563332233233431554433333445654444567555568976999999999999999998667899887433333333344444444443343333333233333322222333322222222222233333344344444443454322332221111111111221122334322
32222565422355322463453323343332222563332444344665444455578999779999999999889999977335577775433333333444444444443444323333223333322222233222222222222233333444444444444554333323321121111111111122234222
32213545424644222353234433334432122453334343235765544545899998899999987988789999843233444674433333333444444444443444333332233333222222222222222222222333334444444444445553344434322221111111111122233322
32236524555336522254223335443334322344544534335666765558999996899999866888899999988322333585443333333444444444433344333332233333222222222222222222223333334444444444445544454444423321111111111122233212
22237534543235654343333455543224654444443434434566766789999985899999766899999999997322223465443333334444444444433444333333223332222222222222222222333333333444444344445555555555434332222212111111222211
22346665534335666444456754443333446875434434643456877999999975899999888999999999998533322355444333344444444444444444433333233322222112222222222223333344344444444344444555555554444433333322111111222111
42345665444445555655456655534656655676443334644557899999889954899999999999999999999634432235544333334444444444444444433333333222212345332222222233334444434433344444444555555555545543343332211111121111
43345557433345555555555444445677444555544434534568999999878954899999999999999989988643432124544333333344444444444444433333333222245688753222222234344433433333433444444445555555555544544443112211111111
33456556633565544444556556555786545445455544544799999998777864799999999999999899987654222111344333333344444444444444444433333223674466653322323334344434333333433344444444555555555555545442122211111111
44567544444564555444566666665565655534544444456999999999667873699999999999998898776665432111122333334444444444444444444433322237764334544433333344344443333333444444444444555555555555555442133222111111
55545764434664343455566556555565455444544444479999999999657784579889998888798887665566543343333344443444444334444444444433322377433333445653344344344443333343343344444444455555555555555532343332211111
65554786444554234455456545444556667656444454599999999999746675469888888766686666554455555665555444444444434434444444344433322674344433457663333433344444334333333344444444455455545555555533444532211112
44554564455554557556456644444567657765435556899999999999855666458887766565665345544444445555555444444444444443344444333333324643344433345763333333344444334333333434444444455444445555555544445433211122
34455565335565687666665665545566555654433458999999999899954566458976555555654446545444344444554444444444444444443444333333336433344443333673333334444444434333344433444444555444445555555445555433322222
24423355466654699866775554434455444655444579999999977899954457446765443444544444555544443444444444444444444444443333333333345333344443333663334344444443434433344434444444444444555555554555554444322332
55433345556556678865566444433456334554544699999999766799964446545654433444444554454444445344432344444444444444444333333333344333333433344433344344444443444433334444434444444444455555555555554443334322
85443234566446533455545444454565444455545777899997556799874445634554333334445665454444433344433334444444444444444333333333344333323333444333343344444434444444444444444444334444555554555555555544444322
63476334344666432133445666565555444445555333369975566789874444634444333334557667545444333333333333333344444444433333332233344433223333455333343344444434444444444444444443334445555554555555555544544322
43347544345555444334445656666655444555453112249755556788775444543444333335567666544333333333334443233334444433333333322334336433333334663333333334444334444444444443444333334444444444455555555555543322
34357645479854543446555455556555444455563111149545556767775444453343333335566543333333333333344443334344443333333333322444334544433335533333333334444344444444444444444333334444444444455555555555543223
45545544578754455567533444444546545556653111158445567766766444443333333335665433333333333333344443444433333333333222223443332356433333333333333344444444444444444444443333344444443445555555555555542245
43444554477435434525534433343555765567754222176444556667766444443333333335543333333333333333334443444433333333333222344433333235433323333333433344444444444444334444333333344443333444444455555555444555
53323334466324664344646533433566775566556422384444455566666544564333333324433322332333333333333334444333333333333233444333333222223223333334333344444334444444444443333333344433334444444455544555455655
44433544456433555343565522345546766766668973764444445556666645784333333322332222223333333333333333333333333333333344343333322222222223333333333344443334444434444443333333344433334444444455444554556555
46755555566532234335455433345655756766769988843334445566666657964322222333222222222333333333333333333333333333332443333333333322222223333333333343444344444444444444333333444433334444444544444544555555
76434444443432322445555446555676555666668999543345555566666668874432222233222222222333333333333333333333333344333433333433333332222223333333334443444344444444444434333333434443344444444444444444555565
54444543343333564443566665556457545666668887333344555556666668774432222333222222222333333333333333333333345443355433334433332332222222333333344334444444444444444333333334434443344444444444444445555555
64445533343333345456666543445445566677668753223444445555666678765432332332222222223333333333333333333333464222344443333333332233222222333333334334443444444434443333333334344443444444444444444455555555
45444664343444445765554656654456675566676422334445555555565678765432433222222222222333333333333333333333532233333443333333332222222222333333334334444444444334433333333344444444444444444444445555555555
43433684233345556765444666665557755556676323355445555555555568755532224333222222222333333333333333333334322333332343333333332222222222223333334334444444444334443333333344443444444444444444455555555555
43444553343334545754553455455665545555575323445444555555555668745543233345222222222222233333233344444334432333333233333333332222222222223333334344444444444333443333333433443344444444444444555555555666
34534443455444445565444446667767555557685323445444455555556668755543333335434444344333344444333344444455422333333323333334332222222222223333333344444444344333333333334443443334444444443444444455555555
23523555556874544565565444766666656555686333445444455555555556654443223443537854445544444444444444444455422233333333333334332222222222223333333344333444344333333333333444433334444444344444444455555555
33542233566544565567666457764577676555687334444444455555555555554332332244345444444444554556654454444455422223333333333334333322222222223333333344333444443333333333344444433344444333344444454455555554
44554345786444567656455556655777766666688433564444444455555555444432443224455445555555655567654454444445522222333333443334333332222222222333333334333444433333333334444444443344444333444444444444444444
44455568546355454455555677644566676555679643543333444444445555544433343323555435656666555676543444444444422222223333433333333332222222222333333333333443343333333344434444444444444333443444444444444444
55454556436654455455556665566566568655668753532334444433344555544443333322445434555665444775443444444333332233222234433333333333222222222233333333333333443333333344333444344444443344443444444444444445
66554456665655555544576666577665556665566764434554566545444445554345433322443333444554434765444444433333234453222343333333333333322222222322333333333333333333333333343344444444443344433444444444444445
55455556787655565555676677655445656566665654555554456655565444554334432223343333344443334764333333322222224852334433333334443323322222222222333333333433333333333333333344444444443344444444444434444445
54455556666654454456656667655455557656875554443566665554566544555433433333332222222322223664332222222222225733443233333233443333322222222222333333333333333333333333333344444444333444444444444334444445
65455555655444576555666666666765447666775564454587665555665554445543443433321122222222223564222222332222224521232223333234444333222222222222333333333333333333333333333444444444433444344434433344444445
66555755555456787666777665656677667665687544345555665555565565545555443333231112222222222453222222322222223421342233333234444333222222222222233333334333333333333333333444444444433434344434433344444444
45555665555677777767765444576667656755566633444456556566666666754556553333332111222222222353222222222222245322332333333334444333211222222222233333333433333333333333333344444444433444444344444444444444
45544465665555766667777645666555656656665554454455455555567768434555554333322122222222222343222222222233255322333333333334444333322222222222233333333333333333333333333444444444443444444444444444444444
34544456643345666666788766545545545555654444566434456655557998245555555433332122222222222233222222223443234343333333333234444333332212223222233333333333333333333333333444444444444444444444334444444444
44544465544345556777677664455445655654565444676544555554579973345555665434332122222222222233322222223443223343223333223334444333333211222222223333333333333333333333333444444444344444433444334444444444
33443454454556644666666654575446777965566544676655544554767423335556655534332212222222222223322222222222222243222343322334444333333321122222233333333333333333333333333444444443334444434444444444444444
33544554333455656655456655564446766763346555675455565655632222235566655543433212222222222223322222222222222243222333323334444443333332122222233333333333333333333333333344444443344344334444444444344444
45446554234445767655446777654446765444357665676456445543322222223444555543443322222222222222222222222222222343223433333334544444433333222222223333333333333333333333333344444444344444434444344444444444
44445645235543445775456786653445765555556654587556556432222222123334555554444322222222222222222222222222222343223433333334543555543333222222223333333333333333333333333343444444344334444444444444444433
33344554334653545555445755555445755555543445788766555222222211123345555554444332222222222222222222222222222343223433322223423765554333322222223333333333333333333333333333444444344444444444444444444433
34445544334545434545445645444445645555445457777776775221122211223344554455444432222222222222222332222222222344223443322222335654443433322222223333333333333333333333333333344344444444444344344444444444
35323443345532454345544555545556643356544567765676775211111122223333443565444433212222222223223333222232233345323333322222355565344443333332222333333333333333333333333333344444444433344334444444444444
55433444335443235434665565333444543479864456764566587211112222333333345666544443221222222233333333333333466543233344322222344455444433333332222333333333333333333333333333334444444433444334444443444444
54365443444433334565565465445644567567654444456656679732122333333434455556544443321222222233323333333333433345455444432223443344344453333333223333333333333333333333333333333444444444444444444444444444
45567643465324435666555566675442356444445443368556888776433333334434555335554444332222333333333333333444333444334334333333456565346753333333333333333333333333333333333333333444444444444444444444444444
24566433465523446697665656544233344335434444358666765655455333333344555545544443333223333344444333332223323443233334333333356655564343354333333323333333333333333333333333333344444444444344444444444444
33555553355442445468665455434445544334444334557887886665435543333444555555555433333233334444444333321112343333333334333333345666532333454333333333333333333333333333333333333343444434434444443444444444
33454344346433356677655565433575334434445666666899897566434555333333344446544543333333344443333222222112354333333334333333355677533342233533333333333333333333333333333333334433344444444444443444444444
54434344336543565676566787544664444323344568866777899645544445444333334445444774333333333322223333333222243333433234333333346787423432444533333333333333333333333333333333344434444444444444433444444443
45445435346656755455676787753542344443334565534567787643465554344344333345545554554332332233233456655533443333333233333333336875534533245533333333233333333333333333333333444344444444444444434444444443
56545534556654455567666665653344456533324444344478655444445665544333323445765544554433332222223356664434664433333234333333334543445522246544433333333333333333333333333333444443444444444444434444444433
55545665546655556567754554544445533334553234544445565445765655544334333334575555653443443322223246665455665543433334333333233343344422356445533333333333333333333333333334444444444444444444444444433333
55534667436655555556655554532444443435542234424433455345654544444333333356556554564334453323422346654455545545654345433322223233333443455577653333333333333333333333333334444444444444444444444434433333
45534566435655643566546756532443343455423224324434455544422332345432245653326743465344464334533366664454334457655456533322223324544444654676664333333333333333333333333334444344444444444444444444333433
53455533554555654466555756666444343355444346444434444554333322235533444532158553355444346324332356565455344565554356643332222325544467876644655433332333333333333333333334444344444444444444444444333443
55455534356355566455454443566555444333356765323433445453333332123343333344485345356433246435332244466454344456567456753322222225435656777457766533332333333333333333333334444444444444444444443443333444
65455534446345356575445543455566437633356544323434444544331122222234323564773454435533256455334244455544233356546666543322222223434555664589875443333333333333333333333333444344444444444344444433334444
54355654445654357876555533455445333332354333432346533336332233542234444457965455544532245465445334344544543456655655443322222222444466554688886454333333333333333333333333344344444444444344444433444444
53355467645645556666544543345555543223444444444445443344633322463333444447422345445532245456545534334543346655545544343322222222333466664556659544333333333333333333333333334444444444444344444333444444
65444346537435556546543453334555464345443344433333347446453345575344443555454235536652235556643644333543446545444553333322222222322466465665545544443333333333333333333333334444444444333344444334444444
55434565456556545644454355323688643434334344322434314435544453347455445776667544434664224566645544422453444334565455553332222223432355544785355445434333333333333333333333334444444443333344444334444444
55424775665577545643455335532478434443434334444534532433455333325654676433456533443465434456646534422363344334466668864332222223431243654655433434324333333333333333334333333444444443333344444444444444
56534564554455555533465433543465434445433322565434642333334434333444654333445643353256634445645434532255343225665577556322222223442243465743433444324333333333333333333333333444444444444444444444444444
56543553336644454555456443454454544434443345555555433334334532434432344555445765454237964435656544444567443236643566345422222333343233554342342443224433333333333333333433333344444444444444444444444444
46544652235555445663434422366454454434554347544533553333444433343443442456545676555545863236676554335557765357433444345422222233344343763223233344334433333333333333333433333444443343444444444444444444
55554554444456555542332332344554444444554444554544354433335443333334432333344455344444653344466455553244578654445433454432222223344443643322233454444333333333334333333433333444333343443444444444444444
43444555665654566543222243343443454455555644553245466433335532444433332122233564575454555555455355553354346654566635544542223223344433433332233334544444333333344333333433333333333344444444444444444444
54445532445433555556532233354554344444565534643244355433354543333433333224444665886456545665454345543444445656677765555542222223333433323332223433543457533333344333333333333334333334444444444444444444
56655532353343344346576333344434334444555654433433344333334543232233242344456666677645654546455445654422445765677533456542222233332343333443323333433433443333343333333333333344344433444444444444444444
34544555334236434334444344453222344444545665433434445665445654332333233455545566445665675635565434554334567645564444466553222233332443233443323333432234443333343333333334443334443333444444444444444444
34554556534335533234445433354332333344455556554335455555434575554543324444444455554444577754545445544445567556534445444564222223332333222233322323433223433333343333333334443434443343444444344444444444
33333433654423333334234443234433334334445553345555333444324463257743345444444444445665688865545435454345466555544556555655322223333333222223322332322223434433344344343344433444444343444444444444444444
33333333554544345533445444324533444544444554443564222333343254235665555444233334445567887664655435554443475455644445545655332223333433222223553333431224423443334344333344433334444344444444444444444444
43333444336666434543345434544443444554433445444446644323344478565467675234423443446776567763565545544455576467744554544556432222334763222123553343442223322233334333333334333333444444444444444444444444
64345523535654333333333444444433333333333455557645567656446568667546767533564554666666556664564345434645666767544455565556433222334773221113544454332224422123333333333333333333344444444444444444444444
66555543444653344333334433444433333333443445665765446657766656566666754656765666766565446665554454444556667964445655555445433332233343223123454563334444321134433343333333333333344444444444444444444444
46554434567754444443333465543433444333463344563345445656567887655576555567764556655655446776544433445355547953335554444344433333323334443223334753446754431124433333333333333334444444444444444444444444
35655444577335444554445899975443332233444455434323434444667666656675456567764445655444445676443345644457647863334543344445553333332333443112235743456654332124543333333343334444444444444444444444444444
66666565555446534555555888875433343333333455323443223455666555554556557655774334543333345556533346644567645864333333333343554333322223333112234532356656523434433333334443333444444444444444444444444444
77555578643554343465454454433222223233233444222345444554456666545546555545565334333433234555444444577784354664333332234444544332223333333212224432356656643344323333344443334444444444444444444444444444
55445667654454344345444355434322233332224555444444566765455566555765455456755443443454333466555445786675456653333322223343434433345455333421113433455755742224212333344444444444444444444444444444444444
64456877766654434444334445544433334443345445445455555765555566766676655545555334543455333356654434565455456533332321111223224544433345433562113423355564641235321243334444444444444444444444444444444445
