44444444444444444444444444444444444444444444444444444444444349857984111344444444446854432268677544444444444444444598544444444444444445444444457863444444444444444444444444444445544446664344444444444444
44444444444444444444444444444444544444555545544444444444444459758995111244444444446964432377678644444444444444444598544444444444444444444444447863444444444444444444444444444444444446764344444444444444
44444444444444444444444444444444544444444444554454444444444459768996211244544444446974432576568644444444444454444598544444444444444444444444447863444444444444444444444444444444444446764344444444444444
44444444544444544444444444444444544445544444444444444444445559669997311345544444544875443686469744444444444444444598544444444444444444444444446873444444444444444444444444444444444446764344444444444444
44444444444444544455555444444444555555445544555555544554455559779998421245444444444665455685469735544555444444454598544444444444444444444444446873444444444444444444444444444444444446764344444444444333
44444444444444444445444444555555565555555545555555555444455569879999631255544555445875465784489834555555555555555479545444544444444444444444446874344444444444444444444444444444444446753344444444444333
44444333444444444444444444455555555555666655555555554455555559769999851245545554445885456874699834555555555555444488545555554555555444444444446874444444444444444444444444444444444446764344444444444444
33333332344443333444444333444445555555555554444565555555555459868999862245555445555885557974788834554444455444454589544444454455555544455444446874444444444444444444444444444444444446764344444444443344
33333333334433444444444444333444344444455443444445444455555459868999972245555555555885468974777833555555544444444589645444455555545444554444444764444444444444444444444444444444444446865344444443444344
44444444444444444444334433333333333444444444444444443333444459758999972245445555555885469974777933555554454445454589545544455544444444444544445764455555544444444454444444444444444446765344444444444444
44444444444444444444444444444444444444444444444444444444444458658999972245444554444665369875667833555444444444455589645444444444444555544444446874355555555554555554445444444444444446775344444444444444
44444444444444444444444444444444444544444444454544444444444558648999972245544554444565369986567943555555544455544479644444444444444444443444456874344444444554444444444444444444444446875344444344434444
44444444444444444434444444444444444444454444444444444444444448647999972244555555444586258884357843555555555555555469655554554454445444454444446874354554444444444444444444444444444446865344444444444444
44444444444444444344445444444444444444444444444444434434323348757999972244445544443465348764457853555555556666665569656565555555555555544454556774344445455444444444444444444444445444775344444444434444
33334444444433333334444444444433334333444443344444444434443347757999982244455433345545337654466843445544445455666579645665666666666666666666556774455555555555555555555555555544444444765444454444544444
33333333334434434443444544454444444444555554444444444444444445667999982244343223467754427755656754444544444444445579646656655566455555555555556874455555566555555555555656556655555445765344455545555445
44344444444444444444455444444445555555555543454444444444444445777899984343344445555555426766556774545555555444444479745444445555565555544454555873444444444444444455554545544555666656875455555555555555
44445555544545544445554444444444444444444443443344444444444445677799985433334445554555535876445853555566555544444479744333454454445554545554453774454444444444444444444444444455556556875456655555655555
44444444444455554444544444444554555444433443333344445545445445777779996433334444444455554885335854555565545544445469743334444444444433455444445774344444445444455544444444444444444446875345544444555455
54444444444444454444444554444444455544323444444444444455554455787778996433333444444555455875434854655455554545445556644444344543344443444444446874344455455445544444455555444444444445775344444444444455
34444444444554544444444454343343444444444444444444455544444455777889997432222355555564355787645865543344445555444444556644444443434444444444445774344454455545544444455455455554444445775344444444444344
44444444544544544454444544454444444444554444444555545556555555787899997432222245666664355687656865555554455565555454456433444433444443444444435774344344444455554454444454555554444545775344544444444444
54444445554454454445555544555554455454555444555556555566655555788999998532221135666653455687547965555555555667655555555455545444445444444344345764333333344444544444455544444444444556775345544445545554
45555555555555554544445555555554444455555555555555555666665556799999998533222125666643456688779966555545555689625544555555555555544444444344333444333333334433444445444444434444444544775355455445545444
55556555555555555545445455655554555545544554555555567665555555689999998533221114666534456588899866655555665566545555454445555555654555544444433333343433323334544334443444444544444443675444544555545444
55555455555545545544445555655555555555544444455555466666655545679999998543222113665334455479999756555666665555555555554445544455555555444444443333443443334443444444443345544554444445775334444556545555
44555554455555554444455555666655555555555655445565555666556566669999997543233321465345555479999555555666556665555555554445555555545544333344444444443444444444445544444444444445555445776434544445455554
54445544445555544444555455455655555555545565455455656554555566568999998555665532566467666579998555555666555665555555565555555545455544455565455554544444444544444554444444444555445445776334433455444444
55455545555555555545554555445555556555556555445555555555555555556999998788887666777787567589997445445665655555555454455444455544444444455445445544444444455445444444444445434445444445775334434445554454
55544455555555444555555555445555555555556555554455455545655454555799998876666677666677557789986335334556655555665455555555555554544555544445555554445444565455454444444445543344443445665322334344444555
44544554444455555555554444555555455444544445545555445546666554555689987666666777666665556887875235323455655555554555555555545544455555455545556655555655664555455445544444454444444445764322223344444344
44445555444555554455554445555554444445444443444545555445555555555568876666666666666655565576664224222344556555555545544344444444445554455445555455554444456554554556655433355444444434655433332333444343
44444554444554444455545555544454444444444455544544554445655555555578666666666666655544455346543223212334456555555555454444544445455444455444554445554444544455555555565445445544434444433443333443332344
44444554555664445555445555444455444554445445554444554444556676555777666666666665555544445325542222211234466555555555556555565554554544555555555444444554444455555554555555554554444544433443333344444434
44444455445544445545555554444445445545555555545455555545444454567776666665666665555554434314332211111133575555555555556655565555554455544555455555555555555456665544455544554445555545554343333334344444
45544444444344445545444554444444455555566545555554444654554555677677776656666666555555544322332221111123555556555555555445555556554455455555554455555566444567666543444444554445555455644444444433344444
44444444433334444444444443334445444444455554555554444544455678876677766565566666666666654322222222211122545666665555555455455555554555565555545566555544455666655555544544554555555556655544454434444444
54454444444444444444443333333343343344444444444454444444456677777787766665666666666566654322221223221112435666665455566555565666554556554555555665455455666666666545565555655556544556655554444344544444
54444444444445434433443333433333343333445454454555544555566566677777666665666677654444444322211233322212335566555555555555555655554565544555665545566555566665556554455555555555554555554565445555544444
33444444443344323343332224443333444434445445544445555554566677777776666666666666655554433322111233333212234566554555555455555565565555554456555665555556666665566555445555554445444445454454454455444444
34454434444433333344333334443334444333444454555555565555578877787776666666666666675555443222112233333222232466556555555665555556665555675554456656655566676676666665544555555545444445444543455444454444
33444433443333444334344344443443334544443334444555444445579888777776666666666677787565432222112223333323332355556555555666555545555555766567665556666666777777666666654455665555554444455544445444454444
33454434443334444433333333333345444434443444544544444444467688777766666666654678887544432222222222223333331245554455565565566555444566777666555566566778887666666666665544565555555544455444444555455554
34444444444444444433333333344444454444444434444444444444543588787766665565666776777433332222212222222333332234555555554455556665555777976666556666666677887766666666666654455544444434554555554345444554
33444444444434444444434334444445555444444444444444544444412787876666665555567743233222223222211122232233333223456555555566666556556887865665556677777778876666666666665554445432233454544445454455444444
44445454444444545444434444444554444344454454444544445444324877776566654444457621211112123222211122223222333332245555555555557668877777766566666677888887776666776766665555444433344544444454455444444444
44445544554444544454444444454444444444444444444444454344358776565566554456546643322101112112211112222222333332235554444444688777766666666666666677777787666677776666665444334444454444444555444554445555
54344444444445445444444444443444455444445444544445554444477765545555554455555654322210111222211211222222222333334444555567877666666556677778766777777777556666766665555444333454444444444555444544555555
44433444434445444445445444444444445455544444545445544444476764444445544455554433432221222222211121222222333333333334443334566666666556677777666666776665566666666556655433333444444444444554444445556555
44443444444445444444444544444445444455444444445545544444566655444334334556543333332111222222211122222222222323333333344332245555555666787666566666665566666666555555555532222345555455554554333445555555
44444444444454465444444445434544334433444544445555454445566666654333334555433333222111221222211111222222222222333333333332123445555565688766666666656677665556555454555532222346555455555555555555544443
44444444444564454444444444444444334433554444443444445555555555554443344544333332222211121122212111122222222223233333333333212345555655566656655566666766655555544544445543222245655555455455455554444433
44445444444544433443444344444343344333443344544444445665686544444455444443333322222221122222211111112222222223333333333333211234455765556545666677766655555555444444445543222234554433344444344344444444
44433543444434334444443444544443444344543444544444556666998754454434443333322222222221222222111111112222222222322333333333321134455565544556777666655555555555444344445443322223455334444443354444544544
44433444444443333444544444554433444445444545544445776569999986554333334332222222223221222221212111112222222222222333333333332123344454433467777665555555555554443344444444322222344555544444554444444443
44334444444434444445444443444444444445533444545458876699889887432333323322111112322211222221212111112222122222223333322333333212333444333466677765555555555555444444433454421222345554445554444444444444
44333444444444445444344444434333343344444455545567656998679886443333232221111112322111222221211111112222122222222333322323333212333344333456666654455554555444554454444455421222344444444445444444444454
44333434444444444333444444444444444544334455444456669999888896643322223211111112311111111112211111112222122222222333222322333321333333333345555544455455555554454444433466532222234444445555554555454444
44433334444444444443344443344433443434444444445555799999988897643422222211111112211111111112221111111212222222222233222222332321233333333334455454445444544554455444433466432122234444445554444444444444
44444333334443444444444443333443443335444444445544899999887787643332221221111111111111111122221111111212222222222232222222222321133333333233445444544454555544444444333344332122234444334544455444444444
43455444444444443344443333344444444444443344443335899999877666633332221121111111111111111222221111111212222222222222222222222232123333333333344445554445555544444433333345432112224444344454444444455444
44454433444433344444444444444444443454433333333346789998776546742333222112211111111111122322211211111211222222222222222222222222122232223223333444445554455444444444433355432112224444334444444444444444
44444434444444444444444444444454343334434333333455557666665322553233221124411111111112222332111211111211111222222222222222222222212222222222333344344555544445544433443334332111224444444444444444444444
54444444443345443344443333334443444433433334343543445554432110164233311235521111111222322332111211111111111222222222222222222222212222222222223333344455554555455433343334332111224444444444444444444444
44444433443354335433454444444455344443434444444633434444310000046233321123431111112223322322111211111111111222222222222222222222222222222222222233334455554555444434333333332111224445444444444444444434
33344443444444334444444444445444443343433344445632324333100000035233321123421111112233221221111211111111111222222222222222222222221222222222222233334455444554443334333223332111224444444444444444444444
43333332343333434444344443445445444434444344554532323332100000144233321112422112212222211121101111111111111222222222222222222222222222222222222223333455444444333333333222332111224544444444434444444455
34322332223333333334444445554444444544444344554433333332100001343223321112311123212221111112101111111111111122222222222222222222222223222222222222333455434443333222223222222111223444444444444444443346
32332332222222233445444344444444433434455544544434333222211123443222222112210012111111111112101111111111111122222222222222222222222123322222222222233333444433332222222222221111223444444443344444433444
33343322123211133334434344434454444444566455544444332222322233322222222112211112111111111112112111111111111122222222222222222222222223322222222222223333334443333222222222221112223444444444334443322334
33432223322222223332343333322334443444565555434443332322223322222222222111111111100111111112112111112111111222222222222222222222222223332222222222222223333333322222222222221112223333454443433334443333
33333322221112223332332123332233333334444454444454333322222211222222333211112211001111111122112111111111111222222222222222222222222222332222222222222222333233222222222222221112223334444433333333333344
54323323431222235432223213443322334434444454444434333322221111222222333211111111001111111122222111111111111222222222222222222222222222332222222222222222222222222222222222222112223445444433343334345443
54223124544543334433334333233422344433344455544444433322321112222222233211111111001111111121211111111111111112222222222222222222222222332222222222222222222222222222222222222212223444443333344444446433
34223233345544433332222322333321234334334454444445433332322112222222223311221111111111111221211111121111111112222222222222222222222222322222222222222222222222222222222222222222223334333333444444555444
54443342234333333333333443332232123333444454554545533323321112222111123311111111111111111221121111111111111112222222222222222222222222222222222222222222222222222222222222222222223444344434444444444444
44555444334432333222332233332333233343344444545455643333311111111000013311111111111111112211121111111111111112222222222222222222222222222222222222222222222222222222222222222222223444444434434444433444
44445544333333334434443333335432244335544344444455676544311111000000003311211111111111222111111111111111111111222222222222222222222222222222222222222222222222222222222232222222223443334544444444333334
44344444444433444445444432334433444334322344443455678775321110000000013311211111111124311111111111111111111111112222222222222222222222222222222222222222222222222222222233222222223443345433444434433434
44454544334433434344444433343532334543111334444545555764221100000000013311211111233353111111111111111111111111112222222222222222222222222222222222222222222222222222222233322222223433344334444443454444
44554554334333334433444454444443444423334345444555543443343000000000013212211112112321112111111111111111111111111222222222222222222222222211121222222222222222222222222233322222223443344344443444454434
44545544344344443333444454444443354434334443334454455553442000000111013212211121100111244311111111111111111111111222222222222222222222222111111111122222222222222222222223322222223343444443444443444334
44455444443344443444444454444444454445422334333344565644311100001111012112212211111224443541111111111111111111111222222222222222222222222111111111111222222222222222222222322222223433333444444434433333
44445444444433334454454444443344344445533333333343455544212200011111012112212221233534544454111111111111111111112222222222222222222222221111111111111212222222222222222222222222224443333344344444433443
33444444434444334443345554333442343444554433333444455454223311111101112112212443243336544445311111111111111111111222222222222222222222221111111111111111222222222222432222222222224543443344444445544543
44444344323443333333433454344433443344333343444455544345444432111001122111234555344456444334532111111111111111111222222222222222222222211111111111111112222222222223332222222222223443554444543444555543
33334443333344444544443344334446543455444333345445544333344543211111121111344454344445444444552111111111111111111222222222222222222222211111111111111122222222222334343222222222223444444444443444454444
33344333333443444334444334334434554445543333345455444333333332111111111112444333332445444344464211111111111111111222222222222222222222211111111111112222222222223344433222222222224544444444544444445544
44444444434433343444334444444444445555554443455444444432122211111112211233455444444434444444455321111111111111111222222222222222222222211111111111122222222222233444444222222222223434454445555444455543
34455444333444444444554434454454444445543444445433464343321111111113433454344444444444443444445521111111112111111222222222222222222222221111111111122222222223334444444422222222223444544445544334445434
44455443344444555544544433444454444444454455444344464344442111111134344443345455444556543444543441121111112111111222222222222222222222222111111122222222222333344444433432222222223455444444454434444433
44344444444454445544544444444444455544344444444444455444344421112343444454455444444444554444433452122111112111111122222222222222222222222222112222222222333333444444555442222222223465445444454444544334
44433444444444443334444455344444444444544444344444444443344543234454454455554334333445555444434441122211111111111122222222222222222222222222222222222233333334433455454443222222233344333345443444443444
44443344444544433344435454344444444444443444444344344444454444545545555554443334444444555554433453122221111111111122222222222222222222222222222222333333333343444455444453222222223334443333444444454455
43333334445444334443334443444444454444344443434444444334454444455555555555554444443444454444334556322222212211111122222222222222222222222223333333333333334443334444445444222222222345444444334344455444
32333333334444454443334434434443333344333334543444534443345544455555554454454323442233333444455557753432222221111222222222222222222222233333333333333334434544444444444444322222222344444444334444444444
33333333333444443343343443334443333334334444654444444333344544443444433444355222322344444444444447766553322222222222222222222222222222333333333333333333333444444445544444422222222344444444444445444444
34444333344444443344344444444444444433444456664344334434434444444555543455444322322334444444343346766664232222222222222222222222222222333333333333333333332444455444444444432222222344444445533434444443
33434344444434443443333444444455554434555333565344344334544544444444544454433333334444444445544346766667433333222222222222222222222222333333333333333333332343454444455444332222223334444433323433443333
33334433334444444344444344444444444434344454566543454355444445445554444544444444444444454445344345666678743333322222222222222222222223343333333333332233332333445444555455652221223333454333333444443433
34434433344455444333444455544344433444433334555554455455454445545554445544455543465444554444444344567777763333333332222222222222222223443333333343322223332233444444555544663222222333444333333334443344
44433334444444444434544444334334444555444444445554445446544454554445445545655544555545444445655444567777675333433343322222222222221223433333334574222223333233444444444544543222222334543433333334444445
44443356434444344444444444334444444454344555445444444556544455444456444455565445444455444345444444556776665444567785332222222222221223433334454587422223333233344444344443333222223333444444444433444444
44443344444443445554444443554444444444334455544544544555434354335454544445544444444456644344344555555676654467899998433322222222211223333444455478732323333224444345334434433322223333344444444434434443
44433444445533444455444544445444445544444444555555544554544344444554434456554444444335644334455555555566555797899999733222222222211123444544445548852332333223444333333324432222223333444445534333455334
33444444433444444444344444445444545444544445555554334443334444555444434445444555554333544444455555445565556998899999952322322222112123333444444335874332223322443333333333343222223333445555543444445434
44444455443334443334334443344444445444444444455554344444444333455665444343444545564345444444455554445565557999899999973333322222211134333333344334787333322332333333333333332222222332333445433444334334
44444554344444433335544543554444444444445444433444444444344434445455444454454444454355444555456554444454458999989999997433332222211134444334554333799633322232333333344333433222222222344444343333344445
44344554445544433444444544445454554444445543234344443444443555445554455444444444334444444555456544444443456888888999987533332222222124544434453355599853322233233234334444444322222222343443333343344334
34334443345445434444445544456545444444454444334433454444443455454444344344444444455444445444555445555554544666797788776533333222222233344334444444499984322223234434334444444322222222344443333343333333
34444444444455544444444444445434445445444455544444444444445445544445544444444444455545454444445445445544433675586558777543333222222244444347633334489997432223234344344332344432222222334334444443333344
34444444444555444444444444444434544444434455555444444334445556544544444444443454444445545544445444455443444678555447988766653222222344444446643334589999632222234433333343333342222222344333554344443344
