22333323333222333233222332233222222222222233222222333344433323453344455443344332233333444322223333322247999999999999999654555554444332111001332211222222122222223334643344433333333444445765443454333454
22332222223333233322222233222222222222222333322223332233332223343344234444443333334433344321233334324689999999999999999655555454443332111002432212222222122222222235543333323333333334446665433454433334
22332222233232233332222222222222222212212232222233333333333333343333334354343333344323344322243433369999999999998899998654554454443332111102333222222221122122222333333332333222233333445555445434433222
22332222333333233222222223212222222222222322222223334333333333343334333454333333554323334332233346899999999999999899999644544444443332111101243332222221111122222223333433332222233333334454455434443333
22332232222232223222223222322222222233223323222222333233333333333444333344333333443432344333235689999999999999999899999644444444443332111101343333323211111122222333333344532222233233333444565445543333
22332222222223332233225423223222221123212322212223332233333333223364444344223333333333333333359999999999999998999889999643554444443332111111354333333111111222222333333334522222232223333344554445433344
22332222222223432233324423322222232234321244211223332233333333223344333344223333333333333324899999999999999979998868999753455544443332111111354333332111111122333343333344522222222223333334554445543344
22232322222323433333324523223543233235522256321223333322343333223433222343333233334323443468999999999999999889997778999863355544443332111112344333331111112223333333333335312222222233322334444345555555
22232222222223433333323543213543222113322246322233453222333333233332222233323322223433446899999999999999997899984677999874355444433322111112343333321111122333333332222355212212222233322333334444444566
22223332222223433322223443212322222223322225322223365222222243222223332233433333322334579999999999999999976989963457998874245444433321111122333333321112223322322222222342112212222233222333334444334566
12223323442222333323322343234332233323422234432222234322222343222222332234333332333348999999999999999999877989853357977873245444333321111123333333311223333222222222111221112112222233222333433444335566
22224323432222333222322233234333223332322245532222233322222332221123332224333321236789999888899999999999999988643478975873345444333222111233333333212333332112232232111111111112222232222333334544435566
22224443332222333223322233234354453333222234443222223222222333221123332234433324789999998776789999998898999986543478965852345444333222222233333332222333321111221221111111111112122232223333334443434455
22234532242222332233322223323365443333322223233432222222223333222223333333333479999999997656689999876776887765543456766643444443333322222334333322222333322221111111111111122112122222223333333343344445
22355321242123333233222223322365445333322223333443213333333333223333323443356999998999997666588999755566676555433545556643444433333322222333333222222233323322111111221111221121122222223233333343344444
23542221243122333233322223332233336522332233335433223444433433233333312353489999997999998765575788644555565454433454545543344333333333333333333222222233333332111112311112211221112221222333332343344334
35522232244111342233333223333333335522443334444432334664454443223443312345799999998999999845644455544455555444433344444433333333333333333333333222222233333332111123222112212221112211122333332333354333
66322132234211242223433333323233336423343343344444433453555654346643345789999999999999999866533445444444554444433344434433333333333333333332222222222233333333222233232123222221112111222322322343343333
55323333234221253234533543322233226523333333224542533443444565797545799999999999999999999865433344344444444444434334334333333333333333333332222222222333333333333332332233322221211111222222222343333233
43223333344312255346433653322233225633433333323444533445754457977999999999999999997789999874343333334444444444434334333322333333333333333322322222223333333433334333422443222222211111222223212343332223
43222223445321355424545643332343223423644323433446654445678899669999999999999999985467888874333333333444444444434433333322333333222223333222222222222333334443444444334443223222211111111122112343322234
53322223665323554223543443223343332222653323443446654446899997899999989998899999642355567744333333334444444444434433233322333332222222332222222222222333344444444444345433333232211111111121112333322233
53332125445336543222452334333344432123543343443346765569999987999999778888999998663334346844333333334444444444434443333322333332222222322222222222223333344444444444455433443332222111111111112223421223
53322256325553256422354233255433344322335545444345667799999967999998667989999999983222335754433333334444444444334443333322333322222222222222222222333333344444444444555444544443232211111111112223321223
53322266435432246664443334454443235654544443444444578999999957999998779999999999985333234654433333444444444444444443333322333222222222222222222223333333344444444444555455554543333221111111111223211123
64422356655434345665444577654433334447864444435644799999899746999999999999999999995343223454443333444444444444444443333332332222222222222222222233333334444444444444555555555544443322232211111122211223
65533455665344345556554466555435667656665433345558999999789747999999999999999999996344322355443333344444444444444443333333322221124443222222222333344444443334444444455555555544444333333211111112111122
53343345566333455554445554454456775445455444445699999998678737999999999999999899876533221134443333334444444444444443333333332212567876422222223333444343333334344444455555555555554445344321111112111122
53433566556434655544444565566556765555444455458999999996678845999999999999998998776653321112333323344444444444444444444333332247644666433233233433444443333343334444444455555555555554444311221111111222
53444567544345654545455666566665555555434444489999999997577854798999988898988887666665422222223333444444444444444444443333222587533445444333333433444433333344444444444455555555555555544212321211111222
42565546764335653344555566455555554565445544799999999998567764688899888777877776555555445544444444444444443444444444443332224864333344555433433434444333333444434444444445555555555555553223323211111121
44555545864555543244464566444445667676665446999999999999656674588887776666754565544445555555555444444444444344444443443332247643443334676533434333444433344333334444444445555555555555553334344221111221
53345554654456555676565556545445676667654359999999998899645664489766655656544465454433444455554444444444444444444433333333365334444334567533333334444443343333344444444445555554555555553444453221111211
66334455554345555786666666665454565556644489999999877899644565478754444445444455555444434455444444444444444444434433333332463334444333347633333444444443433334444444444445544444555555554455543322112221
57535323455567555899766765554434455345655799999998667899744465456544334444444445544444444444334444444444444444443433333333543333444333346433434444444443443344443344444444444455555555544555544432223211
58765433355555566677655665444435465344547888999986567899744456345543334344456644544444444444323444444444444444443333333333433333343334444333433444444444443333344444444444344445555555455555444433332211
57964542244565455333455444454544664444454343499865667898754446444543333345566664554444333344333344444444444444443333333333434332333334443334334444443444444444444444444443444455555555555555444334432222
35643575343345665331233446666566655445442122398555557887754445434443333355676665444333333333344333334444444444333333333333454332333345543334334444443444444444444444444433444455555455555555554444432222
34333367544356555443344455556666655445541111395455567777754444533443333355666544343333333333444433333444444333333333323443464333333457533333333444433444444444444444443333444555554445555555554554322223
44344367444589655543456554555456555444541111484455567667664444433333333356654333333333333333444434444444433333333333234433345443333454333333333344433444444444444444433333444444444445555555555554322345
53445545544687554456566333444434556556552221574445566667665444433333333356443333333333333333444444444333333333322222344333324653333333333333333444444444444444444444333334444444444455555555555554223555
76533444454675335445436445433434556654565323853444555666665444643333333354333333333333333333333344444333333333322234443333322443333233333343333444444444444443444433333334444433344554555555555543345555
76542324343564225664435556423434567765689847744444455566666447853333333233332233333333333333333344433333333333332344443333322222232233333443333444444444444444444433333333443333444444445554555544565555
33344534554566434564344665322456557767789889543344455566666569743223333323222222223333333333333333333333333333334433333333223222222233333333334444434444444444444433333334443334444444445554555455655554
44467545555655422244255454333456656656788995433445555666666689754322222332222222233333333333333333333333333333334333333333332222222233333333344444444444444444444433333334443333444444445444554456555544
77774334444433433423456554456455675556788853333445555566666687754322223332222222233333333333333333333333344444444333343333333322222233333333344444444444444444444333333343444333444444454444444555556555
56644445432434334654545666655465466456686422334444455566666787754223323332222222233333333333333333333333553334544333333333333322222233333334443444444444444444444333333443444444444444444444444555555555
46654445433443333345466666534445455666763223344455555555666787654335432222222222233333333333333333333336422333344433333333322322222233333333333444444444444444333333333444444344444444444444444555555555
55444435753433454556765546666645456765663223555455555555555787555322343322222222233333333333333333333343223333334433333333322222222233333333343444444444433443333333334444444444444444444444455555555555
54434434863333455557654445665655567655653234444445555555556687455432233542222222223333333333333333333343233333323433333333222222222222333333333444444444433433333333334444444444444444444445555555555555
54444444543443344546644543455556665545753234444444555555566686455433333363333333333233333333334444444454223333332333333333222222222222333333334444444444433333333333344444344444444444444555555555566654
54235334444554444445655444446678667555863334454445555555555566544432334445378544554444444444444444444553223333333333333343222222222222333333334444444434433333333333444444334444444444444445555555566545
54223424555568854545665665546755666566774334444445555555555555543343223433465443444444444555544444445553223333333333333433322222222222333333334433444344333333333333444443333444444444444444455555555545
54434532334676544665566565577655777775784335544444445554555554443333322344544455544555555676545544444553222233333334333333332222222222333333334433344444333333333334444443333444444344444444455555555444
43445544466785445666564555566656777666696436533334444444455555444333332235554465565666556765434544444553222223333334333333333222222222333333333433344443333333333444444443334444433444444455455555554445
54454555576355454454455555676544656775687535333344444333445555444333333235554355566555458754334444444433222222233343333333333222222222233333333333334434333333333444444444444444333444444444444444444455
56555554565457554455455566665675565577666654345666555545444455444453333234443345455544458644444444433323322332223343333333333322222222233333333333333344333333334433444444444444334444344444444444444555
55565554566666665565545776666777655566755655555666654666665445544444222234433334445444457543433333333222446432234333333343333332222222232333333333333333333333333333334444444443334443344444444444445555
54555555566887555564556765686554456566566755544544554456555545543344333333333222233333357533322322222222267333443333332344333332222222222233333333343333333333333333334444444444334444444444444444445554
55544555556656544554566566667555555466557854545434677655554654554344433333211222222222246522222222222223375233322333332344433332222222222233333333333333333333333333334444444443444444444444434444445544
76664455555554445676556666666666764457666875654544776555555664455544443333211222222222235422222233222244353213322333333344433332222222222233333333333333333333333333344444444433344434444443334444445544
66666556655555467887666776655566787667665786444445556665555545555555433333321122222222235422222222222353343224323333333444433332222222222233333333333333333333333333344444444443343334444443344444444444
65455555655556777777667765445776677567655666534444566455565585455555543333221222222222224422222222222433643223333333333344433332122222222223333333333333333333333333344444444443344444444443444444444444
54445444566665556766667777556666556557566665454454454455568962455555543333222222222222223322222222222223543233333333333344433332222222222223333333333333333333333333444444444443444444444444444444444444
55435544466533455656666788666445446545556544445675334466799733455566654443321222222222223332222222222222334433333333333344433333322222222223333333333333333333333333444444444444444444444444444444444444
54444544564544455556776776654554456556554665435765544557774233455566654443321222222222222332222222222222333432233332333444433333322222222223333333333333333333333333444444444444444444444444444444444444
43334434553445556545665666654764456778854566445766655556332222355666554444332222222222222332222222222222223432234332333444433333332212222223333333333333333333333333344444444334444434444444444444444444
33334545543333456667654467655654457666643466556764555433222222244555555444432222222222222232222222222222223432233333333344433433333211222223333333333333333333333333344444444334344333444444444444444444
34454356453245446667555456877544457765443466665774454322222222233455555434433222222222222222222222222222223432233333333344444444333322222222333333333333333333333333344444443344444434444444444444444444
24433446553345534456765457866643446665555556654786552222222112234455555544443222222222222222222222222222223432344333333344355455433332222222333333333333333333333333344444443344444444444444444444444344
44333444553235634545554447655455446655455544446888652221222112333445545544443322222222222222222222222222233432344333222233376566533322222222333333333333333333333333344344444444444444444444444444443344
44445445444345545434455455555444456545555454467777741111111122333335445654444322222222222222233222222222234432343332222223456566543332222222333333333333333333333333344444444444444444444444444444444444
44354224443355432553346544555545556533465444577765752111122223333344456654444332122222222322333332233324544542333332222224446555554333333222333333333333333333333333333334444444443344434444444444444444
45654533434345432245435665664334445543699754456655785211233333333344555665444432222222222333333333333336554433333443222234446544454333333322333333333333333333333343333334444444443344334444444444444444
55553565434545333344565664565556534676566644444566666654323343344345543455444433222223333333333333334333334544554443222234556543343443333333333333333333333333333333333333444444443444444444444444444444
32345576443665224346766555566764533465444345543487567776643333334455554455444443322333333333333333333443344433334433333334676564563244333333333333333333333333333333333333444444444444444444444444444444
43235566333565424456887655656443233443245434343377667756554333334445655555454333332333334444443433211233334323334443333333575566655564333333333333333333333333333333333333344444444444444444444444444444
54434554543464433445577564555334555444344444345558877876654333333334444444465333333334444444333332111134433333333443333333565445656532333333333333333333333333333333333333344444434444444444444444444444
44533454443355333466776556665434664344344446666657998986565344443333344444455433333333343322222222222224433433333443333333555555676433433333333333333333333333333333343333443344434444444444444444444444
55554444343346444665675666886445754443333344578756777898555444455444443334455444433223333322333333333224433333333433333333567556886334433333333333333333333333333333333334443444444444444443444444444443
66455445345356557554555776877634533444443334555434567786533555543444444333345445544444433322232233563344433333333433333333456457865435433333333333333333333333333333333334444444444444444443444444444333
45556556434556554565577676656543444566433234443444587554444455655544333333446755444544433322222133353554444433333343333333334456634546422343333333333333333333333333333344434344444444444434444444443333
45645546766457555565567644645544456433345542345444445665456756655444334333434665556643433433323223354564455643333343333222333543343434322364333333333333333333333333333344444444444444444434444444333333
55555445666347545555566556555423444533445432344334334564456544444444333343466565555663334543323322355554455455444654333222242553442334433464433333333333333333333333333444444444444444444444444443333343
56545435565345655544666457656523433443555323234334344556444323322445332356643247633564444563334433465654454345445655333322223385444443435554633333333333333333333333333444444444444444444444444433333334
45643555423654555654566556646675444443454453355345435444644333322345433446421277543565444364234432465664454444545554433222222257455544568766533333333333333333333333333444344444444444444444444333333334
43555556443374454665465554434666655443333467763234324444553333321233433333343684354365333355444321345575454344556586433222222245765345567776454333333333333333333333333444444444444444444444443333333444
54564556434364354466765445434455665357533465443324334445553321222232343224655843444346332365545243344555443243466467533222222234565345656764685333333333333333333333333444444444444444444444443333444444
55543555645456654467866545433455454333323453333432356433345232333532344434558854555445432354564344343345545433556556533222222224555444565554786433333333333333333333333344344444444444434444433334444444
55653554577546546466656545533355555542234444444444455433345433222643334444466323354455522254465445443335533456556546433222222224533334565654566433333333333333333333333333444444444444434444433444444444
45764443466356345456556444543345655563344343344333333366465543445573344444554452345446532245456535544334533356444445533222222235433323565665656443333333333333333333333333444444444444444444334444444444
55655345664465566456544553464334787543434343354323334225445544543375455446766676444435652135566545544323543454345654553322222247654322465445864454333333333333333333333334444444444334444444434444444444
55655336865655676446533454345433586344434343334545435423434554333246544675434556434434564334466556435322552444234566553222222235554321345645665444333333333333333333333333444444444344444444444444444444
45556445654554555545434565434533565444445433323655335633333344334334435654333445543442366535446546435432464442235655674222223333444422343655634323433333333333333333333333344444444444444444444444444444
55556434643356544545555465443554554544345443455455555433344335423345432444544446654452258845346656444444575442256645675222222333433442333554532433443333333333333333333333344444444444444444444444444444
46456445632245565455743334322465554544445543366445434543334444333444443533566445776555447843246766554345578664376434554322222333443443334742232242443333333333333333334333344444434444444444444444444444
45555545545544455555432322422344554444444554445544543554333245433333344423334444564444445643354565555452345786554445434322232333443443444743222333443333333333333333333333444444444444444444444444444444
45434445555656654566543222333443433554555556544643355465433345433444334332222234654664444555454464465542443457544656435422222233333344434433322333444333333333333333443333344333444444444444444444444444
34554456323445334555566432243454543444445665435533343455333455433434433332234344756875455556664453355533555455566677655532222233322334423323332233435333333334333333333333334433444444444444444444444444
44456545423443333444455674333344344344445556544424443344333345433332332332444467666776456645455454455544423446656677433532222233323323433334433223333333333334333333333333344334434444444444444444444444
34345544554243256333334343344543223444444556664333334446655456553332332234455455665456665766535564435554333576555765434552222233332323443334433233334433333334333333333343343444343444444444444444444444
44334545557444446332343454333453323343444556565553345455565345664545533234444444555544545677635555455544346676555444345443322233333323432223333223324433333334334434333444333444334444444444444444444444
45433334435644333333343244443344333343344455543355554334443234552467633355444444444455654788755545345454454466555545556554322233333333332222223222323322333334444444333443334444444444444444444444444444
56433323334544544455433455443235434445544445554444653223333332352246655555443233334445578887755655344553333665555544455555332222344333332222224432333322333333444443334443333444444444444444444444444444
56543334444356665445543344445445433444654434445444457543223444685554566663334234434457776677644665445543455674467634545545333222334423633221224543444522233333434443333443333343444444444444444444444444
56753456425446644333333334444444433333333333555567455667565465587675457777334644545666666566663654355435445676677544564554333322233335953221124543453322234333334343333433333344444444444444444444444444
33465545534446643343333344334444433333333533455656665456567676566566667646656766666766665456655644454345656668854445555554333333323335753221123544543333334333343343343333333344444444444444444444444444
33366544445577544445443434565544433443333643344643455456566578886554676555677755567556554357775544433454455459733345554454343333322334543333133345743447554333333343333433333444444444444444444444444444
44446654445685344445544447999864433332333444455343224344545667666666764565577744446555444445775444345544466558843335543444353333222233553442122336733546654433333333344434434444444444444444444444444444
65576665666555455445555557888855433342333323464234432234545665545555556566556763344543333356566433357644578647754334433333433332223333343342122235523456555333333333444434444444444444444444444444444444
67776555687544543443565454544333222233332333443212454445644456666555456556555564344333332244554444445667763444754333322344434333333333333233122234432456657534333333444444444444444444444444444444444444
45555445577543453343355343454234222233322235544444445667765555666556655554457654433434643333565454446886773466652333322234434444434444433323211134432557647633333334444444444444444444444444444444444434
