22222222222222222222222222222222235543222222223333332332223432222222342333333445433433343333333323344796455555555555555687543333333345654588777653333333222333333322333333333223333222222333322234543322
22222223222222322222222222222222223332222222333333333333333332223223333333333455333433443333333233345896455555555555555578543232222234556887766653333333332333333333333333333332223222322223333233333322
22222223222223322222222333222222322223222222343333333333332333233222333333333343323544334343332232344897455555555555555577554222221223578876555543433333333333333333333233333333222233332222223233333332
22232222222222222222222333223333323333222222233333334433323333222222233333333333333445444443343232346997455555555445555467752111111113788764334433333223333333323333333323333323322222222222222332233333
22222222222222211112222323333332233334333322233333332222333332222222222233343332333344443233334223447997455555555455544457743111111126877653333333333222234322322333223323333323332232222222232233334322
22222222222222212222222222332322233332343322233332332232222322222233222223333342222333344323333323358997455555555455444445653111101378777633333333333433443332333333233332333322333233222232232233333322
22222222222222222332222222222222233332333332233332332222222322222222222223322332222344344322345434469997555555554454444434543211115798886333233333434444553322233322222333233322222223322233223333334323
22222222223322222122222222222222233322222333333332322223323222222222222233332222233333443322334444558998555555544444444433454211248887764333343333444445763222223322222233233322222222333222222333333233
23222222223322222222222222222222233322223433323323322222222222222221222232332223332333333322233334568998555554444444444432353112577775533432333333333345764323232222333332233222222222333322222223333222
22322222223332222222222122222232332322233333323323222222322222222222122222222223322333323332333357999998555544444444444332244447877654334323333333333335874343333322333232333222222222233322232322333222
22322222222343332222222222222232233223222223222332222211232222222222322232222222222333333333235699999998655544444444444332257889765443233223323333333335875344333322343223333222222222223322222232333333
22322222223343322222322222211222233232222222223323322223233322222122331233232222232322333324689999999999655554444444443221158887433333233233233333333335765355444322333223222223222222222333223332332234
22322222223343233332222222222222223232222222225323333235433222222122332123222122333232323579999999999999655555444444433211126653222232232223333222233334655355433433333333212233233223322233333332233223
22222222333333233343222222222122223233221233225333333324533233323333334422222122332333568999999999999999655555444444332110013422222222222222333223333334555456533543332222222334333333322332333332332333
22222222333333333333322222222222212223222222225333332234542256423422335522356223332347999999999999999999755555544444332110102322212222222223322233333334444556544653333222232244333233322432322333443333
22222222322333333333332223322221222233322222234333222233441134322211333322256223334799999999999999999999755555554433321110113432222222222222222223333334334455555664333322232233333333332333333333433333
22222222222333332223222332221111221323223422234332232222343233223222343222256323589999999999999989999999855544444443221111115533222222212222222233333333233344555664333333332233333334433334433322322233
22222222222223332222222223221112122344234322224332332222243234323333233212455567999999999999999889999999844544444433321111103543333222211221122233334332223333445564333333333233333223333244322222222233
22222222222222232222322112221222222333443422224332332232233234343333323223667899999999999999998999988999854554444433321111101653333332111111122333334332223333344454333333333333322223333333332233222222
22222222222212332222332112232122232345312433323322343222243334474464332357899999999999999999978999767999963455444433322111102554333332111111223333333321123333343344334443333443222222333433322233222223
22222322221122232222432222233332322553222432334323333222243123474443345899999988789999999999879998457899974455544433321111112443333431111112222233322321112322333334444433323444322232333323333323322333
22222332222212333223432222223332335521322431223433343332333234455445689999999877779999988999999997445899984355544333321111112333333321111111222222222311112222333333444433333344322222232222222223322245
22222332223222332333433454433323355221222431123333454333234566545568999997999866789899777879999874347999984355444333221111123333333211111122223222112211112222333223344333334433332222222222222124322353
22222222222321223333532233554222563321222442124334434533467887889999999998999766687898555768887654357986973354443332211111223333334211122222333332111111112222322223333323334444432222233222322234334322
22222222222232223334431343355213642233332442213553246788766999999999999999999956655777545656656544356876863454443332211112233333334112232222333221111111111112222222333223334444432211112322233245432232
22222222222233212334442444354223532232333553124653689998799999999999999999999956534455444555545543455677743454443332221122334343332122332222222211111111112212222122332223334445433332211233223454222322
22333345665422212223454443455223532222224453255546999987999999899989999999999965433444444455544444345566644454433332222223333453222222332221122211111111111111222122222223334445433322222353235443222332
22223445898532224423455542555434533222236653554799999967999997799889999889999974433443444445444444344555544444333333222223333642222222333322111113211111111111222122222222223334323422322354443343222321
32113444565443355322245543534425533321365555668999999847999987799999997557899973333333344444444444444445433343333333333333344432222223333332111123211122111111121112222222223333323434332356433442122322
33234445445554444322255444532335532222554356799999889647999998999999999846668863333333334444444434434444433333333333333333333222222223333332211233221132111111111112222222222233323435433443444442222322
33344333345433343222256554433446533223674379999998789548999999999999998845558754333333344444444433434333333333333333333333322222222223333333322332321232121111111112222222122222323335434434555553212323
44334333245421232245466665444556643224666899999998689549999999999999997854446654333333344444444433443333323333333333333333333222222233333333333333322332122111111122222221122222222344543235666563222323
44334332245433343356446446566556655335557999999999578648999999999999999745434554333334444444444433443333323333323332333332222222222333333433334434323432222111111112232211122222223334432335566654343322
42223334345322233588546456775545534333579999999999658747999999999999987755423454333334444444444333443333323333322222223322222222222333333333344444334432322211111111221111122212222333333334556655554322
42222245434223333366645666775456533335799999999999657736999998899999985665322344433333444444444444444333323333322222222222222222222333333333344444445433332321211111111111222111222333333334456656643332
43332333444222244344666656776445434457999999998899656746988888778888877665432223333333444444444444444333323332222222222222222222223333333333444444455444444322211111111111222111222222333333345556544443
43311333554225654465566567766444325668999999867999655745987766667656755455454322333334444444444444444333333322222222222222222222333333333333433444455444444433321111111111122111222222232332344555445543
34322324753479966665577798765444445565569998567999755645865555566545655444456544444444444444444444444433333322212233222222222223333333333334333444455555555434332222211111111111221112222222234454455543
44322566655899999854466675665445533532349865567999755654765444555555656443444455544444444444444444444444333332235578742222222233333333343333333334455555555444443333321111111111121112222222234444456543
54213467679986798753356554565445763421259555567898645653664344455565466444434455444444444444444444444444333223675456663222322333333333333333333344444545555555544434321111111111121112222222234433455433
54224558887542267764456555445555575531176455567777754543564334555666455444434444344444544444444444444443332237754334544333233343343333333333333344444455555555545544431121111111111112221122233334454333
22333545766432235565356676433455598642384455677676754553454345567777665444434443244444444444444444444443332376443333455633333444443333333333333444444445555555555554421221211111111112221222233334564333
34665235566545555456665675433455578797763444555666754453344334567766655443333343334444444444444444443343333664344433467753433433444333344333333434444444445555555555422333321111111111211221233344665333
67765456655666555556666664443344367899843445455666654574333333677644444333333333433344444444444444333333335533444433346752333334444433344333333434434444444555555555434444321111111111112221223444465443
75221244555445566677666545533245456898533444455666665895333333565433333333333334443233444444444444333333335333344433334743333334444433443333333434444444444445555555444454322111211111112212223444454344
33555665544334555565565568534444545895334444455666678973323333553333333333333334443333444444444333333333344333334433335633343444444444443333333334444444444445555555445554332222211111122112234444444456
12666776655434544456665443453335536753233444555666679864322222333233333333333344444444444443333333333333334433333333344333443444444444444334433343334444344454455544555544443333211111121112233344444555
12346744455444544576546544344347667522344444455556678765322223332223333333333333444444434333333333333334435433333334443333434444444444444433443443344433444444555545555544433442111222221112233344444556
57788755555555653665544434434347877422544455555555688765322233322222223333333333334444433333333333333344334543333345643334434444444444444444444433344333444444544445555544444432112233221112233344444566
99999633444444445545655544444346446423544445555555688765334323322222233333333333333333333333333332334443333455333355533333334444444444444444444344333334444444444445455555444432223343322222333344444556
99997643443333356656665553445555358524544445555555688656433332222222333333333333333333333333333333444433333245333333333333333444444444444444444344333334444444444444455555554432244543322232233333345555
99986444454334566655544532234555679533444445555555678667432344322223333333333333333333333333333344344333332323333223333333333444444444444444444444333334444444444444455555554323555443223333343322345555
68885334456654566555322222224555569633454445555555568566434335522223333333333333333333333344443344333433322322222233333333333444444344444444444444333334443333444444445445554345555433334433443222235566
45555764556434565566422222123454468843554444555555567554323344633443233333333333333333334543335543334443333322222233333333344444434344344444444333333334433334444444444445544555554333444334432222345566
45655555666556665555543223223355557854543344444545555554322244448996543333333333333333345323334444334433333332222233333333344444434444443444444333333334333334444444444445545555554444543444332222444444
55556556664579765444445422323454455775433444444444555554323324457866555444444333344433343233333344334333333332222223333333344444434444444444444433333344433334444444444444445555555455544444322223422223
66665645766877555545456333333355554565444664433444455545333333455565554454444444444444443233333334333333332222222222333333344444444444444444444433333344433334444444444444445555555555544443322232211223
55555545777754555544555323333345542454445454433444455545443332455456665565566654444445553223333333333333322222222222333333444444444344444444333433333444433444444444444444454455555555544443223321111233
55576557677666765444443323433345542334345554577644445544553232444446676665787654454445553222333333333333322222222222233333344444444444434433333333333344443444444444444444555455555544444443333321112232
77644564677777544455554553355445554335333356676556555543454323343345556545986443444444553222233333343343332222222222233333333444444444433433333333334444444444444444444555555555555444555444333321122332
87767964688875333455567776687666444455433468854456666554454333333345555447975444444444443222233333333333333222222222233333334443344444433443333333333444344444444444444555555555554455554444443321233322
65777778997555533455344466676665544445655775753554465455454333322223343347974444444433333222223333433333333332222222233333334444444444443333433333333443334444444444444455555555554555544445544322333333
78633599974543554555444445665564555555555653575544555655655433331122232237963333333333324334432233433333333333222222223333334443444444433333444333344443334444444444444444555555544555444444544333333332
74565678756644565544455555665555566665545765576555788345565433332122222237842222222222222575322334333333333333222222223333333443344444433333333333334443334444433444444544555555445555445544544344333333
54578875357554556444454545555456555554555677765567763345566533322122222226832222232222222653334433333333333333222222223223333333344443333333334444444443344444334443444444444444455554445544544444443332
53476554477545565433453455655455555545554566675564323345566644432222222226832222222222223532233234333333343333322332222223333433333344333333334443444443444444334443444444444444455544455544444455433332
87996444665544455433544546875544666544554566643332333345566644432122222226632222222222255332233333333333443333322332222223333333333344333333333333444334444443344433444444444444455444555544444555433332
87995455666654555423445678755555666665556556632222222235566654433212222224533222222222255332443333333333443333222232222223333333333333333333333333344444444443344434444444344444454445554444445555444333
22466677766666555444345676544556764555657667522222221224445554443212222223533222222222233433443333323334443333222333222223333333333334333333333333344444444433344444444443344444554455544444455555554445
21357777776676655435545534555655654454445666311122211233455554444312222222332322222222233445433333333334444333212233322222333333333333333333333333344444444433443344444333344444444454444444555555554455
23565577777766555433466436654555554355444667511111222233445555444322222222222322222222223444433332233334444333322223332222233333333333333333333333434444444433444344344433344444444444444445556655555555
66776676677545554423578756665456555455454677631122223333344356444322222222222222222222223444323332233334444333332222223222233333333333333333333333344444444433444444444434444444444444444445555555555555
66777665666556555425543456554455443344445665654333333333334466544432122222222223222222234443223332334444444333333222222222233333333333333333333333334444444443444444444444444444444444444445555555555666
66778767766667654346632365544433333245445544545554333343445555644442122222222223322222234443333333334445444444333321222222233333333333333333333334444444444444444444444344444444444444444445555555555666
66677667765456554357622245434554444444565544445466433334455534554443212222223223322233244533333333333455543333443332222222233333333333333333333334444444444444444434443344444444444444444455555555555666
66666665665445555346421124344433244444575553455445554334455544554443322223233333333466444433333333333455422222564332222333223333333333333333333333444444444444444334444444444444444444444455555555555655
65566555654467544444312235445555354334555543456444455543334545554444322333333333333433544223333332234555322125995333222233223333333333333333333333344444444444444334444344444444334444444544555555555555
54455565544454444343321345335334444344455543345544355444433344554444332333334333333433454444333322223554211368987543333333323333333333333333333333344444444444444434444444444444334444444444555444555555
54454565456655443464232323223335443552255443554455444555544555444554333334444444333333343355344322223543213566667654333333333333333333333333333333334444444444444444444444444444444443444444544445555555
65453454445655444666554321234456555544344443454433543455445554455566433333333333333443333334444322223532224566556665333333333333333333333333333333334344444444444444444344444444444444444444444445554554
55553355543345435545533322147535556645544434454433456456555643344445444435543332222443333333343332234422344465556666533333333333333333333333333333333344444434343444344344434444444344444454444444554444
54553345644444556544563222365223444455675445544344455655655655655345675666554445444444333323233333334324556656556655543333333333333333333333333333443334444444444444334444444444444344444554444444444444
54453333565334458633454332553323432346774335654244468766655666544424654444444434477664333333233333334345566534556665554333333333333333333333333333443333444444444444444444444444444343344554444444444444
54453223444443456543343435654554543356555434655434557987656565332334433354344433488564454332233333333455554457544565456333333333333333333333333333333333444444444444444443444444444433344554444444444444
65553223434433454343355446533466544344544544554433555776555554345555443344443344468765665532333333334654444478544456655433333333333333333333333333333333344444444444444444444444444433344443444444444444
53454223323333435434445646533655545534443433454334667865566654335754343344456656668966876653433333334544443368545456534433333333333333333333333333333333343344444444444444444444444433344444444444444444
54454222321243346744344234452595565554353442466556555656667875456534432233444588678866787577533333334444433446544455335433333333333333333333333333343334443344444434444443444444444333444444444444444444
84234322332334445654445436663387465564464354567765555666767888435334444433334765445656997445543333333433334445435754444423333333333333333333333333333334444444444444444434444444443334444444444444444444
98522322333224434454445534654246546556555444556644655787666567544445565333245553434786665433553333233343333445555544554333433333333333333333333333333344444444444444444444444444443334444444444444444444
99953321133223444454445542654335555555456664576555666677445655444565333344443345434666654444543332223333334455555444544432333333333333333333333333333344444444444444444444444433344344444444444444444444
48995332223233344443356654677544455554344564455556555666566554334444433445522354344335654567653332223233333347754554443333343333333333333333333333333344444444444444444444444433444444444444444444444444
34799632222223465444355556665566655545545444456556434765478565334333434565232333244344554455333332222233344566655654663333554333333333333333333333333444444444444444444444444433444444444444444444444444
23369962222333345544455544676556535545555335655656654666556566765434434654433453444454556444233322222223456532365434554344554333333333333333333333333344444444444444444444444433444444444444444444444444
23236997322332555544444653465566544554565443753555754555544446765554432344466652345344444543333322222224444221477533555443454433333333333333333333333344434444444444444444444434444444444444444444444444
32233599843235555445554444575554444544566434664543566764455434566664323443576542234344355643333322222223333444773553455333355433333333333333333333333334444444444444433444444444444444444444444444444444
21332248984334654434555444565444455534556666457544578865545434545553236533543344333355434443333322222223235656833444355432365444333333333333333333333333344444444444433444444444444444444444444444444444
12453234899533445543455434665445556744543675365366566565435533544655432234454344333455333464233322222223444469744555445422355555333333333333333333333333344444444444444444443444444444444444444444444444
23664344489974556664444444654464557654434553563455566455434543345645643554444344343344453555433322222234444466333455544532355455433333333333333333333333344444444444444444444444444444444444433444444444
32465433238998757864553554654555556554367755655775466445543553236766434443343443223232464554443222222244444553442344455632255336543333333333333333333333334444444444444444444444444444444444344444444444
43453443237999867874554555664355546564247655545665456334554355334685444333343433345333124355543222222344346766775444336642135546643333333333333333333333334444444444444444444444444444444444344444444444
55444343365479997554455555664455556565446554565545445445654335434664354454343234554355334333443222222334565445566444434565334456654333333333333333333333333444444444444444444444444444444444444444444444
55444344554445998543355444665444465465446322466545445554554444544555444454443444554444323333343222223335654334446534532355434445654433333333333333333433333444444344444444444444444444444444444444444444
54444445543453599953334444665434356555446433445665567624334323664545544455432475444455333344343222233333444444446643442257845445655533333333333333333333333444444334444444444444444444444444444444444444
32355544455665558996443454665675345445455467655544555423323323445544444444433445555434543344443222223334424555446875554448854335666543333333334333333333333444333344444444444444444444444444444444444444
43333355555555546999643354565456345434465445555555576542222323434434545545545446543443444332353222223334323334444664444446743235676544333333334333333433333334333344444444444444444444444444444444444444
33333345775455556789964335665446445555564224444235555665322344445534444556755346533444554323443222223334332222334654454444654344466555433333334333333433333334434444444444444444444444444444444444444444
33434436764444565667997433465345444465445433433544444555763344444443344455656445334433543334553222222333332233334755676445555545455355553333334333333433443334444334444444444444444444444444444444444444
34323567634555665565699743255346544356446663442474333343443444433234444345456554334333444333354322222333333444545667886445645666454355553333334433343334443334444344444444444444444444444444444444444444
33554456543544654434369984456898545334445366444354432443433334543223434445556564433355567764454322222333334564555565567655764545455445654433334444444333443343444444444444444444444444434444444444444444
45554554433465543355335998556677566433333346434233333332345543343333343344555456653554443442345322223333344444444455545655675645565445555433333444444333443333334444444444444444444444444444444444444444
55444556644554554353332489955535666433334445456554455334564443234434444444455544446643334432234322223333444444444445555534577755545555554443333444444344443333334444444444444444444444444444444444444444
55544565544433454443332248997655556543344354466654345433454454445534447644445554334554222223333322223455553344444443445676578865545534454444333344444444334333434444444444444444444444444444444444454443
