56521122221222366755422333123311233322232232235534443334586455445688888888888888888888888888888888886555677777888876534432232322322232223578888888888888888888888888888888888888888888887777777777778645
57521222222212467743332333222222221222245443223333332233554333333478888888888888888888888888887888887655677667787764334432222222332324323588888888888888888888888888888888888888888888888778887777777775
57521222222221247863323223332332311322247532223542321234653333322477888888888888888888888877754788864555766566688644334333343222233335422368888888888888888888888888888888888888888888887778888777777754
57522222222322247885332223331221212322147522233543222323463222222346888888888888888888888888864688865555556777778753332235442321332345444468888888888888888888888888888888888888888888888777877777777755
57522112222211487875332233222221112322247532233333222222322111223224678888888888888888888887864688875433346777767754333235333331223343335578888888888888887788888888888888888888888888888777787777777776
57522222222221257633322233223422221223247532222332222222353111222123678888888888888888888887864788864323346875434444333334322321222222223788888888888888886455678888888888888888888888888777788877777776
57522322222222247333233332232422221122257532222332222222376211222222347788888888888888888888864688643333336665332233333233332222223222222688878888888888864434347888888888777777888888888788888888887777
37533422232112235542223333332313221233358632222442222322566311123222234567788888888888888887764686543343333344453333433222333222223222224667657888888888753333336788888888777656888888888888888888888777
57534543443234434443433343442225433434337642222432222323222211233221233234677888887888888887764554344443332233455544333333222222222223223354456888888888643334344687788888887655888888888877778888888777
67524554555555544555544454544455544445437633333533333344333211133222343333357888886657887677774455444442222224467543343442122222222233322233456888888888754333344585688888777645888888888765676888877877
67534444444455444444444445434555555555555533445544545555555444454555555555467777775445666457775346543532222235444432342332114322224222233333356888888888753333446674588888777646888888788544444567756865
67534444444444444444444444444444444444555533544445445555555555555555555555566555665556555567764455555655555555555555555555445444445544434443467777787777643333356564487778777646887888776433333345534643
67534333444444444444444444444444444444456543445454445555555545545555555555555555555555555533764455555655555666555555565555556555555755555555566555555556555545455655466556777635665666554444444445444443
67533333333333334333333444444333444444457642444444444444444444444555555555555555555555555542765455555555555555555555555455555555555655555555555555555556555555556555555555677655555555555555555555555555
57523333343334443444433343344333444434357543444444444444444444444444444444444444444544554455765454455555555555555555555555555555545554555555555555555455555555555555544555577654555544444544444455555555
57533444444444444444444444443444444444457643443444444444444444444444444444444444444444444446875344444444454455555555555555555555444445555555444444455455555555555555555555577644555455444444444444444544
67523434444444444444444444444444444444456643444444444444444444444444444444444444444434444446775344444444444444444444444444445454554445554555555555555455555455555555555554577653555455544444444444444444
67523433334334334344444444444444444434457533444444444444444444334444444444444344444444444446775344444444444444444444444444444444445444444444445555545444444444444454445555577653455454444444444444444444
67523433333334333333333334334443343344356643444444444444444334344444444444444444444444444446776444444444444444444444444444444444444444444444444444444444444444444444444454347643444444444444444444444444
57633433333343333333333334333433443443357643444444444444433334444444444444434444444444444445776344444444444444444444444444444444444444444444444444444444444444444444444444227643444444444444444444444444
57633434443444333444433334333433333444457633334444444343333444334444444443334444444444444445776444444444444444444444444444444444444444444444444444444444444444444444444444457653444444444444444444444444
57633333433344444444433444444444333343456433344443344333333444444444444433333334444444444445876444444444444444444444444444444444444444444444444444444444444444444444444444567654444444444444444444444444
57633333333333334343333344443334444444457533444444444343344434444444444443344434444444444445876444444444444444444444444444444444444444444444444444444444444444444444444444567655444444344443444443444444
57633433344343333344333334344343444444457543433444444333444443444444444444343443444444444445676444444444444444444444444444444444444344443433334443334444444344444434444444577654444444444443344444444444
47523443444443333433433333344433444434457643433434334433444444444444444444433433444445444445776444444444444444443444444444444444444444444433443444333434333334444444444444576654444444444433444444444444
36533444444333343433433343334333443333457643443434434443444444444444444444444444444444444445776434444444444444444444444444444444444444444444444444444444444444444444443444465554433334434444434434444444
57633444444444444444444444444444433343457643444434344443444444444444444443444444444334444445776444444444444444444434444444443444444444444444444444444444444444444444444443477654433333334444344334434334
57632444444444444444444444443333344444467643434433343344443444444444444444444444442123444445775344444444444444444434444443444444434334434444444444444444444444444444444443588654433443443333333333333333
57633334434444434443344434344333344334467643444433443333333334444443443444444444441254444345776434434444444444344444444444444444444333344444443444444444443433433333333333588754443433443333333333333333
56633444444444334444444434444344444444347643444444443343333344334443343333443444441355343344776534443444444434444443444444444444444444344444444444444444443333343333343333577754433333333334334443333333
56633444444444444444444444444444444444326643444444444444444444344443444334443444442445345444776533343334444433433343443434444444444434334443444444444444444444444444433433577643333333333333334444433333
57633444445555555555554455555555444444357643444444445444444444454444454444444444444546445555676534434434444434444444444444344444444444444444444444444455555555444555444444587553444333334333344444334444
67633444444444444444444444444445555555457643544444555445544444444444454444445445544636434455676545544444444444444444444444444443444344444455545555556666665565566666654444587564444444444444444334434444
36633433444343443343444334444444445555567643655555555555555555555555544444444444544635534244665455555554545555544444444444444454454455555666666677766666666666776666666544687664444444444444444434334444
26533433334343434444433343334443444444457643554444445444555555555556555444444456533523534123555334444555555555555555555544445555577777777677777777766666666666666666666665687763444444444444444444334333
57632333334344334444444444444433344433357653444333344444444445555455555555665578533423533122333223334344444454444555555567767877887777766667776667666666666666666666666666676653434444444444443334333343
56632333444544445333443544544444444444357643444334343333444334443334444444555688634552432222222223345333444454444455677788777777777776776667666666666666656666666666776666666653333333333344344433334443
56632333433344444443444444444455444444457643444444443433334443433333333444345656533663532334455454566444444445777545777777777777777766666666666666666666555566777666677666556664333433333333333333333443
46532232333343344434444444444443333344457643454444444444445554444444443434335533423665634346777666777676668888888634677777777777766667666666666666666665555556677766666666666776544443433334333333334434
45432233322333333333344434333334333334447643554444454444444454444456544455557656555578545556777777788777888888888734788887777777666666666666666666666555555665677776666666667777655454444444444444444333
22332332332233233333333333333334434334326643445445444444444444454445444455457776765677323456666766677777787787778744788887777776666666666666666666666556555666788877666776667777655444554554544444444443
22223323322233334333333333344445434344447643344344554454444444444444344344467667764774311223344433456666677677788735887887777776666666666666666666666566656666788877666666777777665554455545555555554444
22233333333333333344433433344334344444457753344344444444444444444553344443466666665465211222222222223566567666777747877787777777776666666666666666666666666666787777666667777776665555445555554445545555
43444333444334334444333433433334444444457753344333544444444544433444444444566666665344311122222222222465566666777646777888777777777766666666666666666676666666777777766666777776566544344444445445544554
55434333334444344334434333443333443333447632333333454444444444443344444455666676555443222222222222222255556666777647778777777776777766666666666667676777666666666777777777777775467544444444444444444444
44333333333443344334334333344333333333446543222333444445543344443444444535766665555422111222222222222235566666777757788777767777777776776666666676676676567766666677777777777775257644455444444444444444
44444444445544444443444334444434334333346533121222334434443334333433323546666555555533211222222222222224666666777767888777767677776777776667666777776676567665556777766677788764147754444444544444444544
44444445445445444444455444333444334443346543232223333333333322343334434566665555665544323212222222222223566667777767888777666677777777777777677767766766567655556667655677777653126764334444444444445544
43444433334444444444455543333444333333334334333233333223344434444444434666765555555443224321212222222222566667777767788777776777777777777777777666667765566655555566555677776542025775444444444444444444
33344433444333444444444544454444443334343333333333333343343444444444434666655554344332214421122222222222466677767766677777776777777777666677777666666555556655566566555667776431246786454555555444444444
44433344333333444544444444445444445444445433433233433443333444344444434666655555565422213431122222222223576677776656666677766777777777676776776666655444556556666665566567765421346887444444545554444454
44444434433433333433333444344443444543455334333343333343333333344334434576655557422222112431112322223335676677776656656666667777667766677767776665544444555666666666666667665323334777644434444444444445
34333444433343333433333334444434445544455454344443333443433344333322333466655564100111111431111232333345666677766655566556667777667666666666666555444444555676766666666666664333434667654333333333334444
44444333443344333443444445445545455344455445444433354444444443324344443366655572332221211332111233343345666777765666566555666776666766666666665544445434556777777677766666664354444556654433333343333333
44444433344345444444444444545444454444454445544444544433444443334443343466555464553221121242111133443455766777765655566555666677766666666666665444444334566777777777766556753553443446754433433333333233
45544444333444434443444445444444344444444544444444434433354444343243333466555455433221222231111113444455666777655644566656665667766676656655554444433334578766777766665557754643443346864444443444433333
44444444344443444443443455444444454333343444334443334433344442232233333365455555323212323121111111443445666777655534566666655667766666665665544444333344689877667666665568756633444435774444443344433333
44444444344333334444544455554444454443444444333444434444434433333334443365455654233113522121111111233344666777655534566666655666766666665555543344454444436977666666654588757643354334775443344333333443
34444444433333433344554445555544444444444554434444444444444444444445544465545542232115511442111111122334676676555534566555655666666666665655445566554444322787766665545788656643454334676545443333333334
44444444433434443355444333555554445443345444444433444444444444444444466566775533221145411453332111111234576666565445655555555666666666665554456666544343221398766665557787556644333344567655433343443334
44444443444443334454444333555443222223444334444434444444444444444455576555567542121254211442343211111123467666565456655555556676666667666666666655433332211168766666667787567643333444456655333444444433
44544444444444444544444444444443222334443344444544434444455555544455455875544531331432112432432233321122236666665455555544457876667766667767666544433322222248876666777786567643333433335655443334434434
44444444444444444444444444444444334444434444444345444455444444444555447997444434433311123332333435543222213554444355544334569987776777777665434454332222333215877677777876457643444555424444443344344444
44444434444444343444455443444454434443444444444344455545544444443444447898765445322323333332244444544553322233334344443334459977877887676654333333222344432112877777777876456643444455532433444453444434
34444444444544444444444544444454344433334444443344445554444334444444336788764433311134445433245445453443422454333454433344448977767887433433333332334444432124787777777776566643334344432323224444444333
34444444443344444445544434444454444444444445433334444454444444444444334444233354211334444422344444443333332586654665544554436765655764322222333333444444433333577767877776677644344333333212212344443334
44343433333444444454544455334456554444554445544555544343323344433334432322132244321344344433445444434333332443433776554544323344444443322222333444444543334443458777888887777643344334433311211344433443
44433433433334444454455543444445555444543444534444444433233333333344433222322222321334344434545544454344332343442476654445422233344344433433334433344333334443335778888887777642354334334321222123433333
43443444333333333433344544443444445433323444433333444434444433334444334322111112212343343434434433444444445443443266655555443433344334433443444444434433344433333688898888776642333343334433222221232333
43443334333433334443344444444433334433344443334434444444334434334434444332211111143434344533444333334544444444444257665555544544344333344444544443333433334433433378898888866531133332233343433234223332
43444344334444344443434444433333333444444334444444444433344444333334444442110023334434444442334333333444444345443247755565444453344334444544433433333434443333332248898788865531133222343343433433333343
43333233333333444534333333334333423444444444443443444444444433444334434443211233333444454434433433443434343444444337765565444433334454435433334433334433443333333337997788984431233223333333333443333443
32243333333433334434333333444334444434334443443334444344444444444334534454443333444433333334334644443344444544443336765565444434433443332323333333333333333233333335998888895332233334233333333333333333
33334343334433333333222333444333444434433445544444444444344444444344544554433343444334334344444444444654434454442234765555444334434323333322332232333323333333333443898888898332333332333333333333333333
33333444444444444444333333443334434444443444444443344433344443443344434444443443343344333334443343334544334344442123765555444433323332333422322122333333333333333333599888888743333332333434434333233333
33344344444444554433333333444433344334333344434544444444433454344343454334443334333233344334443333333343365334322223666544344432333343334322122233333333333333434333489888888863333333433333333333343333
33344434333444343433543343434433344444433344444443434443443353333344344344343344343333565333443444444443354433332224767655333434322333333333333344334434333433344443489997878764333333433333333333333333
33433433223444343433553444433344334444333333343433443333343333344344344333333343444333344333454444444333454344332224777766433345334433344333444434333334434433444333469997777665433333333233333333333343
43433344333333343442553433443344344444333443444434443334444434444444444433334444444333544434554344443344343444432223677777533454434433344333333333343334443333443334469897566665443333233333333333333333
44444454433333334343444333344344444444434433443334333333444444433333333343334434444344444454454433443343344445432222677777643445433433443333333443343344333333333333479997567655433233333343333444333233
33333444334434333333333443444443233443444344343434334444443443333444333443444356544445444344343323333323454445532222677765653334433333343333334543333433333344343334488888567654433333333333333333332233
23344344433334443444333434333332332343334344343333344344443444434443333443354345444465454444333333222334655444432111576655432244433333333433433522334334443335444433688888788753433333545433434443333333
33443454433334444433434433433333433344333334433343344334544434434343333434443234334454444454343233323324634544233311376553221122333322334523433323433234444334464333888777788764433333366434344333333333
34333443333334334433443334434333344343333433333443333333543345433443344334443333433444343443332344333334522444343432256543345411212112222324332223322233323334444335788657778764332324344333343233323334
33323343334343333333433334434443333333343333333433332233432233344333345333334343334434333354433454434444332444321232135544355311111111221233221222212332323334333237787645878764223325432333332323333344
44334344333222332334322334533443333434333333333333322233323333342254346333334343333333333344333564334433333433322211125554343331111111111112322211223222323223212167887522777764222112221222121212233233
33333233333322233334423233333333333333334334333223333323333433332233334333343443234333333333333564444334313312221132116764334452121211113521111112112211221222133278886311777764111111111111111111122231
32323223323332233344433333333333323322344333333333333333443343443332234333343553333333333333333463434333223211211112114664445432222111114631112102112211231321133478885212687664111111112211112111111145
32333333333333333333422333323333333333433333323333433543333343243544344334333333333333333332334432432223222111111121103654543332103112012222211102101200244731211666775212577664112101211111025114211122
33333333333333233333432333333333333433443332223444345533333443244333443234332333333323333333324332221223121111221121112765543223112111112112332105314212253521464665554212677775311101111111024134301343
33444333334433333333333343333323344323333323234333344434334432444433333234332333333233323333424333221211111111225420102776653122222112434225522114315223355464456654433223677765531111111111242144311222
33422333333333333233333343444323334333333333333333433344334333543432333232232222322322243432333323222111111111223321113766775421144222234534634224644334554455444354322345667765322231111111122134221233
33233443334333333333333333334333334334333333343333333333433333332333333322334333332423232223323332222111111233222222324776565432134342233233435434542423343434333233424456667865212121211111125435432333
44333344333334433443333333333333343333333343343433333333432232234333333333333333333333233323433233321111222344242333225654333312222344233344445434333432365433323455524443677875332123301111114355323333
44334333333334323333333333333333333333323443333443334334432332333333343343344333333333344332334223331112232333332233146564333211232354232234443333354333344433333343225542567775333323333311212343332223
32223333334333222234323434443334344333323332343344335443443323334443332332233433333322333333233234332223333333334334444355433112233574223334433333354346432453133454332343466765244433244513214543322234
23333323433333433233433434444343344333333334443334334333345333334334433334344333333333322233333333123134333323435334443234324324332564332233433333333233333332233453333334556764233255532214234342232543
23334334433333343333333434433434433433343334333333334322354333322234344434334333332222332123333233232233233333423322434433234423323344233333422342343233454433233343333455565554132233533543244465334643
33333343333232223333333333323334433333333333334433343233333333433334355434444333343334333233333223433332332334532322334433344334433333223333332332243223333443333463326544566442234345444434433455433322
32232233233233223333343333333334433334333232433433433444333434434333345333334433344223323344343333333332332443332332444333345323344332333332363344434223335533334443447634464342343455433444333344423322
33323333333333223444443433334344444344335333444334454444333444334433334333443444343332433344444333233333333332223334633334343323333332333333353344636433435443343334554344243334443334443333333333213453
22233334443443334543333334335544333344234443344334344444344444434334334443443344333333333343433333233334333332233334544333333433333334444543533542336533444543433343343443322345243333334333333334333343
33543344343443443443333333334444333334443333444344434443333334433234334344334443333334444433433332232343333434434334333322332323333344443443334433334333334543422344233442212344563434334542343454433343
34543333433344444333333323234434433443443333354434444443333334332344333333334332334434444333332333322233334334433334344222232232333343423333334433333323233342332242333432222222543544444543333662333246
43322333333334444343333223333333443443344433443433434443333343342333344323333232234433344433333333333333344334443343344333333222322443333333333443333334334323343332323333442214433444432333232332334347
33333333433324344343343344333433444334444434444433334443343333433333434434432244334433434443323443344443333333333343233333333322222442233333333333333323323323222343433344342333344323232234233233434655
33334443433433443433443334444344554444443344445433444333332235444334434443343445434434444443433443444443433433333344243343332243333432233344332433323223223322212345432334354432553244334334333233564544
33443434544434333344334444443454445445533444444434444333332345454434445653344433434334544334444445334444434344343333333433333333332332333343333342223422322222323333224423334432333236434234433334443434
43343333344443333343444443444444443344333334444334334334433444444433344444444433433234433334443443434344434344333334333333333333323333433333333343334654332221332232232322212325533236533233322323323544
24344443433333333334443334444333443343343333334433434544434444543334444444433443433344333444344443333333333333333333333333333233344433333333423333333332332222222332333322323334433333543332333243333334
34434433333333233334443334333343333333444343332333444443434543433434443433322345444343444444334433344444433444333333334433323234444333334334333332344223322333333233233322233433233323322322233343333322
33344333333333233333433443333333443333443443333344344443444443333433333333233333443233334333334444333445434453332333344334433334443234335444333333344223233322332323233122333344322323322323234333333231
