64212222222223677543232222233333123222665322334333222356433333335888888888888888888888888777668888655456665667876443443333332223333453235788888888888888888888888888888888888888888888887777777777777532
74222222222212578733222333223222123222663222335332223356633322224778888888888888888888888887448888545566566777886433333344423223333454334788888888888888888888888888888888888888888888888778887777786455
64211122222224778854222233222221133221674222333322222234422122232467888888888888888888888787537888654443578788786434322453333213334443445788888888888888888888888888888888888888888888887778888777777665
64212222122115776543222332232222222222664222333322222233311122321246888888888888888888888787548888643333467765565433333443223212222322357888888888888888866777888888888888888888888888888777877777777766
64223222222222663323333322233232211233674232233222232224731112222235688888888888888888888787548886433332478743333433333333322222222222247888888888888888644545788888888888888888888888887777777787777767
74223222321122664422333323223232212233674232234322222335852112222222466778888888888888888787638875333333445543322333332223322222232222257786688888888887443333578888888887777578888888888777788888877767
74344333321232344322233334222242223343675322224322233234442112322222333567878888878888888777647543434433323345544443322222222222222222345654678888888875433343457878888887766478888888888778888888887777
73355445444554445444344445433454344352375322334222233332322112321212432334688888877788878777635543435323232344675443334322222322222332223334578888888885443344446757888888776368888888887667778888887767
74344444455554444445444554455555555555564333445333454444543222434444444434678888854477864677643554435322222345654333423311232222222323332333578888888886433334456747888887876478888888875546567887677667
74344444444444444444444444444445544555554345555555555555555555555555555555666666655555655677644565546433333554444333444432353222252223234324678888888875433334575636888887776478888887863344344675367446
64344444444444444444444444444444444444565344444544445555545555555555555555555555555555555567535555566555556655555556565555555555465555555545666666666665443334555544766677775377767776644343333444344334
74333334434333444444444444443344444444665334454444544555554454445555555555555555555555555237544555555555555555555555554555565555566555555555655555555665555555565555555557775455555555555555555555555555
74233333333334333333333334443334444344665334444444444444444444444444444444444445555455555457644555555555555555555555555555555555556555555555555555544555555555565555455556776455555454455444455555555555
63233444433444444444444444444344444344665334434444444344444443444444444444444444444444444577644444444455555555555555555555555544445555555544444445554445555555555555455556775445544444454444444444455445
74344444444444444444444444444444444444665334444444444333444444444444444444444444443444444477643444444444444444444445555445555554544545555555554555554555555555555555555556776445555555444444444444444444
74243444444444444444444444444444444444565344444444443444444434444444444444444444443444444577653444444444444444444444444444444445544444444454555555544544444455544545555556876445554444444454444444444444
74243333333333433433433444444443443444665334444444444444444443444444444444444444444444444577653444444444444444444444444444444444444444444444444444455444444444444444544545776444444444444444444444444444
74243333333343343333333343343334434434665344444444444444433333444444444444444444444444444467753444444444444444444444444444444444444444444444444444444444444444444444445431575344444444444444444444444444
74244334434433333333333343344333334434665334444444444433333434444444444433444444444444444467753444444444444444444444444444444444444444444444444444444444444444444444444442565444444444444444444444444444
74233344334443344443334443344443334444664233444333433333334433344434444333333334434444444468753444444444444444444444444444444444444444444444444444444444444444444444444444775444444444444444444444444444
75233333333443444434334444443444433344764334444344443333344444444444444333344344444444444468753444444454444444444444444444444444444444444444444444444444444444444444444445665554444444434444444444444444
75243333333433333433333344433344444444665334344444434334444344444444444434444434444444444467753444444444444444444444444344443444443444444443344444444444444444444444444445776444444444444334444434444444
74244333443333333444333434444344444444675334344443443344444444444444444443334334444444444457753444444444444443434444444444434444444434433333344434343343333344444344444446776444444444444334444444444444
64344444433334434334333333433334443344775334344343344334444434444444444444444344444454444468764444444444444444444444444444444434444444444444444444444444444444444444444446656543444443444343444444444444
74344444444434444444344433444344433334675334444444334334443444444444444434444444443444444468764444444444444444444444444444444444444444444444444444444444444444444444444436665544343433344443343344343444
75234444444444444444444444433334433434675333344333434444444444444444444444444444434344444468743444444444444444443444444344444444444444444444444444444444444444444444444436776534344334443433433333343344
74233444344444444434444343433333433444775334343333333434334443444434444444444444445444444467653444444444444444444444444434444444443333344444444434444444443344443334333346876444344334433333333333333334
74234444344433444334443334444434434434775334444444334333333433444334333334444444444443333468764444344443344443444444444444444444444443444444444444444444333334333334333336876544333334333333343333333333
65244444444444444444444444433444444442575334444444334443444433444434433344434444443344334458754334333343444444434334444444444444444333344444444444444444444434444444443346775333333333333333344433333333
65244444444444444454444455554444444443565344444444444444444344444444444444334444444444443236764333343343343343344444434344444444444444444444444444444455455554455555444446765434343333334333444443444444
75244444455555554554444555555555555444675344444444444444444444444445545444444433544444442344764344344444444444555544444443444444443444444455555455555666555666666666666666665444443344343334443343444444
64233334444444444344444444444445555655775345545555555555455554444444444444444432555444442564575454444555444455455555444444444434444444445555566677776676666766666666666666666544544444444444443343344444
64243344344434334444333344444444445555775346555555555555555555555555444444444442466544443446365455555555554554445445544444444444444555665777787776666666666666665655666666666665444444444444444433343334
64233333334443344443344443444434444334675334443434444444555555555555555555555454256654445547454354455445444443445444555555555444456778877777776666666766666666666656666666666556655444444444434433333333
65233434344443443344445444444334443334676334443433334444444444444445555556665557435676545536534354344434333333445443444444455554687777776666776666666766666666655566666666666655566444444444433333344333
65233334344444543434435444444454444444676334444434433334443344333334444444444446734566655544635443344433323334556443444445788744666777777776666666666666666666655566666666666655556644333334333334344433
65233333333444444444443344444544434444665334544444444443445433334344433333333434654445544522634432345555656555767665657889988734677777777766666666665556666666555566676666666665556665333433333333333434
64312223334333443334444444434433333444675335444444444444555544444554444443443333456642212444434321356777877777877777888888888635788877776666666665555556655666456656766666666666667777543443343334443343
43313232223332333333433333333444343442575335444444544444444545444554445554545544445653111454344432236887877777877777878777777636888877777766666666666666666665556667777666666666677777644444444544433333
32223232222333433333333343443444333443475334443455445444444444444443444544544444445765434465442322223776766667777776777677788537877877777766666666666666666665566667877666666666777777755555454544444444
22332333323333333333333334443444444444676333434445444444444454444433434434443344344586677567531111222566656666666666666666778458777777777776666666666666666655666677887666666677777777764555445555555554
23333333433333334444334333333334445444676433433344444444444444445444434434444534434457877677421111222565556666656666666666777467777777777777666666666666667666666688887776666677777766765455554454455545
44443343433444444444333344343344434344676323433345443344444444333444444444434544444446776467321111213665565665666666666667776477777777777777666666666666666766766777777777766667777766775444444454444444
43333333344434433343433334433334433344565323333344454454434445434445444444434443444456666546422111125666566666666666666666776577777777777777666766666666676667676666777777777777778756876444444444444444
43334343454434444344443334443333343333564321223334343444434444434344354334344333443566766645532223246666666665666666666667776678777777777777777766666666676676666666777777777777777642686455544444444444
55444554554454444444443343334343443433564321222233443333332333334343345443444434444667666654421354356556555665566666666677776688777776777877777766766777776776566666777776667777776531586555444444445444
54443443445454444444554433334433344433554333322333332333433234443344443443433444334666556654432443245555545555556666666777787788777777777877776777767767767765566666666666677777765432586553434444454444
34443333444344444454455434434443433343332333333333322333444444544444333434443433335665556665554343223443445445556666666777787778767777777777776666777766667655567666666666677777654421587454444443344444
33444344433344454444445444444443444444443333233334344434334444444443334444443334446654456655644444212334554455666666766777777777667777777777776667677766666554567766666666667776543311797455554454444444
44333443333333444444345444444334545444543334323333244333333434443444344444334344446655555554423454211334444555556667666777776666656667777777766777777666655444567766676666667765543203986454455444445444
43444343344334343323333443444334444434543443444433334343333434432233344434444444447644434443233454211133344455556667667776676655655667777767666666677666544544567666777766666665432115886544444333444444
43333444334333334334344444454444555545545544444334434334344443333333334434444434446644455531233344221134344445555666677766677655655677776666666666666665445544567666677776666665432125886443334433344334
44433334433444344444444454554445543445544454434444544444444433444444433444433343445645521112233234221124445455566666666666776546666666677766666666666555545534578666677777666665321126876443333333333333
44444443334444444444444454444444444444444454444454443334444443333434434334344343335545312222333334322114444555555666666666764457777666676666676566555554445434579766777776666665311148875544333333333333
44444443344343444334444554443434443444344444454434343434444433322422323333343343335545346443334543332112434444455556666666763467777766566666666666555455544445679766777766567764211388765544434454343343
44444444444444544444445554444435443334444543344334344333333323232334333334544444346544555442334443223222333334445556766666664677777776566666656655555454455556676766677655577763114887655434433343334344
44444344433333343455445455555445443444445444344444354444444344433444323456634444456455543432345423123333223334444556766666656777777776566666665555555555566666775876666555678754368885455343333333333343
44444443324344334444443455555444454544455444444444444444444444444445444555543455445555443432364213124433323443444545665566657777777766667655566565555666777676654544555556556666788764454454333433333333
44444443344344335544443345455433333333444444444344444444444444444445555655455454555565433322373123133333333333444433455555556667776666677655666666666777777666643222221222333455666444544443344444433433
44444444444433445444433345444431122344433344444444444444455444445545544544445564567664332223562112243344334433444443333333345566666655688766777767677776676666532375433222221233443444643333343454453344
55445444444444444444444444444432343444334444444444444545455555445554445455554455579964332323430032344555433334444333343332245555544445579777677777776556777654322276667655543222322434543433333443444454
43443444444433334444444444545443344344444444433444454544444444444454445454455444556787433334310152445544333333444333343343356566543334448667678766674345665433222277777677775311113423444333335444444455
44443344454444444444554444445544344333444444433434555455543344444443444444454444655555555434310352345443233444333333333333366666665454324555568743333345554222233367766787765211114333444334445444433333
44444444444454444454444445445433444334444444333444445544433444444433445444443344876654453212101532443333222333333333333333466666764553122223345533322234433334454347667887544211123333344444444444433344
44544444334444444554444444445555445445454554333455444433344444444434444433333334888864332223202623433333223333334433343333676767754432223333344443445333343335444435765543334311122333343344334444334434
44334333334444545445455544444555544455444454455554434332233333333344344443333444877745654232125534443343224344433333333334776667545422344333344433444343344334333333766665543321122365444443444333344333
34334333333444345444455334334455554444344344333344444333433333343443344444444444553434752111144545444453344434434343443346777676544322344333444433443334444333343323578998877322223795443333343444233333
34333443333334333334454444444443443323344433343334444443444333344444443444444445330132541112343333444444454444454444534457777675443222344445445443344333433334334333378987788412223996443433333434334323
44333433344443345344444444443334444334433443444444444443343433333344434444444444411321212113443233445444444454454444445567766674484233344344343333334334333334333332269987888612225965434344333433334344
33333433344444444333443443333333334454444444444444444333444333443444444444444333433110011123444333344333434454344345444666766664494232344333344333334344433333333223249977888822225533433333244434334344
33322333333343344443443333433443344444444444333344334444443444433344344434444344444322212333354344434444445444444445446788665553374211333233443333333333333333333332238978889833224334333333333433344343
33433333343333343333333444433344443343344445443444443444444444434454345544434344443333333334354344435444445444444344447788775344463211333233223333333233333323334333337888888963323333333323433333333333
33434334344333333332233344333344344443334554444434444434444444334444445444334434433433333444333443445543344444443443357778874433362222333233222233333333333333333333334898888884224767644453333323333333
34444444434445444343333345344333444334334443444333443443444344333444343344343333433433333443334334333433543443433333257777864322242333343212222233333333433343333333333799888887325988853333433333433333
34543444434445443344334345444333443443334444444344444434334533434435543444333443433233653444433344333335543433433333357666655332232333343322223433343423333333443433334599888777424888653333333333433333
43443333344434433355334443333333444343333434334334344334434333333433433333333444433333543334444434444434434444333343347655433442332233334434444443433444444334444333334389868775422889763333333334344333
33333332343444444346434344334434444433333334443444433333343343433433443333344444333344434345543444343334434444443344335544444433452233334333343333333354443344433343334379856666522688863333333333333334
44345543333334344335433344433333344343344344343443333344444444344444343333344444443345444445544334434344344443663344423444565443342223333333334333433444333244333343334479756776522498753333333433433334
44445443343343433334343344444444344444333344334433344334444433334333334433434454433543434544443444323335343433542234322235665664342223333333344333334333333333333343334358856766422268753333334333322333
33344443343443333433334343333312234444444444333333443444334434344433334334534564445544433443333332223346433423332245322225666677653223543343344233333344333444433333333337877765422238853333443333233332
34434443333444444433343343333334334433443443333334443454444443344433334334533443445545444544432233222354432311322225222224566678874224633232333334323444333444423333233226778875322226953344443333433333
43345443333444444344443343333334434433344343334443333354444443343444344344423343344434444433333333332343432211423335222325566677644334632232222333322333233343333233212224878876332223853224333233333333
33334433443433343344433344333333433333334333344333333344333443344433443334434334343434334433234443344443221332443344223533556666434445432232332321212222133343222332211211788865242222652233222222333433
32344434333333233343233354345333334443333333344333213334233334333433543333444334443343324442346443343532122333332334213333344664344444442221222211221223122232111231112311688765222222442221111122323434
33333433332233333442233343333333343333433333333333332333343334324534533333334433333333334432237443432332333356344333223532333443455444442222222221122222223321211231111101687765211222331111111112323123
22322333333223333353332333333333233223443433332233332344343333333323343334445432333322333333336543443354334445333423335532323224665334346332222321131123434322521231112211687764211222331111211111222223
33322333333323334333233333233333333224333333333333344333324434334333443343344433334333433333335334332344332344343333224322323322353234346431221220133223366233321331132324787663331222432311221111112145
22333334332333333244223332333333343344433332233344354333334423444444433443333333333333333333443234323232323443333333322322343222332233323322221341133333455234322432332433787764541223533311211231111124
33433333333333333333334233333333443334332222344333554343344334443344322433234333332332323232333323223323332334543332323333333332322222322243220352353433545443533543342434777765412223532221212221111211
44343333443333333333334333432334432233333333333344443433443245344333333333223232323233334233333333212323332333543323223333533322332322553465321454433345555645555433335445777764423224532121111111111122
33244333343433333433344334443333433343333333333344333333333344333333322223323233232222333232333323332322333333433333334344645434643332333344343466333345334544333444436546778753342235631111232332101124
33333433343333334433333333333333433333333334333433333234333333333333332223343333342222332243333333333333344633323433333343334333444323323333454344334335433343334454445435778753322246641111354621111224
43333433333443344334333333333233433333334433344333323334323223332333333334333443333333342333422343223333233433233433233332222333323522333334433434443335433343435444454436787753431357631211223411122322
33333333333432223333343344333333433332334323334433433344333233333334333323434333333323443323432333332333233332333322322332321233336532323344333335534543335322334434345445567633422146531210243323122323
22333333433332223343343445433434433333333334433433444334433333444443233333333333332333223423323322312433333233343332323332332233247432243344333333323443334323335433334345567542423555422322344222134443
33333344333344333333343444444434433333333343333433342235543333333343343433543333332333222323333322322333332334432243233333453322334533323334334323322334443323435333334556566422214554442312535432355333
33344344333333343333333342343443343333333433343334332333333333333434443333433333323333322333322333323334233443233233443333333353433332333333233323322344344333336333544556654313432444454333335643343323
23233323223322233334333233333443333333323333344334333433334334333334543343444334433342333433322343333334234344232334343333542333433332233324433323422233454233335332575356544224434653344343334553332222
23323322333222333333433334433344334443433233343445444423333443443333443334444334432233333434333333333333234222233354333434542333433223343324524463442333554323434344654344433444434543343333323332234322
32233433343332354444333333444444434432543334443435544433344433443333443344334444333334334334333323333333343222333465433343333333333333434354334333563334454343334324434333324433333334332433333332335322
23333444344334444333333443454433333434443334433434444443334343333343344434334333333334334343333322334333333333343444333233333333333444355333344333443333445344234433334222234546443433444333334442333333
54333434334444443333333333443434334444333344444444444433323343232433333333434333333443443343333323323333343443333433422223322233233434233333433333332332434333224334333222223256344443455233357333334564
43323234334434433333332223443344345434344334444343444333344333323433333333433233443334433333333333233333443444333434532223323333334333333323344433332332333224424223332233212254355443344322244223423663
33233334333443434333333333233334343334443344443334444334333324333334443343323333443333444333233333334333333343333423443343332222235322333333333333332333332334324332323434222333332332223323333244344564
33343344343334434334334443443444433444434443444333333333333344333343343443224543444443344343344334444333333332334423333333223332344323333433233333232332233222224444323435433345433333333533333245355456
33444344444344433334432444444545554554344444544344433333223555443444445334444443443444433344344343344344343334433433333333223433333223233433334322232232232232333433242334454234333553422343323446443444
34343345444443334434543444445444443453333344433443433343334444444434455434443344323454333444444442444453344443333333343333333332323333333333333322355333222233223222332222232343332563332432233333344343
34334434434433333444433343444345334433333333443333443454444444443333444444344343333342333333344333333343343433333333333233333333343333333333344333344333322223223233332232233453432454333332323333343433
43444343333323333344333344434334433334433333333344444343354344333344344433244544434444344444444333443333333433333333443332333444343343333343333223323232222333333333333232343322333334232223324433332333
43343333334332334344334433333334333344334333334334444433344333244334343323234444433344444343434434334553344433333333443343332444333332443433333333432332332233322322312223334433222332132323433333233133
34433334334332333343444333333344334333344343434444443433434434333333333333333334433433333333444433345444434433333333443343333444423543464433332434333333333232232333322323333343243333332323434333323212
33333333334433444333433344343343333443343345433333343332333344323334443333333344444444333333333344443333332433333234432344444442233334554333433433433332332233234423434333333334444333331323244343222222
