66321222221222467655323332223212333322232222246444343344785555455788888888888888888888888888888888875556677778888876445432233322322222233688888888888888888888888888888888888888888888887777777777787554
77421222222123667633323332223222322322244332234333332333654333333588888888888888888888888888888888886556676677887754344332222223323233234788888888888888888888888888888888888888888888888778887777777764
77422222222221367743223223322333212322266432233533322335643332323587888888888888888888888877645888755556766566787543344333332222333345323478888888888888888888888888888888888888888888887778888777777743
77422222222322267873322233322222213322266322234533223334653222222467888888888888888888888888744888755556557777788643432244432321322445443578888888888888888888888888888888888888888888888777877777778655
76322112222212687874322233222221112322266422233332222223321112232236688888888888888888888878754888865433357778778643333244333421323443345688888888888888887788888888888888888888888888887777787777777776
76322222222221377433322243223322221223266423222332223223441111222124788888888888888888888878754888853333357865444443333344322321222222225788888888888888875566788888888888888888888888888777788877777776
76422322222222265332333332324322221123366423223322222222584111222223367888888888888888888878754887533333346663222333333333332222222222224888878888888888854344468888888888788778888888888788888888887776
67433322232112155432223333422213221234377422223432223233664211232222244667888888888888888877754876443333333444542333333222333222222222235677568888888888643333357888888888777657888888888888888888887776
67435433442234334433323333432235333435257522223422223323232211242222233345787888887888888877764653343533332234555444323333222222222223233454567888888888543334344777888888877647888888888877878888888777
77335555555555444545444555544455544445347533333533233343332211232222343333468888886668887777764454443532223234576533333432222232222233222233457888888888644333344775888888777637888888888665767888878776
77434444444555444444444444444555555555556434445544445555554433454545554544467778875446675467764455443522222244454322332321124222223222333333367888888887643333456674788888787547888887787443545678657765
77434444444444444444444444444444444444555434445455445555555555555555555555565556665566565567764556555545555555544445555554445444436433333443567888888877533333456563687788777548877887775333333356436643
77434334444444444444444444444444444444466534445454454555555545455555555555555555555555555536753555556655555665555555655555555555556655555555566555655566555444455554565566777536766776554444433454434433
77433333333333444433334444443333444444466533444444444444454444444555555555555555555555555524764455555555555555555555554455555555556655555555565555555566555555556555555555777645555555555555555555555555
76323333333344443433333333444333444334466533444444444444444444444444444444444444445444555556764454555555555555555555555555555555555555555555555555554455555555555555545555677645555544445544444455555555
76434444444444444444444444443444444444466533444444444444444444444444444444444444344444444457764444444444454555555555555555555555454445555554444444554455555555555555555555677544554544444444444444445444
77424444444444444444444444444444444444456533444444444344444444444444444444444444444344444457764344444444444444444444444444455555554455555555555555554455554455555555555555677634455555444444444444444444
77424333443334344344444444444444444344466534444444444444444444334444444444444444444444444457765444444444444444444444444444444444444444444444455555545444444444454454445555687644455554444455444444444444
76424333333334333333333344334443343343466533444444444444444343344444444444444444444444444457765454444444444444444444444444444444444444444444444444444444444444444444444554477634444444444444444444444444
77424433333443334333333333334333443433466534444444444444433344444444444444444444444444444447775354444444444444444444444444444444444444444444444444444444444444444444444543157534444444444444444444444444
77424434433443333433333344334433333444466533334444444443333443334444444443334444444444444447775344444444444444444444444444444444444444444444444444444444444444444444444444366544444444444444444444444444
77423334433344444444433444444344333434466323344433343333334444344444444433333344444444444447875344444444444444444444444444444444444444444444444444444444444444444444444444576644444444444444444444444444
77524333333343334343333444443334444434476433444434443333344434444444444443444444444444444446865344444444444444444444444444444444444344444444444444444444444444444444444444576655444444444434444443444444
77524433343343333443333334443334444444466534434444443334444434444444444443444433444444433446775344444444444444444444444444444444444444434333334443444444444444444434444444677644444444444434444444444444
67434433344433333334433333344433444444477533434444344334444443444444444444334333344445322346775344444444444444434444444444444434444444444333444443334334333334444434444444666654444444444433444444444444
46434444443333443434433333343334443334476533434434334433444444444444444444444345444344225446876344444444444444444444444444444444444444444444444444444444444444444444444443665554434344334434334344444444
67434444444444444444434444444434433333467533444444443434444344444444444443445355444444235546875344444444444444444434444444444444444444444444444444444444444444444444444433676553433333334443344334334334
67523444444444444444444444343333444443477533334433343344434444444444444444446456544444344546764344444444444444444444444433444444443334444444443444444444444444444444444444687544434433443333333333333333
77423334434444344433444333344343343334477533444433433333333344444443444444446556654444454646765344444444444444444444444444444444444333344444433444444444433433433333433333687644434433443333333333333333
67424444444443344444444334443444444444467533444444433433333443334433433334436566764444464635876444444444444444344433444444444444444443344444444444444444433333433333433333677644433333333444344343333333
66523444444444444444444444444444444444247534444444444444444444344443443344434567764334463635666544444455444334433333443434444444444434344444444444444444444444444444333333677534333333333434344444333333
67524444455555555555554455555555444444467534444444454444444444454444554444444666774444452545445544444544444444444444444444444444444444444444444444444445555555555554444444686553444333334333444344344444
77424444444444444444444444444455555554477534444445554445544444444444554444445754665444342545324444443444454455444444444444444443444344444444455555555555655655555566665554786554444444444444444334344444
56424334443444443444444344444444445565577534655555555555555555555545444444444752333444464344223343333434445555544444444444444444444444445555566556666666666666667666666654786754445444444444344333344444
46434333334443434444433333344444444444477534554444455444555555555556554444444762111443564442233332222333434455555555555554444454455566566777777766677666666666666666666666566743444444444444444444333333
66423333333444334444334444444433444433467643444333444444444455555555555555655764213533575732343434332334523344555555555555556656776787777766667766666666666666666666666666666643444444444444443443333333
66523343444444454333434544544444444444467633444343343334444344443344444445555677457545578544335667565455533434444445555567788877777777666666667666666666666666666666667666566654433333343444444433334433
66523334433444444444443444444555444444467533444444434334334434333333333444444487776765677333345777766677655545656788744677777777767777666766676666666666665555667766666666655665444433333333333333334443
66422323333333444434444444444443333444466533554444444444455544444444443343334377667754874311234556655456777788888888733677777777777666666666666666666666655555667766666666665666654433434344333333334433
55431323223333233333444443333343333344467533544444444444444554544455444555454466666665664211222222222223577788887778734788887777766666666666656666666666555566567776666666666677765544444444444344444333
23332323222333233333333333333344434344247533444444454444444443454445444454455666666665355211122222222222366677777788735788887777666666666666666666666666555566677777666666666777775445554544444454443433
22233333222233333333333333444445434344457533344445544544444444444444344444455666776655343222122222222222256567666778637877887777666666666666666666666665555666678877666667667777776544555555545555444444
22333333333333333344333333443334444444467643443344544444444444444543343443446766665555332122222222222222256566666777647777877777776666666666666666666655656666688877666666777777766654445555544455455555
33444334443334334444334434333334444544467642343334544444444544344444444444456765555555333122322222222222246666666777557777777777777776666666666666666666666666787777766666777777656754444444455445444544
54343333334444343344343334433334443334367522333333545444444444443344444455566665556665454223212222222222346666666777567777777777777776666666666666677776667666777777777766777777656764444444444444444444
43333334334443444334343333444333333333456432222334444445543444444544445445666655556654443234322222222223466666667767667877777777777766667666666666667666766766666677777777777787546775454444444444444444
44444444445444444444443334444334344333366432122323334334443344333433325435667655543443332234422333333344566566667778678877777676777777777666666667667766756766556677777777777776514776444445544444445444
55544445445445444444454443333434334443355542222233333333333222333334434444667655545654222125421344444445566666677788778877776666777777777766776776777667656765556677766677778765412577544444444444445444
34444333344544444445455443333444333433344333332333332233443334444444444334667555566332222124421234444444556666677778778777777667777777777777767776776776556765556666655667777764312577654444444444444444
33344334444334444445445543544444443344343233333333333333343444444444333444566555662001111123421124444454566666777777677766777667777777766667777766666665556666566666655667777654212567754554554444444444
43433344343334444544444544454444444444454333323333434443333444444444334444566555732322221212321112433444567666777777666655777667777777766667777767666554456666666666666667776543113567874455445554444544
44444334334433334433333443344433444544454334333333333433333333443334444443566554645632221122331111234444566567777667665655666677777677666777777666665444455676776666666666776532123367875444444544444455
44334444333443334333334344444434445544454454444443333434433344333223333443565454554433222343321111134444566567776667665655666677776766666666667666554444455677777666666666665431233357776544433333334444
44443334443444333444444454445454554444554555444433444444444443233444433444554455554232223433321111124445666667776666555655567767766766666666666655544444556677677777776666665422343346666544433433333333
44444433443454444444444445444444544444454445544445444333444443344443443334554455542331125422221111114545666677776665445666666667776666666666666554444543456776677777776656665322433345456644443333333333
55544444333444434444444455444443444444444444444444434343444444343343333334665455432321136311221111113445566667776664346666666666776666766666555554444433467776677776776656765323433333446764444444333333
44444444344444444433434555444344544343444444334433434433444432332233332465567765432211255211321111111345566667766663356666666556676666666666555455444334568887667766666557765223444333345775445444433334
45444443444343344444544555544444544443444444344433434444434333333343432465555676421211453111332111111234566666666653466655666556666666666655555544444445566897766666665467874223453334534677655555433533
34444434432333433445544445555544444454445544444444444444444434444455543457754445413313331112335421112134567666666654566555666556666666666555555555555555653388766666554578864234443334443457766555554333
34444444333444433454443334555544344443345444444434444444444444444444555579974444444334211243344433211224456766666655676555556556766666666655545666665555643248766666555788763233334444443444654554443332
44444443344443344544444334545443222234444334444445444444444444444554554568987653453223235433423334432112334666665546666655555667766666666666667677665555432216876666667778653433333444433433343223332222
45444544444444445544444444444443223344443434444544344444455555444455444466777545433112234433422345544432222355445445555555555788766677666777787776554444322213876666777778643533333433434333333311222234
44444444444444444444444444444534334444434444444444444454544444545555444434441434743112333343423345544554332224344445444444555899877777777777766556544433222311687667777787643534444554333443333333233345
44444334444444443444454444444555434444344444443344455545544444433444444432211423533213333343444444534554323333444456544444554899888778877877754455543322223422487767777787633533444455434433443443444444
34444434445445444444444544444544434433344444443444455544454334444444344542223222322214445443444454544543322333554466655555543799777778875556434444432222333332177777777787523433344344444433444444443334
34444444433444444455444434444554444444544445433344444454444444444443444443221111122124444443444444443333322233453487665555453688766567753222233433323334334342268777887887522434444333334444434444443344
43443433333444444454444454344456554444545455444455443343323344433334444443332111122343344442445444344334323433345367665555542355454545433222223333334434334434446877888887622333444344334434433443334443
44433433333444444544455543444455555445534434434444444433332333333344334444432100244333344443335444543344332444444337665555642222233434433322233333344333334443434777888888632233443343334343344434433343
43433444333333433433445444433444455343334444323333444434344333334344334344434433443343443444335434444444444443444447766556641222343334333434444443344333344433333477888888842233343443334333333344423333
34433344334333334433344445444433344433444443334434444444344443334444444444444545543334344534444323344544445444455447776566631234444333344445544443334433343333433358899888862222334332333343333344433332
33444343334444344533444444433333333444444344444444444434344443333344444444444433344344444434443433334434344445444436776566522234343334444434334333333334433333433237898888883222333222333433333443333443
33333333334334344434333333333334323444444444443444444444444434444344334444444443344444444344334433443433343444444435776566522234333444345333334433334433443333333325898788895222453223333334334443433443
32343333333333334433333333443334444344334444433344434344444444443334434444443434444333333343336434443444445544444434776566532223334433332333333333333333333233333333898888897222674233233333343343333433
33343433334433333333223334444334434344333445444444444343444444444445444544433443443344333344434444444544444454444444766566532223343323333323322323333333333333334443698888888422675333333333333333333434
33334443444444444434333333433444334444433444344433344433444434433344434444434443443343333334433443345543344344443344667655421113333422334322322222333333333333333333489888888732474333333435433332233333
33443344443444544433333333544433343344333444445434444344333444343344544334434344332333344344443333433343464344333334667654322123333433434222222233333333333334333334369988888862254334333333333333343333
33344344334443444434543443444333344434333444444433444443433443333443453343343344343333365333544443444443454343433344778766422223333333333333333444344343333333344443338998888874233334333333333333333333
33333333234443444434643444333343344444333333333434443333443333343343343333333344444333353333444444444443443444333444777776564322333333443433444344333334444334444334335998787765223333332233333333433342
43433443333333444433643434443443444443334443444344443334344344344444444333334444444334544334454344443443443444444344777777678743344333433433433333333335443324443334333898676665333333333333333333334333
44444554333333333333443333344344444444434434433344333333444444433433333343334334444344444454544343443343444444442355777777677764333333543333333433343434333333333334433798556665333333343433334443333243
33434444334344333333334434444442334444543444443334334443444443433443333443443456544455343344333433333234543444432345666666677556433333443333334433333433333343343334343698557665333333343333334332332232
33343444333344434444333434333332333443344344333333444344433444434443333443453445444564554454333333223335654444333344666655446445433232333333334423343334433345443333334379767764333335545333344333333333
34444444333344444434434334433343433443433344333343343335544434334343433434343344344554444453332233333235535343223333566543323433443221224323333234333244443334563333334458788763333333475344344333343333
34333443333344444434443334333233343443334433333433333334443354334443444434432333434443444442323343333344413333322322365443441232443111222233332233322223323334443333442336778764234234344333343333333333
33233433344343333334433334434433333333433333333433332333422343343343354333344433544444433444333555344443423333222222255554431244553111111223322222122322223334322233231114878764234234222333332223232343
43334343433223333344223334434433333434333333333333222233323333432453364333344343333333332443333654343333324324322111136554311455453211111112222112112222222223211222121112877764222111221222222222232332
32333333333322334345333233333333333333344343332223333233334333332333343233443543234333233333333644343233224115411232127754321223454332123411111112112112232212133112111122777764111111111111111111122221
33222223233332333434333232333333323322443332333333333333433334433332334333344543233433333333243643333232232111211132116665421122545244225611121012112111232311142112111125887764112111112111122111112254
22333333333333333434322333223333333333433333223333434533333442344543343334333333333334333333344333422321122111111121115655532122454344222223121012012111234721211122111235787664234112212111032131111124
33333333333233333334423333333333334334443322234443345433334442344334433333333433433234233333334332322221111112221221116765533222242342122123321025124123343522321022111235776665333012111111141232111233
33444333244333343333333433333223444323333232334333444344334433534433333343323333332333332424333343212221111112333432225776642122231122234246322035234133354464255232212345777775421222211111341342201232
34323333334333333333333443444323343333333333333334433343344324533433332333322223332222243423233333222231111122344532226766765211243222235436543135533234545464543443333555667765323332211111121133211333
33334443334343333343334333334333343334333333433333333333333343332333333322334333323222232323233332334333232343332333226765564421253332243344445335523334443344432344544555667764323232111111135354323333
43333343333344434433433333333332343333333343344433333333432332334233333332333233333232233224333334333333334463333333236643333222233343332444455433334433563334333435534443667864332234211111124463233232
43343333333343323333434333333333333333334433333433343334433322333333443332444333333333344332333233323233323333322232255654333111332453232344433333554343444433233443445544667764242223343112012443322232
22233333343333222334324334443343343333233332443343354434443323334433433332333433323322333332332233332233333333234244454455332113333753233344433333453456332542233443333444566764342232344323135532322243
23333334433334332333434344443333443333333334433343344333454333344434333333343333333233322342333232232243333223444244432333234233323653323243433323332233333332333553333334566765342365422133243332223543
23343334433333433333333344334344333333343343334343334223444333332333444343344333332223321133333332232333333333333324443332335334333343233333322432332233544332343443333455565653232234435432253553335543
33333433432322223333333333234334433333333333334433433333333333333343454334443432333334333343332234332333423345423223344433343334333333223333332332342233334433332553246545665541344254444434333555334322
22332332332332223343333233333334333334332333334334433443334344434333344334344333443223233343333333333333333533323233534343354223343333233332453344343223346433344444357534554332443454334444333445233322
33223333333322224444444343343434443443344333444344554442333343344333344333444443443323333444444332333333333322223336433344343333333333333333443446456333345443343434554433342344443344433333333333123542
32333344434443345433333334345443333343344433343343444443444444344344334343433434433333433433333332333333334332333345544333334333333334444534434432356333444533433432333433322453433333333343333333333442
34433343434434434443333333345443333344433334443344434443333334433234334444333433333334444334333332333433334334434334333222333332323344434433344433343333344533422443333432122445743444344523434644323334
34443333433344444333333232344334434444433333454434444443333333332343333333343333334344443334333333222333344344423343342122332333333333323332334333333333233432332432333322222214534544444533334633333356
33322333433344343333333233333333433433444433444434344443333432332343443334343232244333344333333333333333344334433343444333332223323433333333334443333333333323442423223333421224334534333332233323343366
43333334434243343433333443334333443334444434443333344433433333433333334334332343344433334434323433344433333333243442333333333212223432233343333333333333233323222434332343432333343333232343233333435545
33334433434333443433443344344454544344433444455434443333332345443334334443433454344344444434334433444433434333343352333343322333333432233353323433323233223223223454433233453424543343333344332334655445
33444434444434333343344344444554455445434444444344443334322345444444445633445334433245543344444444334444434344433333333333332332322332333343333332224323223223333333235223234423433256343234333344444434
33433333443443333344444534444444443344333334443343334344434444444433345444444434332334333344444444344444434444333334334323333333233333333333333433335643332212322322322223223245333256433233223333324544
34344434333333333334443334444334443343433333334334345434344444543334444444434444333444333443344433334333334333333333343333332333434333333334323333333333322222223323333223223334333334533333332343333333
34334333333332233334433344333433333333443333333333444433334533433334444333323454443344444444344433444344333443233333344333233244434334333334333333343233222333333332333322333433232323323222343443333223
33344333333333233334434443333333433334434434333443344443444443324333333332333343443233444333344443333445334442323343344334333344433343344443433333443233233223332233231232333443313233223222243333332322
