44444445524444444444444444444469744544455544455555555555544785255545555555455455455555444555444443664332344222333432311113311123322345788888777888878777545433435322222344564443233222222222222222333554
43433435633444444444444444444459744444444444444444454454444675344444445555444444544444455555555555664344454444444445433224334444434434788888654588855677534544435222222344664333434321222222222232222333
43333335732333333333333333333349744334444444444344444444444675344444444455544444554444444443344555454355555554223555555555565555555556666677655565644677634654445222222444443222422311143211232222323333
43333334643333333333333333333349643333333333333333333333344675343344444444444444444444444641145545664344444543125455555555555555555555555555555555555677535555565555555555554445555543454333355333333432
43333334743333333333333333333349643333333333333333333333343685343333434334444443344444434851134445764344444442157555544544455555555555555555555555554267535555555555555555555556555555555555556555555554
53333334643333333333333333334359744333443444444443444444433674244444434444444444444444444871034445764344444442276654444444444444444444445555554445555367545555555555555555554445544455555555556555555555
53333334643433333343333444444459544444444444444444444444444675344444444444444444444444445883124445764344444443464754444434444444444444444444444444444577534445544555555545555555555544555544455544455554
53333334643433333333333333433359644444443444434344444444444785244444444444444444444444445896124445664344444445664844444444444444444444444443443444444577634444444444444454445445544545545444444444444444
63333334643433333433333444433349644433333333343344444444444775244334433444444444444444445898425445664344444445746844444444444444444444444444433444444677634444444444443444444444444444444444444444444454
64333334652433333433333344333349643333344333444444444444444675244433333443444444333444444899614445764344444447856744444434444444444444434444444444444577644444444444444444444444443344444444444444444444
64444443652334333444433344344459644333444334434334334444444675244444444443343344333433444899724435764344444438846743433444444444444444444444444444444577644444444444444444444444444444434444444444444444
44444444563444443444443444444459744444444443434443334434434685344444444443344444444443443789724445764344444438855733344444444444444433444444444444444577644444444444444444444444444444434444444444444444
64444444663444444444444444444428744444444444444444434444444675334444434444444444444444443788723445743344444437645733344433444444444333343444344444444577644444444444444444444444444444444444444444444444
74444434663443444444444444444448644444444444444444434444444676344443333444444433444444444688823446753344444426545634444444444444444333343444444444444577644444444444444444444444444444444344444444444333
74444444652433443344444444444449734444344444444444444444434775244434444444444433334444445688843445754344444436655644443344444444444444444444444444444577643444444444444444444444444444444444444444444444
74444444663443344444444443344459744444444444444444444444443474344444444444443444344434445679963345764343444437644644444444444444444433343344444444444567643444444444434434444434444344333343433343334333
74444444662343444443344434444459734444444444344444444444444574344444444444444444334444445767973334664344444347535644444444444444444443443344444544444577643444444444444433334444444444344343334433433333
34444444463343444434433334444449744433343344434444443444334675344445444444444454444444445678974222564344443357646644445544444444444444434444334444444577643443444444444444344344344444334334444444444344
63333344453334444444444444444448743334333344444444443333344675234444444454444444444444435788884321254333443457658644455544444444444444444444343444444477543444444443444443433334344444434344444434434443
74332233563334444555555545554437744444443344334444444444444775244444444444444344443444445899995321144322333457789544445545444444444444444444444444444577533443444444444444443344334334333333333433434443
43333233563224444544445555554448745555555555444544444444444675244444444444444444444444444799995323234332344447997533334444444344333344444444444433334577643443444443344444443444444434444433333333333434
43333333563222334444334444455549744555455555555555555555555675344444545554444444444444444589996567645555565558985444332343454444333444344444443443334477643444343333433333444334444443444444443343434444
33333333563223333444344443334448735554544455444445555555445775344555555555555555455655555568997776656766665668875444322222255544444443344444434443434477653433334443443343334344434344444444443333344334
44444333454444444444444433344348744343344445445444444444444774244444444444444444444445444557888666666665555577655454432232135655454444444444444444444477653433443443333344444444433344444444444344444434
44444444444444444455444443444348743223344344444443444444343474354444444444444444444444444445887666555555544445445555543122213565544444445544444444544477653444434444444444444444444433444434443444444444
44334444334544544464444433444448733323333334333333345333343574243434434443444444434444444456776776555555555433335555654321222455554444444444444444444577653455544444444444444434444444444434443443444434
43344444343444544344443444434445643434333433233333344333444774234444445444444444454544445555667765555556555542244455555433221245555554444444444444444477653444444455555555555544444444444443444444444334
44444444443443332234334444444444445543333433333333333343444665233344444444534444455454445666676665555555544432244444444433332235545566555555554444444467643444444444444444445555555555554444444444444444
44544454443343444444344455444444335433334433343343333333333675234343334444444444444444456677777765555556874432233344433443222224545554456555555555544447653444444444444444444444444444455444445455444444
44545444454444444444444556644444454444444444334433333333334664323233334344444444444444444248777655555456543332244444554343432235554444565555445554544326754444444444444444444444444444444444444444544454
44444545544444444444444479523433454444444444433333333334323343323333333433334434444434331147666556544463110112234445555454455544454555555544544444444547654455444444444444444444444444444444444433444444
54445544544445444444544355434445444334554544554444444333322233333333223333433333333434432476654455534553100012234444445456445455554555555544444433344468754455555544544444444444444444444444444444444444
44444444445554444555554444444444443444444444544454443434332223333333323433333433343345444755554444445544420012234444554556555555555566655555444444333368764344454544555555544444444444444444444444444444
54554555445544444455445554444444444434444444444444233333433334443344433433344443343344435545554443345432331121134446654456665555566677666665544445454457754344343344444555566555455444444444444444444444
54444455555445554454444554444444454444444445444443344454445554443344443444444444444444435558876444444322221221135568654567555556656677666666654444454467764343444444334444444455555544445555544444445444
34445444445445543544444444554344344333344434344344444444444543333443444434434444433444455488799533333322211212124455556676555656777776666655654343445557764344554544433444454334444455555666655554444444
44444444444444444455544444554445444444444444444445434434454444444444455444444444434445654798788743222211222222123334766666556666677766666666655434545447764354444444454444464344434334444444444444445565
54334344444554444445444444444445444444444443344555444444455555445554654554444445444444656999878743221111221222112334665555677666677755666665554434555446764344544444455554444444444343344333333334434555
44444444555534444223454444444344434233334443344443344444444454444444455554444545544433468899876653222111211221111233345555676555665555665555544324555556765345444444444544554433443444445443333333333344
43444444544434434343344444444444333233333344444344344434453344443344444444444555554334545566653353222311111111211133223555676555655665555555554223445523765454334543444444444444444544454444444344333344
44434444443443444443454454444444445544454444544444444444444444444444433444554554555455513344311025212421111112111123321355565555666555554444454222434433765344344454444453334444344444444434444344433433
44444444444444444444544444444554445544454445544444444444444554443444443334454444455445323233200025211331111122211123332135544566555555544444454222344446765344334444444443443454444435434333335544444443
44454444444444454544444445444444454434444455444444444445444443444443444344433333344444323232210134211321122222211123333223434665545555444334444322244346765334434344444444343444445444333334434444444443
44444445545555455545555556545444444443444444444445555555444444434444344443343344444444333322222332211221223232211123333212333556555555444444344322244446765333334444344433343444445554444444444345444443
54443444444564445545555555554444455444454555444445544444444544444344444544444444445545433322222222221211222221221122222222332345544445444444345422244446775334343434333334343444444454444444443344444443
34444544433454445555555655444444554455545544444455433444445555444444444544444444444544444332221222321111111121121122222222332234544444444443346422234446775323344444443343333344433333444444433334444534
34444445544444444556644555443444444344544554454454545544454445444443454444444344445544466332331222221111111111211122222221232223444444444443335321224435775323344453343334333334333334334343333333443444
44333444443434344544445455455444444544544445554455454345554554455444444445544444455544456322321122221111111111211122222222222222334444444333334321224336665323343443333333334323434343223342233423333323
44444554433344455444444444455445454565444434444455444434544444454444333343444565455555545444421110121111111112211122222222222222223444444333334321134445765322234433433332322322333323334333333334444333
44444553344454444554554445443444454554465554444454443444444445454443344454345544444555554455421000011111111112111122222222222222223344443433323321134445654232233322332333122332443434544443333433333334
34444433344444454445454444443444543455544555555545454455554455545443444444355544433455553321100000111111111112111122222222222222222333443333223211254454444333333222222344334433433344444443434444433334
44344543333444444544444445445444444455544445544455445444444454454445544444455444444455543431001111111111112112111122222222222222222233333222222211244335433333343333233433333443334344444443433443334434
44334344443444434444544435344444444454444444454444454444444544444444544444454444444444443333211111112111221111111112222222222222222223233222222211243334333434433333233334433433333334344443333434333434
44443343443444334433444433334444444445555455454444444444544444443444544444444444444445443222221111112112211111111112222222222222222222322222222111233332233544433443334334433434444444343343333333434433
33444344443444444444444444334433333334445444455444444444444444444454554444444445554444454311111111121111111111111112222222222222222222222222222111244432334554455554333334443333433333333344332333444433
33333433434334434334334443444334344334444544554444444444443445444554445544445554454454454422111111111111111111111112222222222222222222222222222111234544444444455432333333443333333333333333332333334444
43333333444444333343444444344454344444444444444444444444334444443443345444545544444444455542111111332211111111111111222222222211222222222222222211334434445454454432234343333333333333333433332233333334
43333333333334444344333343443444344444444444444344434444444444343343344445455455555444456654223444663321111111111111122222222111222222222222222211344334444444433332213333333333333333333333332233333333
33444344333443443443343344344444334444333444443344344444444444344444334444454445554444445556544544763442111111111111122222222111112222222222222212443444544433333432233333334333343333344344333223233433
43444444433443433444344445434444333333434444443444444434444444334443333344433344544444454445433334765554211111111111122222222111111122222222222212444444543444333432243443333333333333344443334333334333
44433443334444344444434444444555444443334444444444433444444444444433445444454444445544443444543345775553321111111111122222222111111112222222222213444433533444444433344344443333433333344233333333343333
44543333334444443333334434444444444343333444454443334434444333334443444444444434434444333333444446776554322111111111122222221111111111111222232223443434433334444444544344444434343454543234333343333334
43333333444444333333333333334333334544334444444444443433343334333433344333444434433344334433444446776563211111111111122222221111111111111222232224443434333333444444444434544444444444454434433333444455
33343344455433444444443443434443343444444433333233454433333334444343443333443333344444344444434336766553221111111111122222221111111112222222232224444434333343433333344443443343444344444334433444443343
33343333234343334445444444443443344444443444343344444444333444444444444444343332343444334443444436766554221111111111122222221111111122223222222223334334643444344444454434444454444444443433334543453333
33333333333233333344334344344444344443443444333443434434434345444445444555453433333453444334444446666555332111111111122222221111111222244222222224344444534444564444444434443444444334433533344333232233
43333333333333333433344344333444444333334444444433443333344434544544444454443444444454543344434446666556321111111111122222221111122222333322222223334443344334554333344444444434444434333444432323333232
44333433334333333443344434434444443333433444444544444433344343443423444344444564444434334344444446666556521111111111122222221111222233334322222223334343333333334345334344433333344434333232343223343233
43433323335443233434344343333533433344434443343444444444444443344333444444443464444443344444444346766555742111211122222222222222233343344322222224333444344333343355333323333333344333442334444233432212
33433233333333333333333333233433423533443343333334454445454454455443333444443454433444444444444446666555652221221122222222222222333333443432222223333444444344444344334343334344433333433435533332343322
33333333332333333244332323333333344433333443443333444334443344445433434434334344444445444444443445666555564222221122222222222333332334444432222224334454334443433344344443443443443333334433443333443334
43333333322322332233433322333333434344333434333433333333333344444533434443444433444443333233443444566555455222222222222222123333222244434442222223444454443444343344444446434444444443345443443334443333
33333333222333333343333322332333333333343333333333333344333444455433334444444444434433333343343344456544333222322222222221133222222254346542222223334343334433232343544456435544444443444444443344443333
33333333222333333343333333333333433333333333323323443334433433455344434444444444444434333444444444444433334432332332222211244222222244344432211234444434333222332464344544434545443435434444443444443333
23222333233433333323322333233344433333334343333334444334333433344444444333444444334434333344433334445334788865543333222211345522222223234422222233454443233222333544434323334455443443434443433333343333
34333443323323334333222232233332332333433433333345433333344434434343333343344432334533553433444433356447877766665433322211334642222222333432222223433233333233333534435234444554334453445543434334453343
33333333333333344433222332343332233334434433334433433333333333334333332333435533334434433433434334468667666654443453322222243563222222333432222233343333444434344432334344554543345455654434334333334433
32222223433343333432233333443333333333333333333443333344343333223333333233334533333333333433332344478898544433333343332222354465222222343332222222243323663434444333433333333432333332534433322334234334
33333334443443223332223334334344332333333434443334444333443233333443333334443433333323333323332343588889863333333333332222332378522222453332222222333322563434324323433553432333233332445523323333234333
33333343334443323333433333334444333334434334433333333334333333333443333333333532333323333333433543688898973333233223332222433278843222443332222223333333463334235533444553343332255222333224333343233323
33333332323333334343443333344334333344444333333333333334433443433334433344333333333333333344433443798898763233333323332222444468873222333333222233333333343333333433323433333332254322232234323333233322
44323322333334433333344434343334333444334443344333234344343432443333444343334334343444323344323334898887543344434333332223434468886222343333211233333323322243233233233433333233123222232223323333335432
33343333244344334445554444323332223334433344444443344333334333444334444333344334433444333334334434888876333444344333432223433359898322333333211232243323233232232332223334433323123323332324223322444443
33344444444344444334454344422232122233443344443343243333445433344333334443443343333333333344334335888875444433334334874223333347776422323322111233332333323331232333223335432322222333223224322333454333
44344444434443433344454444332233233333333344432333332334444334433333334333443433333333333343333325888875444333333438974223333335877633333332211233223223332223323233333334333332342333433223322323564453
33444343443443333334444434433443333444333423332334333333332233333334334322234433434443334444333336778875443343344469974224333334888733333333111233323333333333333233444233232322233432332223323322332443
44543433434444323333423334333344444344432333433344332333333433333443333433333433444453334444333337777775444344434479963224433444788633333333111244332333233332233332334333332322223332222223222133333334
44433323333434433433232333333333444443343343433333333433333334444544334444343333444444444344333347766455443344333379853234443423777533433332111233323233233332323332323333222222235643222212233222233344
44332322344334434533322332443344444334323234433333333333433333343343232333433333434334334434433347766534443334223477753233334434777533333333111222343332232122133333323333233232234423222111132111232343
43334343333333333433333333432444443322222233444334433333333233333233333323333343333333334433333348765544433443233388753333343444776434333332111232123333232232234333333434323333233223221211122111111233
33234333323332334333333333422334333322223324432344443333433333334433433324444344443344334443344378655544434433443497654334334455765433332222111233333333223332233333234412423223233323232222222111111122
43343324324333333333443323323444333333232212223433543334333333334443443334544343334335444444443487666554344554443597543334333345665433333332111223343332334423333323334422322113212322122212111111111111
43332233322243343434433223334433433443333222333343333333443554344443443444544333434335444333344687666654343445443776543224333345665333444334211123343433332333332322432322222222211122111111111100111013
33322322332233433433323234333333324433333333333344333333344433332443344444433333333345434433444776766665444434444776543323334336655323434334411123433333333232333323332222212311111111101111011011111015
33333323432333442433332344434443333343332234433333334434454332343443435444343333223333334433543665666654444344434876544323243336655333433333421123334332332222333333332232222211111111111111011111111222
33323333333333333444333343444433333434322345544433444444544344444443434344444343444333433444443555555433434344444776544322343346555333333332321123333322332222333333223221111111100111110111111111352232
33333433343223333443434343333333443333333333544333444444433334444444443443433444344444344443344445555432333344434666554223333446555342232231432234333333223222323232111111011111000000000111111111112123
33234333333323333433333333323333443344333333444444444444444444434554444433344343244444454555445445555532434443333565554323334356555442343332333234333223332233222211111111111111110000001000111010112233
43233343333233333333444333333344333344332342344444433544434344444444444433344445444544544444345445554322344443333465443223344466555444444331111243333322211221111111101111110011111101000000122111223334
43344333233244333434443333233333333344333343334443433434424444543433333333334444334444434443454334433222343344345455432124443575565334323432011343333211111111111111111111111011111110010011221112224332
44433433334333334333333332323433343444444444344543334335434444443333343334333433344444444343333444432222334445435345432134334654554223333332112322111111111111111111111111111100111100011111111121234322
45433333333323334433443333323333433333433334434444335444454344333443343233333443443333343433334433431222233224433336642233335544432223443221111111111111111111111111111111111101110111111011122232333233
44433332343343323344333333434443333343434434544444444333453333333444443333433343433433434433433334442122232111344445654334346544321211232121111233332111111111110111111111111110100111110011122322233332
33333333444333344444333324434333334443443334444434433344444333333433334344443454333444433334444334443112222211233333664333335764322211111121133333321111111111111111111111110111111111111111112111222332
33333333343433334443434333433334443333333344444334332344334434434344334334433444433434432334344443445211222211123332454332334444312111101333333333232111111111111111110111111111111101111111111111123323
33433323333333333443344333333343453334432344333323333544323433353343343334433445444323334446544434434321222211113332354333334433221111223444434333232111111111111110111111111111101111111111111112333332
33432334334343345333333334334443454434444333232333333454434434543333332334543445444455335435433334323432222211124332355333344333221112223344434333333111111112111111111111111111111111111101111113532112
43333333333423444433334344334444444663333333333333433454344345533333333334443444453365344433434434332332111111024442355333333332221111122344433333223111111111111111111111111110111111111111110112211111
43333324323433343433333433444433333443333343333334433334434334432334333334334443444344333333433443333333211222244432465333222322111111112333344322111111111110111011111111111111111011111111111111122222
43333444333334444444334443443434334333443433333333333334434435333444334234334333344333333333333433444434333433443332576433333332110010111222222111111111111111111011111111111111111111111111111111233334
34333444333344343333334334443443333323333443444333344434433434444433233333333533332342322334333434433433333344334323666423332232100100011111111111111101111111111111111111111111111110011111100111222323
43334333444454433433445444334444434344433433344444343334453333333222332333333332332333334333323434444543333345434424666423333222111100000011111211231111111111111111111111111111111111111111000111222323
