44444444444443444444444444444444444444544445547965555899997213434555544555544555546899545778942455555555455544555444458965555555554555555444477433344675445555566666666565557865555555455545555555544444
44445444444443444444444444444444444444444455447964455899997213434454444454444555536999654778942455554455444444444333348964444545554555554444456444444685345556555556666666558865666565555555555555555555
44444434444333433444444444444444444433333344446964465799997213433455444444444455536999753678942455554445544545444444447853333335655555443345555444444585333445555445555566668965666666666666666666666666
44444333444333433344434444555544444443334444445864466799998223433454444444555555525887643588843556655455444555555555455544444336864333333467764444444575333444555445544445558965666665556655555566666555
44444444444444444334444446899734444444444444444665466799998323344345555555555555524776533578843456654455555554544555555544555555654445555566555555544565555545555555544445458964555555555555555555445555
55555656655555555444444555667644555555555555555555678799998424343345555555555555524776534668833555554454445554455555555544455445555555555555555555555566555555556655554555458974433445445555555555555555
55555665566555555555555555555555555555544455555555577799999544334334555555555555533776554578744544544444444555555555555555555455555555444455555555555545555555566655555555558964333444444544444445544444
55555555555555555555555555555555555555444555555555678789999643333334555555555555543776664567765533555544455555555555555555555555555555555555555545555555555665556555555555556764444444444344444444444444
44455555555555555665555555555555555555555555555555688778999754333333455555555555653787754567964555555554455555555555555655665666665555555556666555555555555544445445555555555555665444444444444444444444
55555655555555555555555555555555555555555555555555678888999854333333355555555555554688753357833555554455566655566655555566666666666666666666665566665555444455454445566555555555644444443444444444444444
55555555555555555555555555555555555555555555555544578889999865332322245555555555565698653358634565555566666655677666665566666655555655556666666666666666555555555555666666555555555554444444544444444444
55455544555544455555555555555555555555555555655555578789999865332222235555555555565687644358645666555555665566666666566666666655554566556666666656666666555555555555589854554556555555555544444444434443
44444555555555555455555555555555555555665555665665578889999965332222213555555555456688764368655555565556665567776666666656656655555566656666666666666665555555555565567644555555555555555555444554444443
55555554555555555555555555566555555666666555566655678999999975332211112555655554456688876469755655555556665566677656656656656555656666666666666666656656666655666666555555555555445555555555555555454444
45554445555555555555555555556655556665555655566655689999999985432222111455665554456688765479655556665556666656766656666666667667666666556667766666666655665555666666665555555555445555555555555543334444
55555444445554544555555555555556555555556665555555579999999985432221110355664444456688765599754556666555556666665566666666666666666544556667766666666666666665566556665555555555555555555555554434445554
55555555555555555555555555556566555555555555545555568999999985433221110156664334457688876798554566666555566666655665666656666666655554555666655556655666656665565555555565555556555455555555554455555555
45555555555555544445555555555556555555555555555555556899999985432222111035664235557588888998653467666665566556656665555555666665556665665556655566655555556555556655555665555555555555555444445554445555
44555555555555554444554555555555555555555555555555556899999985433344332115665345456579999997543356555556655556556666555666666666566556666655566555555556666555556655555555556655555555555455566555544555
55555555555555555555555555555555555555555555555555555899999986556665442115664355565479999985432245555556666665555666655556655555555556666655556555555566665555544566555555455555545545554445555555555555
55555544445555555555444555555655555555555566555555555699999987888886663335665576675578999964332235555555566655556656666655555556655556655555555555555666655555444445555555555544334444444444555445544555
54555555555555544433444555555555555555555555555555555679999998877776777777877776675689999864232134555554566665555667666665655555655556666665555555555555555555555555655555555555555555445555544455555555
54455554444444444444555555444555555555544445555555555568999887766666667777778875576589999753232124555553566665555555565566655555665566665555555555555555555555555565555555555566665566555555455555555555
54444444444444444555555545555554555555555555445555555457998766666667777766667775478789999642222123445553466666655555555555555555565556655555555556655555555666665555556655566556655555555655545555555555
55554444444444444444444555555555555555555555555555444557887766666666667776666666558889988532222122345542355556655555556545555544455556555555555556666666666666666656666655555555544555555555555555555555
55554444555444444444455445544444444445555445555455555578766667766666666666665555657987886421111112234441244445655555555545665544454445555555666665556666676566666666667776555556555555555555555566655554
55444555555545555555454445444555655555554444444445556787656666666666666666555555554776676321111111223441233445556555555555666544555555565555555555555555566566666666666665555566655566566655556655555554
45555555544444445544454444445556655554444554444556788777666666666666666555554444553366555321111111113331132344556665555555555555555556765655555555665655555555667766676555555565555665665555556655555555
44544445544544455455444444433455555544455554556788876777776666666666665555554444552246543222111111112330122334455666555555556665567655765555555555566666555556676666666655555556555565566566555555555555
44455555554444445444554444444455555544444455678888777787776666666666665555554443442135443222211111111220122234456666555555556665676666666655555555676654455556665556666666666665567766555666556655555566
44444444554554455544444445555555555545544556766777888887666665666667665666555543333124332222211111111110111223345666555555555555455555556555555556676555555566665565566666765555677766555555556655544555
44444444444454455554455554445555554444445567667778888877666666666667777677766654433122332222222211111111111122345565555554455555555555555555555555665455566555666666666776644566666665556656555555445555
44544444444444455555555555555555555554555556878888887766666666766677766566676653333222222222222221122111111122345455455555555555555555555565545555565455555555666666666655566666666555544566765555555665
44454444554444454445455555545555545554455458888888877666666666776677655545555554333222222223333222222111111122344445555555555555555555455555555555556555555555667765665555666666666666543355666555555555
44444432454444445544445554444555555555555469988888877667666666766677665555544444322222221223333333333222111111343355555555445554445555555545555555545555555555666665666555666666566666554444455556555555
44445444444455555544444444444444445555555556888888776667766667766777776555544433233222221222333333333222211111333344555555555554445555455556655555555555565555555665665555566665555666665443344555555555
44445444555554444555555554555555545555554334798888766776666777667777887555543332223221112222333333333333221112332334455555544455554444445555554555555545666666666666555666666655555666666544334455555555
44454444455554555455555555555555554444454214888887666776666666457788998555543322223211111122223333333333221122322333455555444555555444454555555555455555665556666666555666666656556666666654433345554554
55544544444444554455445555454566444555544326988877667666666666457888886444443332222211111122223333333333322222332222455555555555555555555555565555467565665666666666666667777666666677777665443334565544
55445433345444444544455444444445444455445548888766677666666566787655432222223332222221122122222223333333332332322213555555555555555555555655555655677666776666556666777778876677666677777776643333356554
44444433444443445554444344333334454444455588877666776655555566886332110001112232222222232122222223233333333333322113455565455555555555666655555667777777766666666666667888887667777777777777754333335666
54444444444444444544433443433322344444444787666567766554444456885211000100011232222222222222222222223333333333321113455555555555555666665555567678887766665566666666667788887766777766677677665433433467
54445554444444444444444433344322334454556876555566655544456645763111111100001122122222121222222222223333333333321123445555555544445567666655568779976666555666677777677888877677777766777766666543332235
54445544444444444444445544444444444454556655555555555543556556664333201000001122122222121222222332222333333333321122334555555555555677656656789878766666666666678888788888877677777777777766655443332223
34554544554444444455555555544555544455566645544345554434555565565444311100000111222221021222222332222223333333332222223565655665566667458987888877776666677666778888899877777777787777777766555433333222
44555444555545555444555444444455444556777766544334433344566654454444321110000112222221021122222233223223323333332222112555433434445678568876777766765666666666677788888877677778888877777665544333333112
45554544454445544444444444444455555556666666554333322345565433432344332111112222222221112112222222223223323333333322222333323333446788677666666666777777866677777788888766677777777776777665544333333332
33333444444444544444444555544456655676555555544333333445554333333333322222233222222221112112222222222323323333333333322222223444566777666666566666788888766677778887777766777776676666666666543332333444
21222344444444444444444444544456768997655455444334444444433333333333222122222222222211112212222222222222323333333333333333323434676666556666556666777777766666677776676666777776666556666666543322233455
12123344444444445444333333446778999999865455444334444444333322322222222112222222222211211222222222222222323333333333343334432333455565566666666677877666666677776666667777666666655555566667533322223344
33445544444444455333344434578789998998986565444333443333333222321122222111221122222211111112222222222222323333333333443334433223344555555666666789987676666667777777777666666666555555555666543322223345
44444445545555544444344545678999977887875443333333333333332222221122222211222112222212211111222222222222223322333333343333333322233455555556666678876666666666777777776666666665555565555666654322222334
54545455554454444444455555689999867998865554333323223332222222222222222221222212222222111111122222222222232322333333333333333332112445565566666556765566666677777666766666666655554445555666654332222334
54545544444444444445555557999999888999876654333322322222211111211122222212222222222112111111122222222222222332333333333333333333111234566677766655654566777777666666666666666555554444555566665432222233
43344444334444444455544679999999988999976543333222232222111111111222222112222222222122111111122222222222222332333333333333333333211123456678866555555677887776666666666666555555555555555456666532112233
33433444333335445554456667789999999999876433332222232211111112111222211112222222222122111111122222222222222333333333333333333333321113345667765554456778888776666666666666555555555555555556676542112223
44444444444434555655465355588788887666775333332222222111111111111222111112222222222112111111122222222222222233333333333333333333322112334555665444556777788776666666666665555556555555555556787643222223
44334444444444444444672244486676554333576333333222222211111111111111111121222222122112111111122222222222222233333333333333333333332111233444455433566677777766665566556556655556555555544446887543222222
44334444444445545434741143464554321111247533333322221211111111111111111111112211222111111111112222222222222232333333333333333333333211123333455433566666666655555555666555655555555555454445665543222222
44444444444444444446621133353543100000015632233322221121111111111111111111111111232111111111112222222222222232233333333333333333333221123333444333456656655655555555555555555555555555454445666543222222
45543444444444444556421133333431000000002752233321221122111111111111111111111222232111111111112212222222222232223333333332333333333221123333344333455555555554555555555555555555544555444445676543222222
55444445444444444455321122323320000000001662233321111123211111111111111111111222232112111111111211221222222222222233333322333333333321123333333333344555555555555555555655555555554555555444676543222222
54455433444444444454322122323310000000001652233321112235211111111111111111122222222111111111112212221222222222222233332322332333322222122333333333334445555555555555555655555555555555555444676533222222
33345444455444444454322222323210000000003652333321112224311111111111111222223322222111111111112211222222222222222233322222222333222222112333333333333344445544455555555555555555555445554434665433222222
33345544444444444544332332323210000000014532333322111222222111111111222222333322211222111111112211211222222222222223322222222222222222112333333333333334444544445566655555556566554445555333565433222222
44456544454444444444334333323211100000245532333322111222222121111122222333233322111321111111111211111112222222222222222222222222222222112233333333323333444554445555666555566556655555444433565433322222
44455544445554444345443333233323321113444322333322111222111221121222223332223221111221111111111111111112222222222222222222222222222222212233233333322333333444445555655555666555554455444433455433322222
54455444444433344334443333333333333334433222333322111222222111121222333322223221111221111111111121111112222222222222222222222222222222211232223333332232333334444555655555665554544455433433344433222222
45444454445433333333453333333323344443222223333222111122222112221232233221123211111321111111111121111112222222222222222222222222222222211222222233322223333333444455555555555554444444333433334333222222
45544455345444333334554343333322333322222222322222111222101113221222222111112211112211111111111111111112222222222222222222222222222222221222222223322223322333334445554455554444333333333443333332222222
44565455444344443444455444333222211112222222222222211222100113211111111111111211012111111111111111111112222222222222222222222222222222221122332223322223322223333445544445554334332333223333233332222223
45668655555555444544555443333222111122222222222232211222110112211111111111111111111111111111111111111112222222222222222222222222222222221123222223333222222222333344444444444443332222223332222332222223
66776555556644455555665433333332111222222222222333211111211112111111111111111112111111111111111111111111222222222222222222222222222222222122222223322232222222233333333444444343333222333332222232222223
45664445654554555566565333333332111222222222222333211111111211110011111111111112121111111111111121111111222222222222222222222222222222222122333222222232222222223333333334344333332222233322222222222224
44444444433554544444566554333321111111222222122233211111112111100011111111111122121111111111111121111122222222222222222222222222222222222122333333322232222222222333333333334333222222233322222222222234
54344344544455555533467776544321111111112221112233312111111111100011111111111122221111111111112121111122222222222222222222222222222222222212233333222223222222222233333333333333222222222222222222222245
44445455555654466555457798875322222111111100001233311111111111100011111111111222221111111111111221111112222222222222222222222222222222222212233333322222222222222222222233222232222222222222222222222244
45555466444544555555545678876422222111100000000123311112111111100111111111111233221111111111111221111112222222222222222222222222222222222212233333332222222222222222222222222222222222222222222222222355
55654444444544455544444445554333344111000000000123311111111111011111111111111231221111111111112211111122112222222222222222222222222222222222222333222222222222222222222222222222222222222222222222222466
45543343345554444555543334333334454210000000000123311111111111111111111111112221121111111111112221111122212222222222222222222222222222222222222333222222222222222222222222222222222222222222233222222455
44444444445443334454443333443355643100000000000123321221111111111111111111122211121111111111111222111122222222222222222222222222222222222222222233222222222222222222222222222222222222222222233222224545
45544333344433344444433435444455533210000000000123321222111111111111111111332122211111111111111122111221122222222222222222222222222222222222222233222222222222222222222222222222222222222222333222224554
33444344444444544433333444445544444211101000001134311222111111111111111123421122211111111111111111211111222222222222222222222222222222222222222233222222222222222222222222222222222222222222333222224453
44433344456554554444555444556445543111101111111133211222111111111111123443211111111111111111111111222112222222222222222222222222222222222222222222222222222222222222222222222222222222222223333222234554
44333345544445543334555545555443211123201111111133212222111111122222244321111233211111111111111111112212222222222222222222222222222222222222222222222222222222222222222222222222222222222223333222235555
34333344435555543444554334456431111123111111101122112221111112212233432111113555311111111111111111112212122222222222222222222222222222222222222222222222222222222222222222222222222222222223333222234456
34444444555444443454454444456521222223211111101222112221111122211112211111234445531111111111111111112222222222222222222222222222222222222222222222222222222222222222222222222222222222222233333222234445
34555433444334433443454455445543344565311101111222112221112221111111111223454445552111111111111111111121112221222222222222222222222222222222222222222222222222222222222222222222222222222333333222245544
44444444543345443444445554444444566543211111111232112221222211111111223444344454564211111111111111111222111221222222222222222222222222222222222222222222222222222222222222222222222222222223333222255543
44554444555554444445654445433334544332111111112232112222222123223433434544455555565421111111111111111122111111222222222222222222222222222222222222222222222222222222222222222222222222222222333322255543
44444444444455556655554555433334433211111111122221112222223444434444524555455555555542111111111121111112111112222222222222222222222222222222222222211122222222221222222222222222222222222222333222345555
54554444444445555555555554432233322111111111222221112122344444434544344565555555556664211111111121111112111112222222222222222222222222222222222222211122222111122222222222222222222222222222233222345554
55544454454434454445554444433322211111111111222211111234444444434555445556655555545677421111111121111112111112222222222222222222222222222222222222211112222111112222222222222222222222222222233222344554
44555554444555543344454444444432111111111111222101112455444445434344444555554555565566432111111111111112111112222222222222222222222222222222222222211112221111112212222222222222222233222222333322344554
44455555545556543444455545544444211111111112343212233454554455445544445544553445544556643211111111111112111112222222222222222222222222222221222222221111211111112222222222222222222332222223333222344455
45555544544445544455545555544434421111111123344444444454554456544555554444465556445555774322111112111112111111222222222222222222222222222221222222221111111111112222222222222222233332222222332222345556
44444445544455444554554454454565443111111234445654445554554456555565554444555565555556886422111112111112111111122222222222222222222222222221222222222111111111112222222222222222333332222223332222344444
44444555544554444554555545544455443321223444445544445554343455434555554455555565555666888643321112211112111111122222222222222222222222222221222223222111111111222222222222222333333332222223333333334444
44434445445554544555554444444433344444455455444444455443455455545555665555555555555656888765432112211111111111222222222222222222222222222221222233222111111111222222222222233333333332222233333333344544
54334444455444444454333444444444444455545555444444565444445445455456655555555455545556988876532122212121111111122222222222222222222222222221222233221111111111222222222222333333333332222233333323444543
44344444455444334444333544444554455554434444454445555334444444555445655444444555554557999877532222212121111111122222222222222222222222222211222223211111111111222222223333333333333333223333333323444444
34333333344444444444444445444554454444444444555554444345444445445455665444445555444446998877753222212222111111112222222222222222222222222221222223221111111222222222233333333332233333223333333333675333
34444545555445444444444444455555555444444444544455545544555554444555555555556665545547898887775322212222211111112222222222222222222222222222222223222221122222222233333333433222223333223333333333565443
44444445544554333333344545454555555444455565544445555555444455555545554444456755555546888887677532222222221111111222222222222222222222222222222223222222222222233333333334442222222333223333333333344443
45444344554554543343443554334455554344445465444455555544445454455545554444554545565545788888667743222222222211111222222222222222222222222222222223222222222222333333333444553222222233222233333334434444
55444333444433444333444444444444545554544555433455555554445554354455555555444556566555778888666654322222222221111222222222222222222222222222222222222222223233333333344445544322222223322233333333433343
54443323443333334333444444444444544566544455544555655555444444444454445445555666566565678887655555322222222222211222222222222222222222222222222222222222333333334444443334445432222222322233333333233333
43334344323333223433333334555455444466555554444456755555444455544554554445555555545555678888665445542222222222222222222222222222222222222222222222332233333333444444443223344542222222322233333333344334
33443333333343333443444444334444433455554443344456654444445555555555555445544445555555567898766544564222222222222222222222222222222222222222222223333333333333444444333233235544322222332222233333244433
33333233554444434454444444433333444455444444455555565545544455444555544545554456555554567899876543355322222222222222222222222222222222222222222223333333333333443433343344344444653322322222233345444333
32233234433444434455555554444444455554444445555555455544444555445567655655555556555555656899987654334432222233322222222222222222222222222222222223333333333333433323333444333334775554222222233345433333
43333344334433334555544554444555455555444455544445554455445445455655666544444445555545555789997666544454322233332222222222222222222222222222222223343333333334433334323443333334577885222222333345543443
