55555555555555555566666666666666666666667899855455555458999999989999974234566655555555554455555544333332222222111222222222222222222222222333333333333345555555667665555556666777776666777777767766666666
66655555666666555666777777777776666666667899965555554458999988878999974234556666666666554455555554333222233333321111222221112222333322222333333332222334445556676654456667666666666777776666666666677777
66555555666665566778887777777766666555667899987655554457999986678999974334556677766656555555555543322222345554431111222211111222222222222223333332222223334456666655556666666666677888776555555555556666
66666666666666677777777666666666666666667899987655555556899975578999974335556676655555555544444443333223344433344554221111111122222222222223333222222222233445555555555556667777777777776666665555555556
66677776666666677777776666666666666666666899987655554456899964479999974245556666655555555544444544444333333221246666531111111111222222223334332222223322233444555555555555666766666666677766655554455566
66667776666666666666666666666666666666666899998655554456899963479999963245555665555555555555555554433333221111356676432111111122222222233333333333344433333444555555555555556666777777777665666655444444
66666777766666666666666666666666766666667789998765554556799963368999963345555666665555555555555555554332211111234455432111111222222222222333444444444443344555555555555666666667777777766677776655544445
77766666666666666666766666667777677766666789998766654456899975358999953355555666666655555555444555554322222222234444322211122223333333333345555555565555555555566656667777666677777766777777777665444455
66666666666656666666666666666666666666666789999766644446899987557999853455555666555555555444333344444333333455556555433433333334444444455666666666666666666666666667777776666667777666777777777666655566
55556666655556665555566666666665556666666799999866544445799998766899963455555665555554444433222222223444555566666655444555444455556666677777766666666666667777766666666766777777777666777777777666666666
55555555566666666666666665555666666666655689999876544335899999776799963455555665555554444332333332334555555555566665555555455566667777777777666666666555566777777666666666666777777777766667777666666677
55566666666666666666666655555555554555555689999876554335899999776799953455555666555544555444444434445555555555555555555555566778777777777777777776665555667778777666666666655666667777776666666666556666
66776666666666666666666665555655544444555579999876544335899999877799843455555677666554455544444444555655555554555666566666777777666666666555566666666666666677766666666555555556666666666555555556666666
67777766676666666665555655556666555555666679999876544335899998776799633555555677777665554445554455555655555545556666556677777776666666555555666666655666666777777777777665554444556666665554443445666666
66666666666555555555556666666666666666666679999976554324799987787799643555555677777776544455655455556665555555666555555666666665555554455666666655555556666666666666666655555555555555555554433334556677
66555666666666666666666666666666666666666679999986554224799986787799744555545677777654444455554445566666666556666555566666555666666554566677666555444455555556666666666555555666655555556655555555555555
55555556666655666666777666666666766666666779999986554334799987788899644555445567765444445554433344566666665555665554556666666666665555555555555555555555555555666666666555555555555556666655555555544555
66665556555555566667677666666566665555566679999986555334799998777899644554445566654555555543333345666655566665555555566666666666666656665555554555555555555555566666665555555555566665555555555555444555
77665555566666666666666655555666666655555558999986555433699989876799744554445566554555565433333456666555666666666666666666555555555556666666555555655555445555555566666655554555666665666677776655566666
66655566667777766666666555555666676665565569999986554333599999986899645554444555545555554333344566666666666666666667777766555555555555555555555555555555555667777666666666666666766666678888776666666666
55566667777776666777777777777777776666666789999986544444689999986898545554444555554544443334444566666666666666666666777777766666666666666666566666656666666677776666666666777777766666677666666666666666
55556677777666666777777777777777777776666679999986555544689998776998545544444555544444333334445566667776666666666666777667777777667777666666666677666666776677777666666666666666666666666677777777776666
55556666667665555666677777666666677766555679999987667655689999867999545543344444445443333344445556667766666655556666777777766666666677666555555666666666665555666666666666666666555556677777777777766666
66666666556555554556666666666666777766666678999998888766899999989998545443344444444322222344455556656666666555566656666666777766655555555555556666667766665556667777666666666666666666666666667777766555
66666665555544444455555555555566666666666778999999988778899999999997455433344444433222223333454455555666656677776666666777777777777766667666555666666666656667666555555555666666666566667777777777766666
66665555555554444455555555555555566666666789999999988767889999999996455333334444322222234333443434456666666666776666666666677888887777777776655566655566666666655556666666666666666666666666666666666666
77666555555554444455666667776666666666678899999999999888899999999996454333333443222222233233333334566666666666677666665566678888877777777666666666655545556666676666666677776666666666666666666666666666
77766665555555555556666777777766666678899999999999999999999899999996554333333443222212222223223345555555666666666666666667778888877777776666666777776555555666666666666666656666666666667777777777777777
66665555555555555555666677766666777889999999999999999999999889999985553333333332222112222222223444444455665666666666666667777777777776666655566665666666666666666666666655566666666666666666666666666777
66555544444555566666666666666667899999999999999999999999999999999964553333333332122112211112234444444555555555665566666677777776666666776666666666666555566566666666666666666666666666666666666666666666
65555555445556677776666666667889999999999999999999999999999999999854443333332322111111111122333333333444444455544555666677776665555666676666666666666666666666666666666666666666667766666777666666666776
55566555556667777777777777778999999999998999999999999888999999999755443333332222111221111222223333333444445544444555565666655555555666777776666666777777776666666666666666555666777766666666666666666666
56666666666666777766666778899999999999988999999999998777999999999755433333332221112221111222223344322344345544444444444555555444555556677777666667766666677777666666666666666666666656666666666666666655
66666666666667777666666788999999999999999999999999987667999999999764333333332222112221111222234444212332344444333333334555544333444444556666667777666667777766666667777777777666666666666666666666666666
66665566666666666666667899999999999999999999999999987766999999999754333333322222222211111223344432111222444432222222345544332233333333444555556766655556666655555567777776667777776666677777667777777666
66666666665555555555677789999999999999999999999877787766899999999643333333322222222211112334444321111113333221111113444433222222222233333334445556556666666655556677777665566666766666676666667777665555
55555666666555566567898889999999999999999998898877667876899999998533333333322222122211223443333211111112221111111124332221112222222233322334445555667777766665567788776666655666667777666666666665555555
55566667766666666678999999999999999999999998988888878876899999998523333333332222122222344432222111111121111111111232211111111111222222222344455555556665556667788888876666666666666555556556666666666666
66667777776666678899999999999999999999998889987889877765699998998522343333332222122334455421111111111121111111112221111111111112222112223444555555556666666678888888877766677666555665555555666667777666
55666666667778999999999999999999999999888788887889876664589988998532343333322221122345564211111111111221111111112111111111111121111122223445555556666666655567888888887777788776666666555555566666666677
44566666678999999999999999999999999998888888876788876654468987787642234333332221122345442211222111111121111111221111111111111111111122223455556666655565444456778888887788888877766666556556666666555666
44455556789999999999999999999999999999888777766788876555348887667742234333332221122333311222222211112222211122211111111111111111111111223455666665555543344445667888888888888876666666666666666666655666
55544456899999999999999999999999999998887777766789875445447887767752133333322221122222112222222211122222211222211111111111111111111111234466665555554323333444566778887888888777666665656666777777776666
66665567999999999999999999999999999998877776666788875334447887677763123333332221122222112222332222223332212232211121111111111111111111223466555554432233333344567777777888888777766666666676666666666666
66555567999999999999999999999999999888877766556777764322446876566652123333332221222211112222333222333333223332212211111111101110011011123455555443122333333335667777667888877766666666776666666667666676
55555678999999999999999999999999988877766665557766665322456776555652123333322222232111112222233333333332233322222222221111111111110011123444443211222322222345666666678888776666666666666666777777777777
55556689999999999999999999999999988877666665567766664322456776554543223333322222222111112222233333333333333332333222222211111111111111112334432111222222222455555556788887766666665555566666666666666766
55556799999999999999999999999999999888777667677666654322445665545543233333222222222111112222233333333333344333333333322222111111111101112233311111222211123455544467788788766666665555666666656666666666
55667999999999999999999999999999999998887667877766544332344444444442233333222222221111111222223333333344444333433333333322222222221111111122111111111111233444444567777888876666666666666665555555655666
66678999999999999999999999999999999987766655666665544332343334443332233322222222222222222222223333333344444444444444333333333323322111111111011111111112233333344567777777887777666666666666666677766666
65679999999999999999998888899999999877655554555554443332233333333332222222222222221122222222233333333333334444444444333343333333321122221110011111111112332222345666666677777776665566666666666666666666
66789999999999999999876666677899998777544454445444443332233333323332222222222222211122222222233333333333333444444444444433444343322222222111111111111122221123466555666667777666666665555556666666677666
68999999999999999988766566666778998766544444444433333333333333322322222222222222211122222222223333333333333344444444444444444443322333332111111111111222211234555555555666777776665555556666666666666655
88999999999999999887665555445668998666643333443433333333333332222222222222222222111122222222333333333333333334444444444444444444333333432222112111111222111235544455555567777666655666666666666666666655
99999888999999998887777765554555788655554333333333333333322332222222222222222122112122222223333333333333333333334444444444444444433334432222222211112222112344434444444467777776667666666655555666766665
99998888999999988887777776665544555434443333333333333333322322222222222222222222122122222223333333333333333333333344444444444444433444333333332111122322222333344433344456677777776667766666666667766666
99988889999999988888777777666544553333333333333333333333332222222222222222221222222222222223333333333333333333344334444444444444334444333333332222233321223333333333333456666666666566666666666666666777
99888888889998888888788788777654543333333333333333333333332222222222222222211222222222222233333333333333333333334334444434444444444444333333332223343222233333332222223456666667766677777666666666666666
98888998878999999888888878766655543222332233333333333333332222222222222222111222222222223333333333333333333333333333443334444444444444443344332234432223344333322222223455566667766666777666666666666555
98889999987899999988888888765654433322222223333333333333333222222222222221112222222222223333333333333333333333333333443334444444444444444444333344333334433333322122223444455666666676666666666666666666
89999999988899999988888888766554332222222223333333333333333322222222222111245543222222223333333333333333333333333333433333344444444444444444334444443444444333221122233443455555667777776666656666666676
89999999999999999998887777766654432222222223333333333333333322222222221112456554222222223333333333333333333333333333333333344444444444444444444444444444444332221122233333455545556666666666665666667666
88999999999989999977876667766765432222222223333333333333333322222222221125534444333222333333333333333333333333333333333333344444334444444444444444444444444333222222333323454434445666666666666666677777
88999999998877787655766666666655433222222233333333333333333322222222221146533334344333333333333333333333333333333333333333444443334444444444444444444444444333322223333223453223345566666666667777777777
88999999987665555555555555555654433322222233333333333333333333333222221355433333455422222233333333333333333333333333333333444443444433444444444444444444444433333333332233432222234556677777777777776666
88999999985444433344444433333555433322222233333333333333333333333222211454323333355532222333333333333333333333333333333334444443343333344444444444444444444444433333332234322222223345666666666666666566
89999999863222211123333333223455433322222222333333333333333333333222111453233333334552222333333333333333333333333333333334344333333333344444444444444444444444443333332333332222222233444444455555655665
88999999852223321111223333222244443322222222233333333333333333333222113543233333333563222233333333333333333333333333333333333333333333344444444444444544444444443344333333333332222222344323444455555666
88999899865566521111122222222233443322222222333333333333333333333222113432223333323443233233333333333333333333333333333333333333333333344444444444444544444444444444444334444443323333344334455555556677
88899899876677632111111111122223333322222233333333333333333333333222114422223333333432233233333333333333333333333333333333333333333333344444444444444444444444444444444344444544333334455545666544456666
88888889887777753211111111111112233322222233333333333333333333333322124422222233333332233323333333333333333333333333333333333333333333344444444444444444444444444444444444445554434444555556666433455555
88877789998777665321121121111111122222222333333333333333333333333322123322222222333432233323333333333333333333333333333333333433333333344444444444444444444444444444444444455554444445555556665543444444
87767788876777666443211112111111112223333333333333333333333322223322223332222222234532233322333333333333333333333333333333333443333333334444444444444444444444444444444544455555444445555555555554333344
77667776567776655544332122111222223333333333333333333333333322222222222333222222235532223332333333333333333333333333333333333444333333333334444444444444444444444444444554455555444444555555555555433333
66666665566776555544443333233433333333333333333333333333333322222222222343222222223322223322333333333333333333333333333333333344433333333334433444444444444444444444444554444555444444555555555555544333
66666655666665554443433333344334433333333333333333333333333322222222322344333222222222233322333333333333333333333333333333333334443343333334334444444444444444444444444444444555444444455444555555554322
66665555666665443333333333333333333333333333333333333333333322222233222234443222222222233322333333333333333333333333333333333334443344333333333443444443344444444444444444444445544444455444444545555432
55565666556555433333333333333333333333333333333333333333222222211233222222354322222222233322333333333333333333333333333333333333433344333344333444444444444444444444444444444444444444445544444444555433
55566555434554433333333333233333332223333333333333333333222222212332222222223222222222223222333333333333333333333333333333333333333333333343333444333333444444444444444444444444444444444544444455555433
55566544333444433333222222223333332122322233333333333222222222112332222222222212222222223322333333333333333333333333333333333333333333333333333343333333444444444444444444444444444444444444444555555543
55566543333344333333322222222333322222222222233333332222222222123322222222222211222222233322333333333333333333333333333333333333333333333333333333333333344444444444444444444444444444444444455555555542
54555433333333333333322222222333222222222223333333222222222222233322222222222211222222223322333333333333333333333333333333333333333333333333333333333333444444444444444444444444444444444444444555555543
44565433333333333333322222222222222333222233333333222222222222333322222122222222222222223322233333333333333333333333333333333333333333333333333333333333444444344444444444444444444444444444444444555554
44454333333343333333332222222222223333333333332222222222222233222222222222222222222222223222233333333333333333333333333333333333333333333333333333333333344444344334434444444444444444444444444444444444
33444333344444333333322222222222233333333333332222222222222233222222222212222222222222222222233333333333333333333333333333333333333333333333333333333333333333334333334444444434444444444444444444444443
33343333555555543333222222222222333333333333332222222222222233222222222212222222211222222222233333333333333223333333333333333333333333333333333333333333333333333333334444444433344444444444444444444443
33333334555555443222222222222222233333333332222222222222222333222222222222222211111122222222222333333333333333333333333333333333333333333333333333333333333333334433334444444333334444444444444444444443
23344445654444332222222222222222222222233222222222222233333433322222222222222211111112222222222233332333333333233333333333333333333333333333333333333333333333344433334444444333334444344444444444444443
23334346644432222222222222222222222222232222222222223332233333322222222222222221111112222222222223332233322333233333333333333333333333333333333333333333333333334433334434444333333344444444444444444443
22344456643322222222222222222222222222222222222222234322222223322222222222222221111112222222222223332223322222233333333333323333333333333333333333333333333333334433333333443333333333334444444444444444
22245555533222222222222222222222222222222222222222442222221122332222222222232221111112222222222223332223332222233333332333233333333333333333333333333333333333334333333333443333333333333333444444444444
22245553322222222222222222222222222222222222222224422222222112222222222222332211111112222222222222332223332222223333332233333333333333333333333333333333333333333333433333333333333333333344444444444433
22245433222222222222222222222222222222222222222224322222222212222222222222322211111112211222222222332223333222222333332233333333333333333333333333333333333334443333433333333333333333333333444444444433
22233432222222222222222222222222222222222222222233222222222222222222222222222221111111211112222222222223332222222333322233233333333333333333333333333333333333443333333333333333333333333333444444444444
22222322222222222222222222222222222222222222222243222222222222222222222222222222111111111112222222222223332222222333222233333333333333333333333333333333333333443333333333333333333333333333334443333444
11112222221111122222222222222222222222222223222333322222222222222222222222222222111111111112222222222223333222222332222233333333333333333333333333333333333333333333333333333333333333333333334443333333
12211111111111122222222222222222222222222333333344322222222222222222222222222222111111111111222222222222322222222233222233223333333333333333333333333333333333333333333333333333333333333333333444433343
22211111111111122222222222222222222222233333222344322222222222232222222222222222211111111111222222222222322222222333322233223333333333333333333333333333333333333333333333333333333333333333333344444443
22222111111111122222222222222222222222233233333344321122222222232222222222222222211111111111222222222222222222222222222233222333333333333333333333333333333333333333333333333333333333333333343344434433
22222111222111111112222222222222222333333333333334421111222222222222222222222222221111111111122222222222222222222222222223222333333333333333333333333333333333333333333333333333333333333333333343433333
22111111122111112212222222223333233333343333333333321111222222222322222222222222222111111111122222222222222222222222222222222333333333333333333333333333333333333333333333333333333333333333333333333333
11111111111111111222222233333333334443333333333223222113222233322322222222222222222221111111112222222222222222222222222222222333333333333333333333333333333333333333333333333333333333333333333333333333
11111111111111112333333333333334445542333333332222222124322333232232222222222222222221111111112222222222222222222222222222222333223333333333333333333333333333333333333333333333333333333333333333333333
22321111111233223333333233344444455432233333322222111145433323322232222222222222222222111111112222222222222222222222222222223333233333333333333333333333333333333333333333333333333333333333333333333333
23332122223564322222323334444333455443333322222211111145322223322332222222222212222222211111111222222222222222222222222222222333333333333333333333333333333333333333333333333333333333333333333333333333
22223222223663222333334444443333354333333222111111111134222223332333222222222111112222221111111122222222222222222222222222222233333333333333333333333333333333333333333333333333333333333333333333333333
22223222233333333444444444333333354333222211111122111123322233333332222222222111112222222111111222222222222222222222222222223333333333333333333333333333333333333333333333333333333333333333333333333333
32222222332223333444444433333333344332222111111122111233322233333332222222222211111222222211211222222222222222222222222222333333333333333333333333333333333333333333333333333333333333333333333333333333
22123333332223333344444333222222244332222112212121111343222333333322222112223211111222222222222222222222222222222222223322233333333333333333333333333333333333333333333333333333333333333333333333333333
11113333332222333333333322222222234432111111111111111343222333333322222111222221221222222222222222222222222222222222222322222333333333333333333333333333333333333333333333333333333333333333333333333333
11112333332222222223333221112222224432111111111111111233323333333332222211222221221222222222222222222222222222222222222222222333333233333333333333333333333333333333333333333333333333333333333333333333
11112333322222222222222111111112122342111111111111111223333333334433222222222222222222222222222222222222222222222222222222222233333233333333333333333333333333333333333333333333333333333333333333333333
