43433233334443322774322222233212221211113334327633433232112146542223333332323121223367532223332223332584112332223356788888888888888888878763788533333346664332233333333332222222222222478888888888888886
55554455445455444884444333444434334334445555547634543443224334442324333432225332434358532222432223333454213233222244567888888888888888877763786443343334444443233333223332222222222222567766888777888875
44444445554444445984445445555444555555555555467624555555555545554544444544445543435237532223432223333132222253221243344678888887888887877764653344443332233554444332222222222222222333456546777777888764
44444444444444444874444444444444444445444544457634444445555544444554455445555555555557533335533344444443221465333443333468888886658886777764454444532222235467544333442222222222223322244355777888888763
33343333333333334874333444444444434444444444457634444444444444444445444444444455455555434555555555555555532666455555555566777775446675457764356443532222235455432242332113322222223233323345787888888864
33333333333333334874333333333333333333444444457633444444444444444444444444444554444456534444454445555555544647455555555565555565556555567764455555644444455444444454443234422224422232333346788888888765
33333333333333333874333333333333333333333333358633333344333444444434444444334444444467534445444454555555446557455555555555555555555555535753455556655555665555555565555555555555655544444456676777777754
33333333333333434885433334344333344333443333357623444443444444444434443444333444444466533444444444444444458477344445555555555555555555524764455555555555555555555555445555555555755555555556555555556655
33333333343344444874443344444344444444444444457633444444444444444444444444444444444467533444444444444444368467344444444444444444444554556764454555555555554555555555555455555545654555555555555555546655
33333333333343334864444444343343444444444444458633444444444444444444444444444444444466533444444444444444377467344444444444444444444444457764444444444454555555555555555555545445544455555444444555444445
33333333333433334884434333333333333444344344458633434444444444444444444444444444444466534444444444444444367356344444444444444444344444457764344444444444444444444454444554444444444455555444444445444455
33333333334443334874333333333334444444333333357633433333334334444343344444444444344466534444444444444444355356344444444444444444444444457765444444444444444444444444444444444444444444445545555555445445
33344333334434434874333334433343433443334433457633443444444434334333334344443443443467534444444444444445356556344444444444444444444444457765444444444444444444444444444444444444444444444444444444444444
44344444344444444884344444444333343333333443358633444443444433444443344334443444443477534444444444444444467346344444444344444444444444446775344444444444444444444444444444444444444444444444444444444444
44444444444444443684444444444444344443444444357633444443344444444433444444444433444476423444444444433333466446444444433344444444444444447775344444444444444444444444444444444444444444444444444444444444
44444444444444443674444444444444444443344444357743444333344444444343444444344444444476433444444444333333467466444444433333334444444444447875344444444444444444444444444444444444444444434344444444443444
44433334444444444884444433443444444444444444357633443344343433444333334443334444444476534444444444443333567685444444443444434444444444447865344444444444444444444444444444444444444444444444444444444334
34444444344334444884444444444444444444444444437633444444444444434433443444434444444477533434444444333344458974444444444434434444444444446775344444444444444444444444444444344444334434444444444444444444
44444444444444444884444444444444344444444444436633444444443444444433443344434444334476534544444445556565569854444444444334434444445444446775344444444444444343444444444443434444343343333333434333343443
44443443433434444884444333434443344444434443457633444444444444444444444444444443344467536864566655666665678644544444444444344444344444446875344444444444444444444444444444433444444444433443444333333433
44444444443444343885333333333444344444433334457633444444444444444444444444444444443477566865775665555555566535444444444444444443444444446775344444444444444443433444444444444444444444444444444444444444
44444454444444443685443444434433444444444444457633444444444444443444444444444444444577588777666655555544435334454444445444444444444444446764344444444444444444334443434443334334344444444444344444443444
44454444555555544684455545444444444444444444457633444444444444444444444444444444444477567556777655556555533333344434444444434444444344446765344434444444444444444444443444443333333333344443343343443444
34444433444445554785455555565555555555555555557633444444444444444444444444444444444257556667766555566544442232244433334434444444434333436865444434444344333344343444444344444444433334444443344344443443
23344333334434444784455555444554444555555554467634545555555555555554556555555444444466565677766655556775432121234544444434444444434434436875443433344344444433433444444444444343333334444444444344444443
43344434443334443784344444444544454444444444457633444444455444444444455454455555544477531387765555545653332110135545444444454444444444446765433334344334334344444443434444444444434444443443444444444444
44344544444434333785332333433444444444444444437634444444444444444444444444444555665577522576665554454100122211124544444454454444444455445776444444444444444444444444444444444444444444444444444444444444
44445544444344433684332233333343333333443433437533433434444444444433344344444444445577536666445544455110012321124544444444444544555555555666445554444444444444444444444444443444344444444444444444444444
55434444344343444564333333333323333333433344457632343434444444444444444444444444434577546555554434544431111222124555445444444455455555545445565555555555555554554444444444444444444444433444434444444444
33323433444443343344455433334333333333334444457632333444544454334444544544444444444477555566544444433331221122224555556655554455555555555555555445444444444445555555555555544444444444444444344444333343
33334433444544444433553233343334333333333343357633433433444444444444444445555444444477655788853344332221121123324444445445565555555665666655565445554444444444444444444555555454444544444455444444444444
44444444455555444444544444344433443333333333357532222333433444434444444444444443454577657978974333221221222122324445654456765555666667776666666544455444444444444444444444444444544454455555555555444444
44433444447872344345544444444443333333333333344432333333334233343444444343344333344477679998885322111231221112324545546677655566677667776666666654555444444444444444444444444444444344444444554555555545
44444455445653344443434344444445444344433342322332333332233343333333333343344444344256678987665322111221221111222234666666666666677777766667666665455544444444444444444444444444444344444444444444444445
44455555444444444444334444444445445444444343222233333322333334333333333444445433444466244654314321221111111111233235655555677766677776666777777655445445555554444444444444444444444444444444444344443444
44445544545444444444443444444444345432333334333334333443344333344434333444344444444574133331002421341111112111223322455556776666666666666666666555434444455566655545554444444444444444444444444444444443
55445544445344444444444444444444544333344544455444334444344444444434444443334444544563223320013321231111222111223332134556776666666666666555666554333443344444445555554444555554444444544444444444444444
54344444444445444434534334443443434444444444454433334334443444344443334434344544444464333222233221232122232112223333213465555666666655555555556643322333235444433444444555566666555444444444444444444444
44444554444445434444434444444343344443344444444433344345543444434444344444333443334465432222222221211222221111222333221344456766555555555445456543322233224445534443443444444444454444455655454444444444
44444554444444444544445444444434445544443444555544455456445444444444444444344344333465633222122222111111111211222322221133345566655555555444555544222223223444444444434433433333333444455554455555554444
44433345444444334444433433343333444434444444544544445444545444444454443333444344443465643222122221111111111111222222222133233456655555555555445654212222322345544334344444544433333333334434444445555555
43433333443444444443322333333443443434443345443444333344444444445555543334444443433354443332111121111011111111222222222123222345555555555555445654212222322344444444454444544444434443334444433434444444
44444334445444444444454444444445444344444445433444444444334445545445544544444443444343345531110011111011111111222222222123222334445555555554446754212222212343444434454444443444434443343343433433334433
44444444444444444444554445544444444444444444444544344343334445544444544455444454454454333111111111111111111111222222222212222223334555555554445543212222211244345444453453443433455444444444344333333333
44454444344544444444443444444544444444444444444444444434444434333334443445434545544454332100011111111111111111222222222212222222233444555444436632211122211244344444454443443444444454444344454444343343
55454555454554444444434433444444444444554544444444444433443334433444344454444455545554432211111111111121111111222222222212222222222333445444435432211122210133434444455444444444444554454343444444444444
44454455555556434444544445445544444455444443454444433444454434444444554455555554454554443221111111111111111111122222222222222222222223333344335422211122210133335444444544444444434444444343443434444444
44455545555544444445454544455444445554344444455544444343454444444444445455544554444544444321111111111111111111122222222221222222222222332233333322121122210133444443333444454444334444454454444344333444
44455565455544344434434445455445444444455444545444444334444444434444555444443444444444444311111122211111111111122222222222222222222222222222322221121122100233333443343333444434343343344444334444334444
34455454554544444443454454444555444444544455545444554444444454444444555445444544444444443343333343321111111111122222222222222222222222222223322211122222100243432343443432334323343333332244344344444344
45554444444444544544456544443444445644443454545444544444333344445544555555444544434444443334434335441111111111122222222222222222222222222222222211222221001233232233442333433333333444443333333343333344
44445455444454434444555545544434444544434444434444545333434433455544455555544444454445544444444457553111111111122222222222222222222222222222222112222221112322233234343454444333343443333434433443334444
44444455444444344444444545455545554444444554444554454334444433554444335555544454443455444444344458653211111111112222222222222211222222222222222122222222223432343343334444444434444443343444344444344443
44444444444544444444444554444454554544544444444444544445443445654444335555443222234444344444345468755321111111111222222222222111112222222222222222222223333333344433344444444444344443344454434333444434
44454454454544444444445544444444544445544444445444544455444445444544544444443233344443444445444477764221111111111222222222222111111222222221222333222233333344343333333444444333343443333444344334334433
33443344443333444454344554544544444454444455444344444445444444444444444544444344444444444444454477764321111111111222222222222111111222222211112333221233333444343344444433434433333344444334343433343333
44444444344433344343433444544545544454444444444444434445444444444555544444545444444444444443444677765321111111112222222222222111111122211221012333222433333444333344333333334343333344444334343433433334
43343333444334443333433334455455444444444444434444445444455444455445544544543444433444444444444777766431111111112222222221122111111222211220022333222333333444333333333333334333333333444444433443443334
33333444454433444433444434444444444445544443344454444434545444455444444444554444445554454333445677766521111111112222222221122111111122222210122333223223434433333333333333333333323333334434433444444443
33334433334333344434444444444534434344444443444433433334444454545555554444565554445555555444555677665642211111111222222221122111111122222101123332223322233333333333333333333433223333333334444344444433
34434333333334444443344443344444334443444444444434444433444444544455434444455564446445445345454566665563221111111122222221122111222222232012123332233323333333433334333334434443332323333344443344434423
44344334434443454333333333334434334444444444434433344333333434334445444434544454333334444333334456665445221121111222222221122112222223321112222222243223434433333333333334444433433333433334444444533334
44444444444444455543334333344444444544334444444444343344444344534444454444344445333444443344444546776435522222111222222221222222223333211112222222254343434443333344334334433343333333433334343344433334
44433333344444444444434433334444444433344443443333344344444445433344344443333334454443444444444445786666632222222222222221122222333332212222222222344454433454443443444555422443334333433443443344333343
43322333333333433333454443344444444444433334432343333334434345444343333343344334554444544444444445677888962222222222222221122233333444222222222232344444444445444444544444543443333344434544443334433333
33444334344344344433333443443333333335443333333344443344433344333333344443444454343344445333444444468999996322222222222211122233344544322222222222333333444334334434433344433443344444434334333333433433
33344454444444344434444444334433333444444343334344444444433443333223344433344444344334455444454444457999898533322222212111122333333333422222222222444445444444445445444444333334444345323334433333433443
33334443444433444334444344344443334444344333343444444444445544444333334434434344444435444444433444447898787433332222221111234433343443431122222223544444443444334444443443344334333333323333333333433333
33343344434433344344443333344433334334333334443455445444444544434444435444333443444334444444444444447876554433333222221111344433443333342111222223543343444443444344444433344344233333323321333333323333
33334333443443344344333333334444445344444333433334443234443444346534444343343444444334444444434444437985333333333322221112443333333443443211222223443543443433333334443333333233323334322321223333333333
33344443433333344434333444344343444443444344443433443334444445435534444433444444443333433434344444346999532333332222211122443433333653334311222233333543333333333333343345323354433334221222223223333334
33333333433333343343244334434333333344544444544444554333334444434544344444443444444344434443444433346899742232332233222223444433333543334532322232333433333443333433433334343454333333332223343334333233
33323432222333333333344333334334332334433344334444544334344343343344443454444444444444344444443333345899973222222233222223444443345443345543332332433433444343434333433334453344333344333444444343334444
32232333233223333334443433333433333333332333333444444344444434443334444433422334444444444434443344434799974333333323222223444433444444444433332332334434444465444534445334544345343444333333333332334444
33323333333223323343333323333333333333333333334444544333344544444344344333334324433443444433344444444799974334443332222224465444454433443333332332235434445464464445445444454444434544333333443343334443
33334333333333323334333333333232222234333443434334544443354444444444444343334434544444444433434443355689974444434332222224454455644544543333322222246533454343355544434444454443333444433334443333433333
43333233223332333444333333343333333343433343333333444443443334344433444343333443333344333334443433355579974543444432222223443345534444544333222222244454442333346544334343454433333334333344543333334433
32333322223322333333323434333333334453332333443344443433333323344323345345434334444333433344333323434478975544333432222234335334433433423233322222354344442344455434445434454444433445334346443333344444
24443322222333334322333343343333444333333333333333343333223343344333344344333334343343333333333222334367986643433532221244335433333334433332222222344223333455444334444556443443333333333345433444334433
33344322333234333333333333333333434333333443333232233334322333344332333333334333223443443432233442333467877743543432112344433334333324432332222222233334333333244333333234342242233333333344464443333433
22243222333343333433323333333334433344343334423333334333333334434233333233333233223433333333333333344477766743223322112435432333322233333322222122233344364344323322433233452222222223333332344434433444
32333333333334343433333343343343333333333343333333334433333333335323333233334334344333333233334345433466764554333421122344433334332333233311223112234343455333333333632232222312322223232332332334433443
32333344333333443343333444434333333333333343334444333344333443333334333333333443334433232344443455333367767554444311122333333333343333333211223112233332344333333223532222322211321222233222332324334443
42333334443344433443334543344334443332343444334324333344433333333343434443234543233333333343334544443377766644344211122334333332332333433211233111223322343333333322322222222111221223233222223323322345
33343455444443233332333443334444434333443433433334443344443333443344334443333443444334334333344433433466666644334111122233333333332323343111342111223233343433332222332222222212222224331122224323343344
44443445433443222221222334433344434433333333443333443334344334433433333333333443343333334434334333343357776654343111112323232232223433332112232211233332343443323322232222222211122123221111133324235253
44333444443443322332333333333444333333334344443343333333443334334333333333333433333334433444433333334357777764333111111243333242222323332112323111222333333333333224233221211111111112222111124412213343
33333344444343334433334433344233323343333333322333333343342222344244344433344443333344333334433433344356677753334111111333333332322333321123343211223334532322222112111112111111111111112211125621123333
32233443343343333444433443333234334443323333333333344333343333344334444533444443333333334434433544344346666643334211112443333333323433411123333111123233322322211111111011100111111111111224233223333343
44333333234333332344444433333334333333334333333344445433344433433334444434434433333333344333433443334556776533434311123333333232323325511123333111112322211221211111121111110001110111111212222333331353
44344323233334433444443343232443333333333334333334434333323233333334343343444344333433433343433342234456665533343631124433333332333226311122324211112323111111111111110100010102210011101213323443344233
33344323233333334444432222222334433344333333322332332333333233333433333333344333333333333344334333333346544423435741123443333322333234111223336211113321111111111111100111000001210111112213223322244332
33333333333343233343333222233343323444423334333233333333332244444444434443344433443333233344344334434335655423344752122433322233433352112222356211123210111001111111110011111011111111123223322222222333
34333343333242234443333232321222233345333333323333344434433345443434343454444444432543344443445544423335666433334653122433333322332351112233366411122111111000011111111110111010010011112222212332233434
34343344332243444233234323432223333333333334435433444434444444433333343354443333443444434433434444434445766434333653113343434333233452111243345321111111000111011111111210011111101111111532121332123334
33343333232333333342334333333333334443333333444333334433444443333333333453344334344333344443444344433334766433344732112233343333333452111333333232110010000111122111111110011111100111111531445343233346
44334333323443444433333333222344333333333344443223434334344443433332323333344345434344334454443444333334766433434642122344333333443462112323322233111111001111011111111111111111111113223213324356333344
34334333333334444333344343223555444334444445443344444343343444433434443333334444434444345444344444433344776534434554322423233333434652112323322111111111111111111110001100001111111124323234322344323344
33334433343433333334333333323344433344444344333344444444334434334433443443444433444434444443333344334334776533334533322323323443335652113221111111100111111110111110000000001111111011222343333332333243
33234333333333233334433443333334444444444444444434345544444433443432444444545554554334444544344433333323776533343542111224433333333441111111111111111111111111101111110000000011111111223334433333232232
33333333433333334443333443333423444444335443333434444544443334444454445445444543453344444443444433343224776544444444212333433232333321111111111111111111111111100111111110000012311132333333333333233233
33234344433333333343333433333433444444333343344445434333333333444444344443345434443333344433433443443345877664434434212321121101111111111122221223222111111111111111111000111112111222433223322233233233
33333333333323234233333544444433445333333353344444333333332343344333444434444433334433333343343454443446765654344444433223332211111101112233442433343333311110111111111101111111222223432333332233222223
33343334433332334333333344333343444433353444433443334333432333344444433333334333344434343334334444333356665323344344333234433211111112223344333333333333321111110111111111111223334233333333322235323322
32334443333334344333333334343354444444443334533333334334433334333434334333344334333344443434444444344455456422334333332212322111111344333443334443433333221111111111111111113343333323333334433335533322
33344443332343343333334434333344443344333344442333334333433344334443334344333344443343345434344343333443235432334333333311111111112333333434433334553344311111111111111111344343333333333233322332323222
33344333333343333344323333333444443343323443344343444443343344334444334344323343444334344323333433333443333433334443333211112332233333333443333344333434321111121122133222344332342343443333333442232233
33334433433333333434432344324433333233345442234334433433432354334454443333444464443353332224334433333466532233333332333222334444444433333333444543333333432222232332244333343333443364433333333433332333
33443333333333343434544344433332323333334543344345333333323345434454444653354344333443333333344333443566531223322333323233334443343433344334344653333443333333333332344444342233233554333343343443333233
34443333343443344444546533333323333334334443443454333333333334434444433653443334344343323323334343444655332123223333323222333444333333333433333332333433343333333333333344333333333432233443342433333222
34434333333434444333344333333333333344333343333354323343333343334434443443333334334433333333333444455544322313233232232223343334444333433333333333332333233333333333322454433233234433333333332333433323
43443433344434334343443333434333333333333344344343334443432343343334443333333333344334434443334334344333223333333331112211232333433343433333333333333333334344444434333223443333333334333333333233333323
