44222222222211111222223222222322222344233333333345443333223333332222234321112469999999999999999999999989876798888643454898888763234444333322211112333333322333421111111111112111111222222112222223322233
43333222232111122222222222223322333334444333332344443322223333222212234421126899999999999999999999999988766797787643344898787863234444333322211113333333222333322222211111122211111222211112221222222223
33332233332112332222222222233322233334443333332344433222222223332212234332479999999999999999999999999999888887886532356888567762134444333322211123333322222232322222211111122222112222211111111232222332
34322235653235432222222222233322333344434332222333333233332223443332233457899999999988888899999999998998999987775432466787556742234443333322221233333322222223333333221111122222122221111111111122222333
44322235444355421222112232234333333333334323322322232233222223443332346899999999999987776689999998877887798887664432355777556642234433333322222233333222222223333333221112222222223221111111111111122333
43332124444554311222244555544333333323334434532222222232212334443457889999999999999876666678999998665676577666554433344566555532334443333222222333333222222223333333332233323322233322112111111111122332
33322224444343222335652344333333333223334443322222222222233344533699999999999999999886555668999888554555566555554433344445555432334433333322223333333222222223333333333333333322343222222111111111122222
33323334543344222334432454333332223323344543222222222222333344567999999999999999999987766557988777544445545544544333344444444432333333333322233332222222222223333333333343334323443222222111111111112222
22333444443453222344443454444432233222334543334432222322233444799999999999979999989997666466765666544444444444444333344444344322333333333222333322222222222233333334333344444334433222322221111111111111
34444333344553222344444444444443332122234433334445322223223346999999999999989999889999875466444455444444444444433333344433334322333333333333333322222222222223333333333344444344433333333322111111111111
33432233444442223344444444434443222233343333334445422223344579999999999999999999999999886465333444434444444444443333333333333322333333333233333222222222222223333333333344444444433344333332222111111111
22333344444332222334554554456665345653334333333344432234578999999999999999999999999999777664333334434434444444443334333333333222333333332223332222222222222233333333333444444444444444444432332211111111
12344443344322222234554444566653553333344433233345444578999999999999999999999988999999876543333333333444444444443334333333333222333332222222222222222222222233333333333444444444445544444433333222222111
23333333344323333334555555555546544443345543357778878999999999899999999999998778999999886543333333333344444444444333433222333222233332222222222222222222222233333334333433444444555544444433433323332222
22234553344223333334444555556665344334445555789779999999999999989999999999778545677888787643333333333444444444444333433222332222233332222222222222222222223333333334333443334444455444544444444333333332
32245553344223333234555554455653343223345778998799999889988999878999999998565223454566686543333333333444444444443333433322332222233322222222222222222222233333333334333433334444444445555554444444444433
32234543354223322235545654445654442124567999998899999889877988868999999995442222244344576444333333333344444444443334443333332222333222222222222222222222333333333333333333334444444445555555444454444432
22234543444334322356545544456777664335789999987999988888766888779999999998874111222333467544333333333344444344433334443333332222332222221222222222222222333333333333333333334444444444455555445554444432
22235554444555433455445445455555544447999999985899988887655788889999999999995121122233356544333333333444444444444334443333333223222211234543222222222223333333333333333333334444444444444445455554444432
43224554445433444455444555445556666789999999975799888986666888999999999999995223122222345544333333333334444444444433443333333333222223678987522222222233333333333333333333444444444444444445455554444433
34435654444334676676554455445556668999999999975699989987888899999999899999997323322211234544333333333334444444444433444333333333322248755886533222222333333333333333333333334344444444444444455554454443
22345554444344566677654455544445799999998889964699999999999999999999899999988432332221123444333333333333444444444443344333333333222479743465544323333333333343333333433333333334444444444444445554454444
21256654565443333566555566544568999999997788863699999999999999999998887899877543222221111334433322333333444444444444454333333322224777533334554533333333333343333333333333433333444444444444444554444444
44466654675433334666655665455799999999997677873589999999999999999998888898876655422221111122333223333344444444444444454344333322136754333333587653333333333333333333333333333334444444443444444454444445
66765445664333335667665655446999999999876667784479999999999999999998888888766665543321222122233333333343443444444444554344333322256533343333469863333333333333333333333333333333344444433444444454444445
55555555655443346667766544479999999999985566775357999999999999998898888877655555555434443344444434434443333333444444443333333222465333344333336983333333333333333333333333333343334444333444444444444444
44556654566433336666665434699999999999996456776446899999999888887787777766545345455445555555444334444444444444434444443333333322543333344433334894333333333333333333333333333343333444333444444444444444
56677764455434466556654346999999999999997445666535788999999878776686554555444344444445445555444444444444444444444334433333333323542233334433335783333333333333333333343333333343333343333344444444444444
78876654333466775456654469999999999999998644565644589888877766665665433455444444333444444544444444444444444444444433333333333324433333333333345433333333333333333333343333333333433333333344444444444444
65456544455544665566654489999999999998899744455654578876665545655564444455445444433343444444444444444444444444455433333333333334433333233333344323333333333333333333344343333334433333334444444444444444
65566544444334545555544699999999999988899854445564457865544433445554444444454434443344444443234444444434334444565433333333333333433322223333455323333333333333333443433333333334433333334444444434444444
55776444434455545554334899999999998767899854444564456654443333334444445444444443343334443433233433444443344444454333333222333333443332222334565333333333333333333333333333344333333333334444443344444444
55554334444466555433336999999999986667899864444455344654433333333444466554454443333333333333333333333333444444444333333222333332453333222234564333333333333333333333344333344433333333334444433344444444
45434443454444345323348999999999865566899865444446444455433333334444566665444443333333333333443322333333344433333333333222344332244443223233433333333333333333333333333333334333333333334333333344444444
55434666863444443333368889999998655566799765444445434444333333334545766666534433333333333333444333333333333333333333232223443333224554323333333333333333333333333333333333334333333333334433333344444444
65434567853443334432576555569987555556788766434434533333333333334556665554433333333333333334444333433333333333333322222233433333322354333333333333333333333333333333333333334333333333333443333344444444
55533565444433333333533222239965455556677666443333543333333333334556654433333333333333333333444334443333333333333222223444333333332222222323333333333333333333333333333333334333333333333434433344444444
66544443334432233334311122229954455556666666543333443333333333334665543333333332233333333333343334443333333333333322333444332333222222222233333333333333333333333333333333333333333333333334433444444444
55444443344332333334311111129744455566666666643333343333333333333554433223322333333333333333333333333333333333333323433333333333222222222222333333333333333333333333333333333333333333333344433444444444
44432345543332333234311111129644445566566666653333354333333233223443332222222333333333333333333333333333333333333223433333333233333222222222333333333333333333333333333333333333333333333344444444444444
44433456533332222234311211149534444555566666664333565333332222222332222222222233333333333333333333333333333333333234433333333333333332222222233333333333333333333333333333333333333333333444444444444444
44444565542344322334522121288433443455556666665334785332222222222222222222222233333333333333333333333333333344333444333333333333322232222222222333333333333433333333333333333333333333334433444344444444
55555653454333344566665311596433334455555666666446985332222222222222222222222233333333333333333333333333334443334454333333333333322233222222222333333333333333333333333334333333333333334433344344444333
56655543454332233455788634994333344455555666666547985433222222222222222222222233333333333333333333333333455333323334333323333333332222222222222333333333333333333333333333333333333334333333344444444444
76556544554442345544677678963333445555555555556657875333222223222222222222222223333333333333333333333333553333332223333323333333332222222222222333333333333333333333333333333333333333334333344444443344
86566435654332335445677899743323455555555555555657775432234322322222222222222223333333333333333333333233432333333323333323333333332222222222222233323333333333333333333333333333333333333333344444443334
65555458744533345545677888533333444445555555555667765433234332222222222222222233333333333333333333332234322333333332333323332333322222222222222233323333333333333333333333333333333333433333343444433433
65444466534543344556687764323344444445555555555568766543322243332222222222222222233333332222233444443344432233333332233323332333322222222222222222323333333333333333333333333333333333333333443344433444
66764343332333344687567532233444444445555555555568754443322233345212222222222222222333333333334444444455432233333333223333333333322222222222222222223333333333333333333333333333333333333333344444433344
55786455333333456676534322244444444445555555555567854554333333335423334433344333344444443343343334433455422222223333323333333333322222222222222222223333333333333333333333333333333333333433344444443444
55577645544445667557433222334444444445555555555557754444333333433533478643444444444444444554444443443455422222223333333333333333332222222222222222223333333333333333333333333333333333433443333444333444
54455666544556676567433223333344444445555555555556654333222223433333456433333334445445556665445443443345432222223333333333333333332222222222222222223333333333333333333333333333333333343333333443333444
65444566444566665468532223333344444444555555555555554332232222234444433344444445555555556654334444444444432222222333333333333333332222222222222222222333333333333333333333333333333333344333334443333444
55544555444455544469633223333344444444555555555555444332333322223445543345555555555554466544334444443333332122322232333333333333333222222222222222222233333333333333333333333333333333333333344444433433
44554444333455455569733222343333444444455445555555444433333322222445543345555555554443466543334443333333233244322233433333332233333222222222222222222233333333333333333333333333333333334333344444334433
55676533322355445558834332344333334444444444455555544434333332222444443334444455433343466544433433333222223465322344333333333233333222222222222222222223333333333333333333333333333333333333333344444444
55678655432344455567844432244333333343333334445555544444423322222343333333344444433333466433333322222222222664333433333333322233322222222222222222222223333333333333333333333333333333343333334444443333
45567644444333455556774442244233333333333333444445554334542222223333333223333343322333466433222222222222222552233322333333322233322212222222222222222223333333333333333333333333333333333333334444443333
45577533344233345555575443343333454345322344443445554433443333233333322222222222222222356433222222222222222432233223333333332333322212222222222222222223333333333333333333333333333333333333333443333333
55565444334333356322355554444444454333221488755444555433343333333222112212222222222222245522222222222222234332332233333333333333332211222222222222222223333333333333333333333333333333333333344333333333
55555554233334566322233455544444443333344787677654455543343333332321111111112222222222234532222222222222256432232233333333333333332221112222222222222222333333333333333333333333333333333333344433333333
55556543234444444322332334444456654446753235655762445554433333332331111111122222222222223532222222222222245332222233333333333233333322111222222222222222333333333333333333333333333333333433444433333333
55556433223443232223332223344444445676422257766651345555544333332332111111112222222222222432222222222222234443322333333323322233333322211122222222222222333333333333333333333333333333333333444443333333
45566433222333332233333223334333432232222699963211345555555433333322121111112211222222222343222222222222233343322333333322222334333322221122222222222222233333333333333333333333333333333333344433333333
45566433222223332333332322234323433221124999983211345555555533333322122111222211222222222233222222222222222343222333443332222334433322222222222222222222233333333333333333333333333333333333334333333333
55567533322223322233322222233323433322268999973112345555555543333322112222211111122222222223322222222222222333223443444332222235543332222222222222222222222333333333333333333333333333333333333333333333
55565332222222222222223333223223432234688998532223345555555543333332112222222222222222222222222222222222223333323444444333223335665332222222222222222222222233333333333333333333333333333333333333333333
45565432223432222211245543233333432236868963222223345555555543333332212222222222222222222222222222222222223333333444444333222334556543222222222222222222222223332333333333333333333333333333333333333333
56566555447852222211235543323433323348857522222222345555555554333333211222222222222222222222222222222222233333334444444333222234544555322222222222222222222223332333333333333333333333333333333333333333
55566556546632222211136753333334333369743222222221234445555554333333221222222222222222222222222222222222233433334444444333222223543566433222222322222222222223333333333333333333333333333333333333333333
44566655555533333211236753333676544575322222222111223334555554333333322222222222222222222222222222223333234433334444455332222222454445543322223332222222222222222333333333333333333333333333333333333333
55555444445653332222235543335666545643222222211111223445554455433333322122222222222222222333222222224566434433334444555322222222344555666422223332222222222222222333333333333333333333333333333333333333
43344333334542222222123443234676566522111111111111233444544455433333332222222222222222223333333233333434444434444445555332222223444567877632223332222322222222222333333333333333333333333333333333333333
44455433333443223221123443333466567521111111111122233334533555543333333222222222222333223333333333333333334444554555556433222223433457888763223322222232222222222333333333333333333333333333333333333333
34444433444444333332113333323566566521111111112222333234444566554343333222222222223333333333333334333333333334444555555433322223433468778765322222222222222222222233333333333333333333333333333333333333
44444433344455423553113322234445566531111112222233333333455555554333333322222233233333333333333222343333333333334555554433332223444566666678643222233222222222222233333333333333333333333333333333333333
34444432333444554333213311122345455642112222233333333344554345554433333332222333333443443333321112234433333333334555555433333333455556665468864322223322332222222233333333333333333333333333344333333333
11223432344333332222223432222345445553222343233333333345555444444433333332223333344444433333211112223443333333334556554443233333587678755556666432223322333222222233333333333333333333333333344433333333
12124443343322333222234676321245688643332344333333334445555444444444333333233333444433322222222222223433333333334556554433333333465578854555567653233333233222222233333333333333333333333333344333333333
11223443233322334322344467632245577633433333333333333334444455334443333333333333333333333333344343234433333333333556666533333333467877764455556665333332323222222233333333333333333333333333333333333333
11122332333333334443333446763345455424444434433333333333333564222344334433323576422333344455555443333333333333333455666533333333345665556665554445433322333222222233333333333333333333333333333333333333
22223322332333334445533334576644444323344433433333444433333453112343345545433479963333444445578854444333334433333445555533333333344566556655544444543333333222222233333333333333333333333333333333333333
11122112222222323443433434576555445322234444444433344433344552112464456542233234676333344454677764555333334454356655556533333333334456545655544444654333333222222223333333333333333333333333333333333333
22111211222222223444444434555655555432334422355544444432245653222256566543223333334443444444687665456643433334356677655433333332333445544666654444665333333222222223333333333333333333333333333333333333
21112221234433224666644443233444445445554322223457743443234444322346664356556643433444333334587687445643332344345444455443333222233344444445544555655433333222222222333333333333333333333333333333333334
22222344444334555566544443233444445555554432113566643454334444324578876567886433332234333333477566545643333344444454444453333222233233334544444456664443333222222222223333333333333333333333333333333334
22233233333344455555322444357864445555444434664554443433334444223334445655665333323344333344358766555643322222344455444443332222222233344333333456665544333322222222222333333333333333333333333333333334
31123444444444576556655554335876554456554435774455434332333234333233334445555444333344333333347876655544433333333344455543333322222234554433333335665434443322222222222333333333333333333333333333333334
84111356665677644566665433223566654334687434444444332243333223333332333344345555444324553333334566775445543332232234467654333222222224544444344424553333333332222222222333333333333333333333333333333344
67434455655447766654555555322345554433578643355433332344433223343223333332354445544344575445555555554443333322222234565433333222222223432233333323443244333332222222222333333333333333333333333333333333
34553221356667776435655565433226766776545544456653344332234433553355333344333345554444566554467665434554222333332234664333332222222222345533333333333223333333223322222233333333333333333333333333334333
33222222344566677778765344443224666666665444566655444444445543343566433444667776544444555444445665323432223345432247754533333221222222345642232344443333333233333222222233333333333333333333333333333333
55325665544555567755654333334443235667655455445544445676544654443566444444676544555544566643346776322332333455567776423443333221222222344532222333332222345555333222222233333333333333333333333333333333
43257765577654445566555434456643333344554443444444444555666666544555543445666644444444334444335664432333336765456787422333332221222223344433333333322223455455433332222233333333333333333333333333333333
45588776665544445765444444566432221125554334445554444578887656654544344555444444444345433333334444444444344554334445753233333221122222345432233222222222345534553332222233333333333333333333333333333333
55664334445566445765444567887644444323344333335666567787655665556544443444444444444433333333333344445544433454333333455333333211122223334443223322322234435667885332322223333333333333333333333333333333
36874344567777654554444555532223223433333333235655666567865567656544454444444443334433333322344444434455554455433444455444433221122223333333322333332234567887665433333222233333333333333333333333333333
33333544567877655555433333333222222223333333345544445667865566666555556666678776533333222222334664333333444433334566555554433221122223344433322222344567755555554443333222223333333333333333333333333333
34433334555433334444322222245434322222333333444333334565555544555544455554445544443322332222223344333333555543345666555555433222122223344222222222224665333444555544333332222333333333333333333333333333
23333235544333333444432222234444322222211235543233335676532333345544455544335665545543333322223444333334444454566555556555543222112223344322333554443332234555555544433332222333333333333333333333333333
22233224544333234444432222222334554222211133235553244455322344334555567544566677753332333333332223333333334445555433334444443222212222345434456544433344555555554444444333333333333333333333333333333333
33455422334333334444332222222233443222212553576664344335544554323333333345668875322223333222333222343322233334444444333334453222212222344334665334345545677655544444554333333333333333333333333333333333
36899831223332333344322222122222222222224555532466432225775322223345543344578765444443322223345444455432233334567775433334444322222222344457753333335666677777655555555433333333333333333333333333333333
23455432234444344444322222222222224442225763233346422224665443333455445544555555455432222333345543333333223333334554434454444322212222344566543334434775555677765444555654333333333333333333333333333333
33333323443333333333212232222222235642235422345554443443345653222345357754544444553233222222235432233334432345666654333333444322221222344565334444554344444566554555555576333333333333333333333333333333
33355532332222333322122223443222246632454223333565565443334664332334444555444445433323344443344433344445543433322244433334565322222222345544444566555333455445555556666555433333333333333333333333333333
44443333332212343221222123555432258843433432223334565333334664443333334555433455324433333332244333334432222111222344333334554333222222234444444433432124554334565555555554443333333333333333333333333333
43322233344212343221111112344432368742332222233212344467436654443332247763335653223332222223344432222321112111122333333245544433222232234554333223444454333344455665467654454433333333333333333333333333
33333222333321243322111112233333477422221112344322234466457643433322347996458842334334443334444222222212322111112332223445544333222233334455433324444565332344555565467643344443333333333333333333333333
33321112443222234322111112465334432112331112322222244332457644443223466799766555666566544443343322121122455566554332236764323433222223334445654434334676444444444345567754443444433333333333333333333333
33333333332222334322222134543334311113442233322122234432356655543223565589998776533444333322443221112368987543333333357534432333222223334445665443356776555555544334677776543334433333333333333333333333
43345778863224554432111244332232222212452234222221113576556544543343344468997543455654432234542222368986422111112223466655554333222223345445554433577788645544444455588766544555543333333333333333333333
