44444444444444444444444444444444444444444444444444444433697444589521124444444487444444422268675444444444444447964444444444444444454444444588534444555445544445445444444444454444566534444444444444444444
44444444444444444444444444444444445544444444444444444444696444699621124444444478544444422487677444444444444447974444444444444444444444444588534444444444444444444444444444444444577534444444444444444444
44444444444444444444444444445444444455444445544444444444796444799721124544444489544444422686678444444444544446974444444444444444444444444588534444444444444444444444444444444444477534444444444444444444
44455444444444444444444444445444444444444444444444444444695445899831124555455479644444433776578544444444444446975444444444444444444444444578534444444444444444444444444444444444477534444444444444443444
44444444444444555554444444445445555555444545544444444554796455999842124544444447654444545775589545444444444546985444444444444444444444444478634444444444444444444444444444444444477534444444444443333444
44444444444445554554444445556655544554555555555454445555797556999963124544454467554554555874598445555545555545985444444544444444444444444478634444444444444444444444444444444444476433444444444433334444
44444444444444444445445555655555556655565555555544445555696556899985124555544459744444566864799545555555554444885555555445544454444444444478644444444444444444444444444444444444577533444444444444344444
33334444333344444444334445555555655555455556555555555554696555899986224555455469755554558855898535455555454446985444444544555554444444444478634444444444444444444444444444444444577544444444444344444444
33333444344344444443444344444444455555434445554445555554696455899997224555455559755555579856788535554444444445985444444545555555455545444458534444444444444444444444444444444444477644444444444434444444
44344444444443443443333333333333444444444433344444344445696455899998324555555559755455589846779535555444444445985454444555444454444444444457534454554444444444444444444444444444577644444444434443444444
44444444444444444444444443444444444444444444444343344444696455799998314544455557755454589856779524444444444546985454444445444445454444444478634555555445544445544444444444444444477643444444444444444444
44444444444444444444444444444444444444445444444444444454697454799998414555444445544454599865679425554444444445985444434444454455444434444478634444544455554555544444444444444444477644444433444444444444
44444444444444344444444444444445444444444444444454444444697554699998414445554547843453489974679525555555555554885444445444444444445544444578634445544444444444444444444444444444477643444444444444443444
44444444444444444444444444444444444444444444444444433333597454689999314444444435744343388853578535655666666554785555555555545555554444444567634545544554444444444444444444444444468643444444443444444444
44444444333333344444444444444333334444433444444344333333597345689999424444443444543443277644568534444555556665885566656666666666555555555567634444455555554555545445555444444444347644444544444444444444
33334443333344344444444443333444444445444443444444444443465346689999423444334666434344267655668535444444445555895566556555655555666666655578635555555655555555555566665565554444467644545554455544454444
33333344344444444554444444455445555555444544444444445544544457789999524344445666544444267566567655554554444444895455555455555554555544545578634444445555555555555555555455566655578644555555555555554554
55554444445444455443344444444445454554434444454444444444444457789999644333455555555555357675567745655555444444896443334444545555555455545447635444444444444444444444445444555666678644665566556555555555
44544445554444455444444444444444444344434333444454444444444467778999743333355444455555458864358536655455444444896433344444454444344554444457634444444454444445444444444444444444578643555455555555556666
44444444445544444445444555444554443234444344444455555544445568777899753333345444444455558754358546655555454454685344444444434444434544444468633444444554444455445555444444444444468753444444444445555555
44444444444444444544544443433444443344444444444544445444555558878899854323335555554444557765358554554455554454445565443444443344444444444467633444544554565444444655554544444444468753444444444444444444
44444445555444444444444444444444444544434444555455555555555567778999854322224556655543557877568654544555655544544564344443334444434444444368643444444444555544544445545565544445467643444444444433444444
44445444444544554455445544444544445444445555665545675555554567889999964322222566556544557876479655555555566655555554445454444454344443443467642333333444455444444454444444444455467653454444444445445554
55554555554444554555555555444544555555555555555556666655556568999999964322221456655534567876698555555557895355445655555454554444444343443445542334333444334444454444444344444445467653554554454454445555
55555555555555454555565555544444455555545555555666655655665568999999974332211356655444556887898655556555774355554544455555555544455444443333433433333344344443444344444444444344337744445455555444444455
55555555555555444444455555555555554445444555545666665555455556999999974332211155654444555899997666666655555555555544455554556555555545444333334334333344444344444434455555544444457743444455554554545544
45545455455444444555556655555555555555444556655556565555566556799999964423322136553454545799985556665666555555555544455445555455543333444443344334444444444454444434444445455544568753445444554555445545
55544455555445445544555566555555555456654555566566555555665566699999964445544226654665656899985556655566666555555545555555554555433445554555555444454445444455444444444445544554467753344334544554544554
54444456555455455544554555555555445555554555556555555555655555689999976788765457767765755899964456555455666555545654445554454444445555554455444444444554454445444434444444554444467742344344554544445444
54555555555555455555544555555555555665555545554555555555544556668999988766666776667765677899853345554345666654555554455555444444554444454554444444445554555444444444554433444334456643233343555545554344
45444455554455555555545555554554445554554444554555466654455556557999876665666766666665588888742345553345566555565555555555445555654554455665555555556555554544554444544444444434457543122333444444444444
55554445565555555544455555544444454444445455455554455555445556555798766666666666665555658767632244432334555544555554544454444555544554555555555555455556544555565444333554444444456543222223344443434433
55555455454434555445554455544444444445444454455544455555555555545787666666666666655555544665431234322233555555554443444444444454545554445544555434445555545445566554344555444444345444333334334333444433
55545555544444554455554444554455434444455444455444455666655555446875666666666655555444542455321113311223555655555555555555555544445555555544445445544444555555545654554545544345444334433334434334344444
45554456444455555555544444444445455555555444455544454446655555567766666656666555555444442343322112211123456655555565555655556545555455554555554445544555556655544554455544455555455444433333444444444444
44454444444455455555544444544555455555555444455556445445545556776776665566666555555544342233222111101113455555555555555555565544545545555555455555556644457766544454445544455554555444443333433444443444
44444433454444444444533444444445555565455555544445444454556778766777765656666665566655443222222111101112345555555554444555555545555555555455556555554445566655556544446444555554565455445444343444444444
44444334444443444444433334444444444444444444444444444444567777777776666556666666666666433222222222211112335655555655555556555545556555554455566545545566666656545665556555565455566555444443344444444444
44444444444444444333334333333433344444544545555445454445665667777776666566666766544545543222123333221112234555555665555555555545665445555565555556555556666665555555555555555445566545554444555444444444
44444444443333333322333333333434344554545544555455555555666777777666666666666665445544332221123333332112234555545554556556555545555554446655656555555566665556655444555454455455544545544445544434345544
44344333333333432333344332344433344445555455445655554555777778777766666666666666655544332211122333332222223555555566555555666655555565555445655665556666666666665544555554554444444445445544444544445445
43344443333343333443444434433344444434444454555545555445798787777766666666667677766543322211122233333222322455555556665554455555565676667765555666666777777666666654455554555444444555434444444443344443
44334433344443333443343434443355444433445445444444454344677887777666666666456788865443322221212222233333321345555556665655545544556777766655556666677888766666666666544554555455544554444445444555444443
43444443444444333333333334544444444444454444344444445545436877776666666666557788864333322222122222223333321244555545555556666555577897666556666666667888766666666666654455445554345555545544554455444444
44444444344444333333344444445544434444344444444444444553128888776666655556686443432222322222122222222333332233455555566566656766788876666566667777777877666666666665554444333334445444555544544445544444
44444454444444444344444445554544444444444444444454454343138877765666554445685211111221222222012222222232333222455555555556766887777766556676667888888777666676666666555444323335554444544544444444444555
55444444445544544444444554444443444544444445444444444444587766666665544553575123100111221221011222222222333321355444445578877766666666666666667777778766667777666665544433344444444445554455444545555555
54445544455444544444444443444544444454444444455544443344777655556655444565566443310001112222011122222222233333334455555787666666555567877876677777777656666676666655444333444544444445554445445555554545
34444444444554444554444334444554454444445444454444444434767654445555445555545444322111222221112122222222233333333444333356565565555667777766666677666556666666555655443333344444444445544444455565555444
34444444454444444444444444444444554444444444455544444445666544433454445565433234321122222221112212222222223233333334333223455555566678866656666666556666666555555555543222345544555445443344555555555434
44444444544544444445444445444454444445444455554444444455666665443332345554333333221112122221111122222222222223333333333321344555555568866666666665666666555555544455643222245544555555544445555445444445
44444445544654444444443345433344335445444445444445544445665565543333345543333222221112112221111112222222222223333333333331134555565556655666556676666655556544444445543222235555655555555555544444333334
54444446544444344543444444443344335444454444444345655555655455544544444433323222222112212221111111222222222323233333333332123445576555654566667766565555555444444445553322234444433444443444444444334333
44444444443344444433444433333343334333445444545445566569975544444454434333222222222112222221111111122222222233223333333333212344556554455677766655555555555444334444543322223443344454433444444444444444
45444344433444444444455544434444455445554444444446665699998645544334433332222222222112222211211111122222222222223333333333212234435533346777766555555555555444444444444322222444444444445544444444434444
44444444443344455443444444434444454344455444444478765998898865333323333222212123321112222222121111122212222222233333233333321123344433356666776555555555555544444443454432222355555445555444444544444444
44444444444454454344444344444444444434445455544687559987898864323323233211111123211112222121121111122212222222223333223333331133333433345555655445555455544454444434455432122344444454443444444444444444
34444444444443344544444433344444433444554454565666589986898855433222322111111232111111111122111111122212222222222332223333332123333333345455555445545554555454444333356532122234444444554445554444444444
33344444444433334444444444444444344444444454454556899999889965343222231111111221111111111122111111122222222222222322222233233123333333333445544444544444444445544333356532122234444455544444445444444445
33344344434444444444433343334333344444445555444458999998878865333222222111111121111111112222111111121122222222222322222222233212333333323334444454445555554444444333344432112224444454444444444444444444
44444444434444444444333334444443454434444444343358999998876765333322212111111111111111112222111111121122222222222222222222223212333323333333444455444555554444443333345432212223433444544544445544444345
44444444334434444433334444444444444433343333333478999988765576333322221121111111111111122222111111121122212222222222222222222222222222322333344444555445444444444443345432111223443444444444444444444345
44344444444444334445444444444333444333433333334566787777664357422332211242111111111122233221121111122111122222222222222222222221222222222223334434455554444454433344333332111123444444444444444444444444
44444444444433444434334444444444333343333333335544566655432114522332112454111111112223233211121111112111122222222222222222222221222222222222233334445554455545543344333333211223444444444444444444444444
44444323554433334544433444444444444344344433336434444443211001642333112344211111222232223211111111111111112222222222222222222222222222222222223333345555455544443433333333211223444444444444444444445454
44334444533454334444444444544434434444444454446333343432000000552333211244111111222332223211122111111111112222222222222222222222122222222222222333345544445443333433322332211223444444444444444444444444
34434443344444443444444444444433344333445444455323233320000001442333211233221121222222112210111111111111111222222222222222222222222222222222222233344444444333333323322332111223444445444344444444544444
33223333343333434444444544454455444443455544445333333320000002432232211123111221222211111210111111111111112222222222222222222222222322222222222223334434444333222222222222111223444444444444444434554444
23322222233334444444455444444334444444445555554333332221111134432222221122001221111111111120111111111111111222222222222222222222222332222222222223333344433333222222222221111223444444433444444334454445
33311222112333454433444454544444445654455444444443332222222333222222221122111121111111111210111111111111111122222222222222222222222332222222222222333333333333222222222221111222444444434444433234343334
32222233211333333333443233444444456654554444344433322222222332222222221111111111011111111210211111121111111222222222222222222222222332222222222222222333333322222222222221112222444444433333433323343333
22232221232233323432332222344334445455544344444443333222232212222222321111122110011111111211211111111111111122222222222222222222222232222222222222222222322222222222222222112222344444334333343323443443
43233211122333322211134432333333344444534444544453333222221112222223331111111110011111111212211111111111111122222222222222222222222232222222222222222222222222222222222222111222444444333333333444444344
32245323322453232442233333213444444444554443333553333222211112222222332111111110011111112212111111111111111122222222222222222222222232222222222222222222222222222222222222211222554433333434443454333345
22344555443334333233322344223433333444545444444554333323221122222222332112111111111111112111111111211111111122222222222222222222222232222222222222222222222222222222222222221222344333334444445554443444
33322454344333223333333312212333344344544444444444333333211122222111232111111111111111122211211111111111111122222222222222222222222222222222222222222222222222222222222222211222333344344444444444444444
44433343233333323323443323322333334444446445544445433333111111111000133111111111111111222112111111111111111222222222222222222222222222222222222222222222222222222222222222221222444443344344444434434443
55443334323332233322332334322333444444444444544546654443111111000000033111111111111122221111111111111111111122222222222222222222222222222222222222222222222222222222222222222222443344344444443333343334
54443443334444444434333354333542344333444434554446786653211110000000133112111111111443111111111111111111111111222222222222222222222222222222222222222222222222222222222222222222433454344444344334344333
44443444344443444444323344334454432113344445554445578653211100000000133122111112334531111111111111111111111111222222222222222222222222222122222222222222222222222222222222222222333443334444434434444333
45533343333344334444544445334345332233444445455444455433320000000000132122111111233211121111111111111111111111122222222222222222222222211112122122222222222222222222222222222223443433444444434554444333
45543443333443334444545444444544233344444444554444454534420000001110132122112210011123443111111111111111111111122222222222222222222222211111112112222222222222222222222222222223444444444444434443345533
54434433444433344445544444434444343234343344434665545433210000011110121122122111112244545311111111111111111111112222222222222222222222211111111111122222222222222222222222222223334444334444444433345443
44444444343334454444444433444445454223333333435557554443122000111110121122122213345245444531111111111111111111122222222222222222222222111111111111111122222222222232222222222223433334444443344334434334
44444444433454444555544334433444455443333333433566454542233111111011121121234433454344333552111111111111111111122222222222222222222222111111111111111122222222222342222222222223434433444444454444434344
44443334433333333445533434333433444444433434545555543453343211110011221112455543554443333355211111111111111111112222222222222222222222111111111111111222222222223443222222222223335544445534456555434344
44433334433334444333443344454434443433334444555445443334444432100111211113554443565443443445521111111111111111122222222222222222222222111111111111112222222222234433222222222223444444445434444554444444
44434333444444444433343333356444454433433454555444443333344322111111101124444333454444444444542111111111111111122222222222222222222222111111111111222222222223334333222222222223444444444444444445443334
43343344433443443344443444345555445433333444544445444322222211111123213454443333354443444445454211111111111111112222222222222222222222211111111112222222222233444334322222222223444443355554444555443433
44443344334434444444444444444444555434434554434554443333211111111134444443434544444444544445445321111111211111122222222222222222222222211211111122222222223334444455422222222222445544455444444554444444
54443333445554445543334444544444444444544444334655443444421111111344433454544444554434444443444531111111111111112222222222222222222222222221222222222222333334444335532222222222444444444443344444344344
44433444444555444444444444444445433444544444445554444444443211123444433454444455555445445334334561111111111111112222222222222222222222222222222222222333333444445544553222222223344455455544444443343333
44444444444444345544554444444445445444443444434544443455433333344444455544444334445554444334444561122111111111112222222222222222222222222222222222233333334444455544453222222223344444444434444443443234
44444444444433444344553344444444445444444434443444444455444445555555544433343444445554443334443461122211121111112222222222222222222222222322233333333333334444554444544222222222344433444434444444544344
33445554443344343354434444444544444434444443444443445555444555555555555444444444445555444344444475112222222111112222222222222222222222333333333333333333444444554454444322222222355443333443444554444445
33334454444444433344344444444444443344444333444344433445444565655554555543334433334444444455544467542332222222122222222222222222222223333333333333333433333344444444444322222222344444443344444454443455
33333334444544334434333334333233444443346444444443433445444444444434443442223323443344444545444467665432222222222222222222222222222233333333333333333332244444445444444422222222344444444444444444444444
33333334444433443444433444444443333344566544443443333344444434555434454453223123444444433444344467666653232222222222222222222222222233333333333333333333234554454443444432222222334443455444444444433444
33344444444433433444444444555444345553456653443343354444444455545434544443232233444444444433444456666686333333222222222222222222212233433333333333323333224544444544443442221222333444444234334443433333
43344444444434443334444444554444344444445654434443444444444445444445444433344444444444454443454455667777523333333222222222222222212234333333333333222333223554445554544432221223333543333334444334333333
44333344444443333443454443444344343333445655444553554544454455544455444545444544445544443443453345567767743333333322222222222222212234333333345432222333323455445555447643222222333443333333444433444443
33334444544443345444554343343345544443345555544554464444445455454455445555435555444444445544444445557766664444555533322222222222111234333333446642222333322344445445445543222222333443333333344444444444
33454344444444444444443344334445554444544455544444565544554444454345555654455444554544455554444545446766545767999953332222222222111233334544445773222233322344544445433343222223333434334433334444454344
33553344433454444444444444444444543344555445444445654444553344555434445554454455555444554445555545345665559878999994332222222222111244444544444686333222332234443444344343322223332345444444444344434433
33444444334455544444334554444455433444555455555445545433443354544444455444443344456443444456555555444565679988999997333323322222211245444455334477533322222223453333244333222223332444344443344443444333
44443344334444454444454454444445545444455545555445433443455444543344555545454443345444344554554554444455579987999999633333322222221244445444334467853332222223323333333343222223333455555434444454344333
44444334444443443344443444444454444444455555543344434443345555544444343445555653344444444555544445544545589898888999953333332222222233333333432358984332222222333433333333222223322344454334444443344444
45544433343333344344434444444444444454444444444444444443334445654434444545455543554444544565544455544545578889886999874333333222222343234443333446996333222222343433334333222222222344453433333444444454
55544444444333455455445444444444443455443333344444434444453455554555544444444344444445554565444444444544456667975578765433333222222344345544544446998533222222344444334344322222222344433333333444443443
44444454444334444455444554554444444444432344444444444435554455543544444444444444444444454565455555545443346654764458877644333222222344334443444436999743222223333344454444332222222344433333443333333333
44433444455444444445444455444454454444554334344444444444455444444444444444444555454454444554455445544333236874444448999877433222223443465333343345899963322223443444334444332222222334443444333333433434
45444444555445445444444444344454444444555444444444344555565444455444444444544455454444444454454454444333456897444336999999633222223444475433344445899995322223333333333443432222222343345443444433444444
