85444444465344444444444555444454796444545555544555555555555457743555555555545555544454543435543444327642223432223323222211233121233234667888887888888886775464334353332233354544332222222222222222223345
86444444465244444444444444444444696444444444444444555555554447743544455555544444454445544445555555557633334543334444343211232333343333357888886657887677774455344452222223446644333343222222222222322223
87433333356233333334434333333433696443444444444444444444444447743444444444555444445444444323555455554534555554213455555555555555555555466777775545666446775346543442222224455432233232111322222223223322
77333333356333333333333333333333696433333334433333444444444447743434444444444444445544456212454444456533544454115545555555555555555555565555565556555567765455555554444445444444444444323432222532222233
77433333356333333333333333333333696433333333333333333333333447743433344443444444444444468301444444457633545543137655555455445555555555555555555555555544764355555655555555555555565555555555554665554444
68433333357333333333333333333343696443334334443444333443333447733444444344444444433444469511444444457543444443156564444444444445445455545555555555555532665455555555555555555545555445555555555565555555
58433333346334333333433344444443696444344444444444444444444447743444444444444444444444468721444444467543444443375564444444444444444444444444444444454455764454455555555554455545555445445555544565445555
57434433346434333333433333334343685444444344444444444444444447743444444444444444444444479851444444456533444444673763444444444444444444444444444444444446775344444444444445555555555455555454444444444544
58533333346334333334333333443333696444443333434333444444444447742444444444444444444444469983354444456533444445755863444444444444444444444444444334444446775344444444444444444444444444444444444444444444
58533333347424333334333334443333596444333433334443444443434347743433333334434444344344458984254444467533444437955763444444344444444444444344444444444446775344444444444434444444444444444444444444444444
37643333446524333334443333443433596433333443344343443444443447743443344444434434433334448995254444367533444438845653444334444444444444444444444444444446775344444444444444444444444434444444444444444444
45544444436534344434444334444444696444444444433343333343443347743444444444433443444334447995144444467633444438855753433344444444444444344444444444444446776344444444444444444444444444344344444444444444
47544444446534444444444444444444496444444444434444443344344347742444443344444444444444447896144444466433444427634743333444334344444443334444444444444446776444444444444444444444444444444444444444444444
37644444346634444444444444444444486444444444444444444344444447753444433344444444443444446897234444466433444426545643334444444444444433333334443444434336776444444444444444444444444444344444444444444433
47744443447424334444343444444443595344443444444444444444444347753444344344444444333344456898434444467533444436655654444434444444444443444444344444444446876444444444444444444444444444444444444444444443
47744444446534334444444444433444596444444444444444444444444436733444444444444444433444456789633344467533444447634654444444444444444444343443444444444445776444444444444444444444444434434334444434433443
47744444446524434444444444444444596344444444444444444444444435643444444443444444433344357789743234467544443457534634444443444444444444334434444445444445776444444444434443333344444444443443433334333333
35544444446524434444343433344444596344343444443344444444443447743444444444444444444444456789843222467544443458745643444444444444444444444344444344444445776434444444444444333444434444443443344444444333
34433334434533344444444344434443596433333333444444444433333447742444444444544444544444447899953221367543333457658644444444444444444443444444443444444445776434434444444443433443444444444343444444444444
35732333346523444444444444444444486443444434443344444443444447743444444444444443444434447999963222267532333457789544434444454444444444444444443444444445774344334444444444444433443343343333333334344344
24533322336623344455544555555544486455544444444444444444444447743444444444444444444434445899974355357543444458997534433344444443443344444434444444334345765434434444444444444434444443344433333333333334
44333333326622233444443444445555596455555566555555555554545556643444444444444444444444444799986777657666665559985444444443344443443334433444444434333335775434434433333333344343444444344444444433333344
66323333336621223334333333444444596355555544554455555566655557743545555555555555554556555578987765566666665678865444444444444444444444433444444334434334775433333344434433433343344344444444444433333434
44444333334533344344443443333443586344444444454454444444444457733444444555445544444555455457887566655655555577655444444444544444544444444454443444444445776433334334333333433444443333444444444433433443
44444444444544444344554444334433497432333443444444544444444436743444444444444444444444444457876665555555444435435555545454444454444444444454444444445445776534434344444444444444444444334444444434444444
43444444443445444444544344334443496332233433343344333443433435643434444444444444443344445567767765555555554424345445555565555555444444444444444454444445776534444444444444444444344444444444344434444444
44433444443434445444544444344344476333333334333333333443334447642344344444434445444444455556677665555565555532232455555555555556555444444444444444444444776535445454555555554444444444444444444444444443
44444444433434444332443344444344434455433334333333333334444447642334444544455334444554556777776655556565444432222444444455544555555555655555555444444445776434444444444454445555555555444444434444444444
55444444544433433333433444544444443454333343323333333333334347642333433344444444444444565677777655555567754332113433444344433344444445555555555544455444676434444444444444444444444444555555444444444444
55445454545544444444444444555554444443444344433444333333333347642232333443445444444444421387776555555566544322124444344443333444444444444444445555545442376544444444444444444444444444444444444454555445
55444444455444444443444445894244334544444444444333333333333345542233333334334344444444311576665555444641101122124444455554444455555544554333344444444444476544454444444444444444444444444444444444344444
55544455445433454444445444663344444443444445445444444433343222332333333234233333343333336766545654344631000122124444444554544565554555655543444444334444686534555544444444444444444444444444444444334444
44454444444445554445555543444444444434445444445544444444333222233323322233334333333334456565544444444553200122234544444444555555554555555455444444333434687534444555455545544444444444444444444444444444
55445545554455444445554454444444444443444444445444543333334333334333443344333344434433455555554433454334311121244444455465454555545555555434545444444443676543444434444555566555544444444444444444444444
55545445555554445444544445444444444444444444454444333334444444444333444334444444434444455587544444443322212221135544444566665555555666655543344444444544676544433433343444444555555555444445444444444454
54444454444554455445444444445444443544434444444444444545444455434334344444444345444335555888864333333222212121124456544677555555566776666655344444334454677644445545443344433443444444555556666555544444
44444454444444444444454444445543444444444444444333444344444444433334444543444444344356558978974332322222222221123455566776555566766776666666544544445454577543444544444444444633333344444444455455444445
44443443444445544444554444444444554445444444434445554444344555554455455545444444444456589998885322211112222221112335766666556656777766666656554443355554577643445444444554544444444443433333333333344445
34544444445445444443344544444433444443443344333444444444444554554445445545444454454446789987775332211112212221111334665555677666677655666656554444554454567643454444444455445544334334443554333333333334
44434444445554344443333444444443443332333333443443434443345443444433344544444445555445668877546332221111111212111233355555676555666555666655544344554555357644543444434444545544444445444554443443443333
43444443444434434434434444544444444444444444444444344444445433344444444334445545445552345544213422133111111112111233224555776555655555555555543344554454246653443454434444433444443444444444344443443334
44444344444444434444444444544445444555454544445444444444444444443344444334445544444541233331001532134111111122111233321355565555666655554455552234444444457643443444444444434344534444354443333454444444
44444544444444444455444344454444544554444444554444444444454444445444434443444433333532323320002432123211112222111233332135544566555555544444552224433443477653343343344444444434444454443333343354444444
44444444454454454545455554554444444443343444544444444554554444434444433444434433434433333221123322123211222322111233333213434665544555444334543223433444477653333344444444333444444455444443444443454445
45544334454455544454455555556544444544444545554444455544444454444333444444434444444443332222233222121122232211111123223312333556545554443333443222444444467653433344343343343435444444544444444433444444
43444444444335544454555555555434445554545445454444554334444445544444444454444444444444322222222222111122221211211123222222332345545445444444344212344444477653334434444333343434444333444444444334343444
33344445444444444445665456544344444444445455444444545455444545544444334444444444444456433232122222111111111111211122222221232245544444444443345312344444467653233444433433433333443333333444433333334445
34433334555444444446554455554444443454445444555545444544445545444554444444454444444555433232222222111101111111111122222222232224444444444443256312244443367653233444433433343333344443432333422333233333
33444345544333444554444444444554544446544443455444554443455545444544444344344445544555433321122113111101111112111122222222222222334444444333234312233444467653222344333333333233233343323333333334334443
44444455534444444545445444454444444555644544434444543444444434444545433334433455544455565421110002111111111121111122222222222222333444444333334312233444456542222333233333322123224333345444333334343433
43444444333445544545455545444334445444545555545554444444445444554454334444433554444344345321000012111111111121111222222222222222223344443333334311235544455443333322222223432244334334444444434344343343
33343445433334344444444444454444444444554445455554554554444444444444444443444654444334442000011111111111111121111122222222222222222344443333323211345544444333333433332334333334333334444444434344444344
34443434544334444445454445453544444444544444444544544544444445554544455444445444444444343100111111211111211121111122222222222222222233333222223211355433343333333333332333334333333333444444434334343334
44444333334444434344344443333444454444554454544544455544445444344444445444444444444544322322111111211122211111111122222222222222222233333222222212444333322345444334433333344343344443443444433333344344
43334444444434444444444444433344344433454544544544444444444444444434445444444444555544421211111111211111111111111122222222222222222222322222222112333333222345444455533333344333334333333333433333334444
33334434344333344343343344434443333433334455445544444444444434444445545455444444545544432111111111111111111111111122222222222222222222222222222112332344344445444544433333344333333323333333333333334344
43333334334444343333444454444444433444444444445444444544444344454444433445445455444444443211111112322111111111111122222222222222222222222222222112444344444444534544223434433333333333333334333323333334
34433333333333443333434444444344433444444444544444444444443344433433334444454555555554444311233235633211111111111112222222222221222222222222221112444443344444544333222233333333333333333333333322333333
34333433443334434444433333334444443344444444444334443444444444433444433444444544555544444454554446544431111111111111222222222211122222222222222212444444444444333333322332333433333332333343433222322334
44434444443344444345333434444454433334333334434334444444444444443444333333434434445444434444454346654542111111111111222222222211112222222222222222444444454434443334323434333333333334333444443342333343
44444334443443444444444444444455543334334444444344544444444444444344344444344434444455444444445337765543211111111111222222222111111122222222222213433444344334443444333434443333343333333343333333333333
33355434333344444433434344444444444434433344444444433344444444443344344444444434444444443344444457765554211111111112222222222111111112222222222223434444344333344444454433444443343334444432343333333433
33434433333444444422333333343433343354443344444444444444334433343234334444345344344333343344334457765642111111111112222222222111111111111222332224444334443333344444444444455444453444445433344333333434
22433434434544333444334344434344433344443443333333435444333333344443334433344443343334443445454457776643211111111112222222221111111111111222332234544334343333334333343444334434444444344543444333443434
33333433333443434445454444444344433444444433433333445444344434444444444433443332234444443344444367776553211111111112222222221111111112212222332233333343345334433443434444444434534433444333334344445433
32333333332333333344443443433444434544344444443334444444443343444444444445544444334334434344344467776554321111111112222222221111111112222222332233343344346344434544445444344434444444444344333444333323
33333333333333333344344433443344344443333345433334334333344443454445444445544433344435544433443467776553221111111112222222222211111122221222332233333344433443445644343444444444344443343334444333332322
34433333343333333334433444443344344333333334444445334444333444344444334443444346534444444333444467776565211111111112222222222111122222331222222233333344434333334443343344443343333344333343334323223322
33333343333354433344343443333344434333444344444445444444344443433443334444444445534444433444444467776557421111111112222222222111122223331222222233563334433343333333553333343333334443344322343432334321
33334332333343333333343433433344344234334444333433444544444544444554433334444435544344544444444467766556532111211112222222222112222333332222222233453334443433444433443333333333433333335423464333324322
34333333343332343323433333333334333344334334434332334443444434444554334344343444443344444444444456666544542211221122222222222222233333343222222244443345543444443333433444334434334333433344343333333433
34433333333223232223333333223333333443443333344333334333334333444444344444434343334444444433344445665543453222221222222222222223333333343222222344444444543434443434434444454434434434433454345433344433
33333333332222233323333333222333343333433333333334333333333334444444333344544444344444333323334434666543443122222222222222212333322234434322222353433444433344433323444444664454444444434444444433434433
33323333332233333333333333333323333333333333233232234334443344344544433344444444444344333444334434566433332222222222222222112322222234534322222444543443333333323235534445443354444444454344444433444433
33222223332333233333333333332333344333333343333333343433443333333443444443344444443444343333444443565434444323332222222221124422222224433222122454544544332323223335543343333345544334444444443333334433
33342334332243232333332223332333333323434333333334454332333443344444443333323444333344345434333333466667877643333332222211135532222223422122113343443433332332233344354342243445544334433455434333334433
53333334433333233443322232333334322333344343333344343333333333433443433223333453233344344444334343577888766644653332222221234542222222442122223234333423333433333444333343444555433454555454443343344444
43232232343333423445322233224334332343433333333434333333343333232233334322333354332333333334333334788887544433653333322221223653222222343122223233323532346534343543323333344345334443345354332233333343
33323222343334333243322333343333443333333333434333444333334423333333333333344434333333333343233225899985433333333333322222223355322222244122222333323333236534333343344333333233332333224454232233432343
43333333433444422233333333334343433333343343344333333333344333333344433343333345233333233333334337889897322232333223332222233246532222235222222322232233325533342354234336534423322533233442222333432333
33333333333234333333344433333343443333444434343333333333343334444343333333433334333333333333344448889888422222232222332222245447753222233222222333333333334423332344342444333332333632233312453333332333
43333233223333343333334443333443343334543444334443332343444334334333344434433333333434333333443249888876542222222222332222243347876322223222223332333333333233433333332234233333322432232322233233333343
33343333223443443333444444443333332344443334444433333443433433334443344433333433344444443233443358888765543333322432232222344336887422233222223332323333333323322322322243333332321332233322242242233444
33333444433433444443445534443222221223334433444434433443333443333443344443334433443333343333443368888654533344333342322222334335877732222221123232323333333323212323222233354333222333333232342233334433
44333444344443344333444433443322332222333333444333323334344444443433333444344334333333333333433478788754434433333243322222333333888852233211122222333322323222222322332343443333223333453232333123345635
53334344444344333333344444443333433344433344333333343333343323333333443343223334344344433333333577756644444333434333322222343333677642233211122222332242333323333332333333333323223434544353333233235435
53345444334444433233444343343334444334443333234333443323334333333344433343323344344444433444443587653544434433434343332222333334476653333211123333332333322343223333334542323223222234323343333322322334
53455333234343444233333233333333344444444333334333333333333333343344333344433434344444444434443577653344433433444333332222444334367773344211123323332323332333222333223333322223222445332232223332333434
54444223223443344344333233334333444343443333443333323334333333334435333333344333334443343443444776555333444433443233322223433343367763343211123333223423223322322333333232332322222354332232223421322334
54343333333433443344333222333334454442232222334433343333333323333423323333233334433333343444335866555434343334332333222123333334367763343211123333212333322322322333333333342332322232222112322332223323
43432343333333333333333333343233333333222233334333444433334333233333333333244433433334433344337766665443344344333433442223433435567753333211123333322333322322322333323333242233221232233212212233223333
34323433243343334433333333342233443333232321232234345323334333333444344433355444434433444444457666666544444445444433554223433333566653333111122432333433322343323333323344123322221222112122111111122233
45433322343233324343344332243444333234323332123233334333334434433444445434445433334443454443367666666544433445554433343222443333366643344111122233333434333333233233234333222223222321121112211110111123
54333222234223334343333232333333233344333333333334443333334445433434434444444433333333454433366666655444434444444432343222433333466542244111122334334333333323323332234222233233222221111111111110111111
44333233234223244334333223443433443333323323243233333333344433223334434444443333332323443344356766654344444444444332243322333433366542246211122333334343333322323333333212323332112111111111111101111112
44333333333333334334333333344444333344433223554344334444445443334444343453444433333333333334356766664345454343444432234322234433366542346311112443433342323222224333332333221211111101111111101111113314
34333333333432333334443344333333333343343333355443344444444333344434343334434334434443443334446755653244443334444322223322233334476542235421123334432333223332123333331232121111010000100001011111112312
33333343334432333234333333333233334433433333344443444444444344444345444344434444432444444555445555543244543333433322113322333343475532224432123333443333232333333223211112111111111000000001111101101121
43332333333332333333333433333334333333443333423544444445444433434444544443334443444445445444545554432344444444433331111321343443565542234322343333333332233333223211111111111100111111000000001111111122
44433433423333433333344433333333443333433233423444444334353343445444433334333444543444444445434654432344433444433442111112443434665543343333433433433333322222111111011111101100111111110000001211122233
43443333332333433334333333323334233433544444433454343333353344444434333333333344343444444345434654322333443433443452111112444345765642343343323443432421121111111111111111111111111111000111111111122343
43453333233333233343334433332234333344444333343444433343444444443334333432334344344433334334333564332343333334444344211113333456544642244342223431211111111111111111111111010111011001111111110112222332
33444433323333332344334333333344334333343343354444444543345533333334334433334343444333333344333465442343334434444334321123343455433322234433112211111112111111110111111111111111111001111100111123223323
33333332334433333334443342344343333434434344344443344333344432333333344433444334533344344443344464442244434444443334422223343365433212111111111111111111111111111111111111111001111111111101112233223334
22323333434443334344333333343333344334334333444443343323443443343344443343344334443344444323344455443235333333343334522224323355542123110112322311111111111111111111111101011111111110011111112233232233
33333333333333333344443433343333444433343324543433343334443343333533443432353334444433334344554466443233224334333335721123333344332222111123443333222111111111111111101111011111111111011111111122232233
33334333332333333444433333333343425543444433332332333344443343335433333333354344453443433454454466433233333334333334731224333434332322222334443433332111111111210110001111111111110011111111111111144333
33333334333343334443333343443344445555433333223323333334544443454333333333344434444444743453344356443333333343333434831223333433333322222334443333332111111111211111111111110111011111111111011001334222
33433332242343234444333333444444433345433333333333444334443443353333334333434334444434644443334356544432333333444445852223423233332322222223334433332211111111111111111111111111111110111111111111111111
34333333433233334444433344445343343443333334333333333333343343353334443433343443334443333333333356544322233334344434762222323332231222222123233444333311111111111100111111111111111110111111111111111221
43433344443333444333433443434344343333234334343343333343443344443344332333344343333333334334343344432122233333333334762222333223321122111111233333332211111111111111111111111111111111001111111111112321
43333343343434434333333444443344433433343334334453344433344433334432223333333254333224322333343334421122233333443334652222333332221242222111222322211111011111111111111111111111111111100111110011111123
