22222231113332487422222222212111111111123213763233222222225853233323322342322212326742233333222322334111223212478888888888888888888888875488886433334676765664333334432333122223333457888888888888888877
33223332333322387432322222222111111111232323763233223222325744222333233342322122336742222333322322247311122222346888888888888888888887876478864333334786533334333333432222122223222357888888888888888754
44334444444433487443332234322322231223444542663343334311324554222433343232422133436853222243222333367421123233325577788888888888888887876488753333334555433223333323333222222332222257887788888888888543
55555555544544597454444445544444545555555555763454455434543444343444353333643343524753222342222332324321124222334335688888888788888887776476434344333333455333333322232222222222222355765687777888876433
44444444444444598444444545444455555555555446762455445555555454554455554455554444535753333453323334324211124212534233347888888777888787776455434353232223445654432333222222222222332235545677777888875433
44444433334444487443444444444444444444444445763444444445544444444444444455555555555643444554445555555443345215644444446888887544778656776445544353222223546653334344212222222222332223334577887788886443
33333333333333487433333334443333444444444445763444444444444444445544444444445444555553454545544555555555555236655555556666666555656556776445654463233334544433234233212432212332223333334678888888876433
33333333333333487433333333333333333333333345763333344444444444444444444444455444446653444545445455555555554465655555555555555555555555775355555665555556555555555555544554443564333344335677778777776433
33333333333333487433333333333333333333333335863343434334344434333344444433344444446753444444444444455545554664755555555555555555555541475445555565555555555555556555555555555575555555555655556555665454
33333333334344488443333434444444434444444345753344444444444444444444444433444443446653344444444444444444444855844444444444455554555554576445455555555555555554455445555555555575555555555655555555665555
33333334434444486444434334434444444444444445863344444444444444444444444444444444446753344444444444444444436846734444444444444444444445776444445445555555555555555555555555544555455555555555555544555555
33333333333333487443443333343333444444444445863344444444444444444444444444444444445653444444444444444444437846734444444444444434344445776444444444444444544554555554555454544444445555444444445544445545
33333334444333487443333333333433344434333435863343333433434444444444444444444434446653444444444444444444427636634444444444444434444445776434444444444444444444444444444444455444444444555555555544545544
44333333443333487433333343334444444434433345763344333333443444433334444444344334346653444444444444444444436446534444444344444444444445776534444444444444444444444434444444444444444444444444554444444444
44444333343444487433333444333333343333443345763344444444443443343334433444344444347753444444444444443444447646544444444444444444444444776534444444444444444444444444444444444444444444444444444444444444
44444444444444488434444444443434433344334335863344444344443444444344443444433444447653434444444444333444457436444444334444444444444445777534444444444444444444444444444444444444444444444444444434444444
44444444444444368444444444444444444334444435863344443434444444444444444444444344447632344444444433333333467546444443333334444344444444787534444444444444444444444444444444444444444444444444444444444444
43334444444444487444444444444444444444444435773344433334444444334343444333444444447643444444444444443233567576444443344443444444444444787534444444444444444444444444444444444444444443444444444444444444
44344444434444488444443444444444444444444435763344334444344444443334444443444444447753444444444433443344468884444444444444344444444444777534444444444444444444444444444444444443444444444444444444444444
44444444443444488444444444444444444444444443653344444444444443443334334443444444447753443444444444565565479854444444433443444444444444677534444444444444444444444444444433444434433343333343334344444444
44444444344444488444444444443334444444444445763344444444344444443344444444444343447653444444566556666665688654444444444443444444544444687534444444444444434444444444444443344444444433334343433333343333
44444334343444488444333333344444444443343435763344444444444444444444444444444334347753344446766665565555676444444444444444444344444444787534444444444444444444444444444444344444444444444444444443344443
44444444444444378443343333443334344443333445763334444444444444444444444444444444447753344567666555555444355344554444444444444343444444686434444444444444444433444444444343444444444444444444444444344444
55555555555554358444444443444344444444444445763344444444434444344433444444444344457753455666776555565554333233454444444444444454444444676434434444444444444443444343344433333333333344444434444444344443
44444355455555478445555555554554544444444445663344444444444444444444444444444444436753466667765555665555422221344433444444444444433344676534443444443444434434444444344444444433333344444334334344344443
34443333444455478444554555555555555566555555763344445555554455554444554544444444425753557777666556566544321111344434443444444433443343687544443443434433434343344444444444444444334444444444434444444333
34443444333344478445545544454444444544454446763344444555555555554455555555555444447653313877665555468644322111244444443444444444444444677533333434434433433343444343444444434443333444344444444444444443
44454444333443378533333344444454444444444445763344444444444444444444444444555655557753315766655555553112222211244554445445444444444544677644444444443444444444444444444444444444444444444444444444444444
44454444433443378533223443444334433444443442663444444444344444444334444444444555567753467665555434641000123221244444444444454555445455676644444444444444444444444444444444344434444444444444444444444444
44554444434344368423233333333333333344333344763334333444443444444444434444444444457753465654445445453100112322234444444444444444544455665554455555554545544444444444444444444444444444344443444444445444
33344334444334445434443334432333333343344445763334444454444444444455454443444444457753555555543355334311211222235555555544445544445555555555555655555555555555555544444444434444444443344434444433344443
33343344454434344455433333333333333333333435763233344444445444444454544445544444447754556875444443332212211223234555666544555555555565555555555554455444444445555555555555544444444444445444444444444344
44444444444444444344333334333444433333334335763233333344444444444444444455444445447776469898533333222212221223223445665446676555565666667666666654445544444444444444444444444454555445555545554444444444
43444444677445434554444444443344333333333335653222333343334433444444444344434344457665699789742322112212211122313434555667665556667766777666666665444554444444444444444444444444444444544555555555554444
44444544686234434454444444444433333433334233333233333333423334344333334334434434436766999988743221112212211122332223566656666666667777776666676666545555444444444444444444444444434444444444444455445555
44445543454344444343444544444544444444434322233333332223334433333334444444444334435765688775643222111111111122233323555555677766667777666667776766544555444444444444444444444444444444444444444444344454
45555554444444444433344443444444554333334432223333333334433334443333344444544444447741345532143223211111211122233332245556776656666666666667776665554455455555544444444444444444444444444444444444444444
44554454544444444444444444444444433233344344444433444334434444443444434333444444457632333200043113211112221122223332124456676666666666666666666655543344445555555555444444444444444454444444444444444434
44544444544444444454444444344444433444554445544433444444444444444443444434554454447532332100243113211223211112223333212345555676666666555555556664433234333444455554545556666555544554444444444444444444
34444444444543444443333444444333344444444444433333433454344434444434444333344433446633322222322212122222211112222223221233345666555565555545555664333223333553334344444555555555544444555444444444454444
44455444444554454444444444444434455344344455544444444554444444444444444433334433446544322222222211121111111112222222221233333466555655555444555654432222334543444444333343333334444445665555555454444444
44344444444433444444444444333444454444444455555445545544544445445444443444434434346546332221222211111111011112222222221233222344455555555555545555322222223544344433543454333333333334444444455555545544
43333444444444344332233334343344443444344444454443434455544444556544333354434444345545322212222211111111111112222222222123222233344555555555544565421222223554434444444555444443443333443443444445445554
33433444444444443443344433344444343444434543344443444433444444545554343445443334334334443211101211111111111112222222222122222222344555555555444665421222223444444444444444444443444333344343343344444444
44444444444444444555444554444544444444444444443344444333444555544555455444444444444434454211101111111111111112222222222122222222335445555554434654321122222444543444345444344444444444434444433333343334
55445434444444544445444454445444444444444444444444443444344444343454445544445554445433321000111111111111111112222222222122222222223333455545445643311112222434444445344334343445444444444434434434333344
45444444455444444454344344454444444444445444433444443444443433333444445543444544455444321001111111112111111112222222222212222222222223345444435643211112222444444445544444444444455444444345444444444444
55455555555554444444443444444444445555554345444434444344433443444444445544555554555444322111111111111111111111222222222212222222222222333444435532211112222333544445554444444443444444434344344444444444
55454555555543444455454554555444555444444444544443344445444444444455545555555344456444432111111111111111111111222222222222222222222222222343334422211122123344434434444444444433444445434444434433344444
45565545554444444544454445544443554434544455554444433444444444444445544444444444454444542111112222111111111111222222222222222222222222222223333322111111123333444333333345443433344445455443444433345444
45656445554444443444444544554544444455444454544455434444444443444455544444454444444444444333334344311111111112222222222222222222222222222222322221121122224333334444343233432334233333334434434434444444
55444455454454444445544444355554454444345554544454444444445544444455555544454443344444334443344575521111111112222222222222222222222222222222222211122222223334224344333333433434334443334333434444334544
54544444445454454444554454434444464344434443544454443333433344554445555554454444444544444444434676432111111111222222222222222212222222222222222211222222232212223434334444433334344344343333444333444444
44545544545433444544554555554554454443444444445455433344543355444434555554445454445554444444544786543111111111122222222222221112222222222222222112222222343234334433444444444444434343344444444434454334
44444444444434444444455445455555454444455444444444444444344465444433555554333333345444554534445777532111111111122222222222221111222222222222221122222212433334444344444444444444444344444444443444443334
44445444464454344444454444445444454444444444554554445544444554444444455444212224444334444444446777533211111111122222222222221111122222222222222223222213434433343333344444444434443334444434433333443444
44434445343344444444454444444454444554444544444444444554444444454454444444334444444444444454446777643211111111222222222222221111111222222212112233222123344434343444344444433334344344444434343433333345
44444434333334444433455454454454444444445544444443444544444444445444455554434444444444444345447776653211111111222222222221211111111222222221002333322233344433334434443343444333334444433434343344333444
44444334443443433343333345444554444443444443444444444544544444455554444454444444344444444344456776663111111111222222222221211111111222222221002333321333344433334433333333434333333444434443444343333333
33344345434444343343343444545544444454434434445444543445544445544444454454344444444444443344456666556221111111122222222211211111111222222210012333322343443433333333333334333333333333444443344444444333
33443444443344543444443444444444444444444334444443343444544445544455444456554544555555443345555666545422111111112222222211211111111222222100012333222233333333333333333333333322333333343444444444444334
33343333433444444344444444444333344343444444443343443344445454455554444456555454554545545555544677544542222111122222222211221111222222221000112333222233233343333333333343343322233333433444334444443333
34433343444445433333443333434433443344444444343444434333343444445544443445556444533444534444444678765652222222222222222212221122222223310011222222222343433343333334333444444343333333343444444443433443
44444443445445444333333444444433454444444444443334433444444443444545444444445433234444333433444578888764222222222222222212222222233332211111222222223344444333334333333443333343333343333444334443333443
44444344444445554444433334444444444333444444444444434444444453444445444434444444444344444444444468899887432222222222222211222233333342221112222222223443344444344434444442234333443343334433334433334444
32333344344443344344443333444444443344434444333333433444444544434333334333333445544444444444444447999998753332222221222111222333333433222222232222223444445544444444445543344433334443454344333443334343
33333333433334333334444344334344344443333333334433333443334444334333444344434444434454433444443448989888654433322221111111222334454433322222222222223344434543444444444454344333444443443433333343333343
44444444444434443344344433343332333544433433434444344443333333323344444333444434434444544445444447988776543433322222111112333333443344322222222222233444444444544443444433334444544533333443333343444333
34444344444444443454444434444333444444444333344444444444454444433333443334434444443545444444444447998654433333332222111113444333344344432222222222232444444433444544444434433444333322334333333343333333
33434343443334434444433334443333434433334434345444544444554443434343554443344344443444444443444437999964333333333222111124443344333344442222222221232344445444444444344333444433333332322233333333333323
34333343444334334434333344444444433443343344434544433454344434543444444433344444433444444444445447999986433233222222211134343343333334443222112222232344443343334444443333323433223432332122333332333333
33433444343334443433334433444444444444433444343343323444444444663444433344444444433344443443444436999987532222222332222244343333365343444322112322233334333333333444334432334443343421122222223333333433
34344343343334434333344444433343444354444444443455443343444443554444444444444444334443444444443336999987534333333332222244443333354333444432212332233333334433343333334433355343333423222233333433323333
32333333233333334324433433343333334444344444444455433433434344444333444444444444434444444344443435999987544444444322222244434334444334554442222322223343344443333343333335344343334433333444334434333343
23343323223333333444343333334433333443334433344444434434433334334444444443334444444444443444334445999987633333334322222244344344544444454443222322223444435444444444443454434533344433344433333233444443
22323333322233334333343333343334433333333223444444433334444444433444433332333444444444444334444445899987533444343322222355444445443344444443222322224444456545345544543444444433444433333333334333544343
33433333322332333333332333333323323333444333444454433334454444444434433344443444344344443343444445888987534443333432222355444554454344333434222222233445535345445543444445444433444433333444333343333343
33333333333333334433333333333323323443344333433444344344344444444444434333344444334434433444443335875587434343434322222344334564444454433232322222244344334334654443544344443333333433333454333333333334
33233222333233343322343333333333445443333334323444444343332334443334434443343333433443334433333344776456334444444221122343433443344443323243332212245444234344543433543356543343334423433544333333443334
44332223232233322332343434333333344333333344343334333322333344323334534543433444333333333433322244776655343343354321123433433333333443323344432122333334345455443445555544343344324433434543344434444433
44432223333433432233343334333343433333333333323223333432233336433233343333433333344343333333333234766665432453355211123443443333332443334654322122333444334335433343334544333223322334333445444333343334
34322233333433344333333333333433434333333342333333333333233444433333333334323322344343333323333235776665332333343211123443333432323343323643331122334345334333432233323445323233322323333235443443344345
33323233333334343332333334333443334433334443333333443334333433522333323333333433433333333333334445766665433332344111122443233332223223333653331122334456433443332363323334232232322322333233333332344444
33334343323434344333334433444333333333334333444434333333333333433333333333334444443333224444435535767775344544355111122343333434333333333543421122233334533333322353322222222232222223222232233333434344
33333443333344334333444344433344333334344433443433334433443333333343443333345323433323234443355436667775444434455111111433333224233333334323221122233234333333332242222222211122222213221222233222333443
33344444444333333234443333443443333334353343333444333343333343334444444323344333333333433334444346767775544433335211111333333233232334333343211222233234233333222233212222221222121112111222432211233443
44445543444323322122334433344443443333333244333344334444333443344333334333344344433433433333433346767764433433445311112223233323333433333333211222222234233323322222211222221112231122111112213214423332
33344443344322232222233433344433332333334444434344333344433443433333333333343333333343443443333336656763333333333421113433323222233322233332111222233233234323222312221111111111112222211112322211424365
33344444444332332334443333433333334333334333334333334334322333434434443333433333334443334433343335666643334333333531123333333232233324333333111122233333222222111211111221111111111112111112562121342446
33344444334333444333443333323432344332333332333333444333332234433444443344344333333432443443343335666533323333443652134333333333344333332233211122223323222221111111111111111111111011122323433223333334
23333323443333344444344432333433333333333333434334433334443343434444444443443333333334443343344434666533344443433654234333323332333332343232222211222321121111110112111111000111011111121332223433255343
34432323333433344444343333344333332333433333333443543333333443333444334444334433343343334443344323666533343334334753133333333233322343432332212211123321111111111011111011011121011120122332355323223443
34432323333333445444223322244443334333333332233343332233323333433333334344434333333343334433433233677643332333445753234333332233322233333232111211132111111111111110011001100221011121222322233324532243
33333333334323434333222223333433344443333333333333333332224343343333443334433334332333334434433343677644444344555754223432222333332233332232111111131111101111111111001101001111111122322322222222233333
43333333334223344333322222133222344532333433333344433443334544443443344444443444344334444344544442566644444333446753222333322233233343333233111112221111100001111111111011101111011121222211233222343433
33344433234334433323332333212323333433333433443344443443444543333334336444333443354443444344554443676643344333345553224443332323333443433344101211111100111001111111121011111110011111243112134212333443
34333333233344323334433433333333444333333434543343443344444443333333345444333344444334443344444443676644343334345542113344333333333433333344203310000000011112211111111001111110011111154244434323334533
34333322344333344333333332324323343333334443322333433344444333333232344334434544433333444444444443676644333343336654334433333233333334333333212211011000111101111111111111111110011222332343535633334543
23433332334444433333433222355433433434444544333444433335344443333333333333444443444434545434344443676654432443346666543333333344343334332322211111111111111111111100111111111111112532423432335533334443
33444334433333333334334333345544333444444533334444434333443443443444344333444344444444444333444433676665433333445554322322344333343333223212110111111111111011111000010000111111112232234332333333324443
33433333333323333543343333334443344444344434444434544444443444443244444454554445443444454433344334776775333334345442112442343333233331112111111011111111111111111100000001101111112232333443333323223242
33333333333333433333344333343354444444544443343444454444333444345444554554455445434444444444443334775554443344345554213332233221121111111112122211222211111110011111111000000231223233333333333333323332
33334443333333344333343323342343444433434334444544443333433344444434444444543444333334443344343344665432444434445444322112222122211112222223233333333332111110111111111111111332223343323333223323323323
33434333332333433333354443443335444333334334444443433333233334443334443434443443443333344344345445656652444333444543422223332222111112434444244444333343111111111111111121322332222344332343323223222322
44333433333323433333444433444344443334345344344433333343233434443443333443333334443433323334444435435664433334434443323332211111111133434433333334333332111111111111111233232333433332333242223422322222
34333443333333433433344333335444444444344453333333433443333334343433433334433334434434333444444445334453234334433333212221111111234444444333344333333321111111111111111233334333333333333443333554332221
33444333234435433343443433444444334443333443233333433443344433454334434434334444334434443434444344333322333333333323311111121123344434343443433454334432111111121222222234434333333334423333233232322222
34433333334333333433443433334444334333344344334334443334334433444433444432333344433434532333334335554322432333334323321112333333333333344433334444344432322223233334323244433333234344333333343223322233
34444343334333334442334332454343324333434333333353344333235433344443333344446444434433322433443335665422333332333223322223444444433333333334444333333343333333334334433334442354336443333333343233233322
44443343333333343444344443343233223334544324433543333333334434445444454335445433344323323334443345654321222222233233233433444334343334333444465333333333333333333234444434223323455433333234343333333323
44333334344334444555543343322332333333454444345433333333334443444443465345334444334333333334433345654322212322333332322233444433333333433333343333343334333333333343334533333333343323344334243333322213
34333344344444343334643333333333334433444334335333333433333333343443354344433433443332333333344445543311232223323223322334333444333333343333333332233323233333334332245343333323443233334333243343322223
