64211222212224677444223321232113232222333332354344333336754443445888888888888888888888888888888888865566777678888664354322223223222332236788888888888888888888888888888888888888888888887777777777786553
74212222221235677433233322232323213222464322333333322336533333334888888888888888888888888877778888766556766677876543444322222233233342235888888888888888888888888888888888888888888888888778887777777743
74222222222212478633222233323223123222575222335423223356533323224778888888888888888888888776548888545567665667886443333334422222333454333788888888888888888888888888888888888888888888887778888777787444
74211222223223678854322233212222133221574222334332223234532222223468888888888888888888888887547888655454568777887534322454333213324454445788888888888888888888888888888888888888888888888777877777787656
74221122222115877653222332222211122222574322333322222223211112222246888888888888888888888877647888743333467777676443332443233312233332356888888888888888876878888888888888888888888888887777777787777776
64222222222212575333332332234232211232575222223322232223631112221236788888888888888888888787647887533333478753333433333333222212222222247888888888888888754555788888888888888888888888888777788888877767
74223222322122563433233323324222212232575332233322222224852111222222467888888888888888888787647985333333455643322333332333322222233222237887788888888888643343588888888887777678888888887777788888877777
75334322321132354312233333322132213343585322224322233335552112322222344568888888888888888777647754433433333445533343332223222222222222345775688888888886433343467888888887776478888888888887888888887777
75255445433454344434343434432354334342376322234322233232322112331212332346778888878888878877645543435423322344565443333332222222222232223444578888888886443343446867888888776468888888887767778888887777
74245544555555445445445555445555545454475333345333344443432111332334433333578888865578876677644554445322222354765333434421222222222333322334578888888887543333446757888887776468888888886646667887778767
74344444444544444444444444344555555555555345555455455555554444555555555554667777755456664577644565435322222444433333423322243222242222233333578888888886433334575746888887876478888887874434445676468546
75344444444444444444444444444444444444555344444554455555545555555555555555655555555565555677644555566555555655555555555555554444465444444444677777777775433334555544776787776378778876653333333454245434
75333334444444444444444444443444444444565334455544555555555454445555555555555555555555555237644555556555555665555556654555565555566555555555655555555565555554555555655567775356656665544444444544444444
75333333333334443333334444443334444444675334444444444444444444444554454555455555555555555437654555555555555555555555554555555555556555555555555555555565555555565555455556776455555555555555555555555555
74233444433444434444444434443334443343675334444444444444444444444444444444444444444444444567644545555555555555555555555555555555555545555555554455554555555555555555445556776445554444455444444555555555
75344444444444444444444444434444444444575334434444444343444444444444444444444444444444444478753444444444544555555555555555555554544455555554554445554555555555555555555555776445555555444444444444444444
75244344444444444444444444444444444444565334444444443444444434444444444444444444443344444477753444444444444444444444444444454555544445545555555555554555544455555555555556776445555554444454444444444444
75233333333343343344444444444444443444675334444444444444444443344444444444444444444444444568753444444444444444444444444444444444454444444444454555455444444444444544455555776444455544444444444444444444
75234333333343343333333343344433433433665334444444444444443333444444444444444444444444444467753444444444444444444444444444444444444444444444444444444444444444444444445542576444444444444444444444444444
75244334334433333333333343344334434433675434444444444444333444444444444443444444444444444467763444444444444444444444444444444444444444444444444444444444444444444444444432376444444444444444444444444444
75234344334443334444333343344433334444665333344444433333334433344444444433334444444444444467764444444444444444444444444444444444444444444444444444444444444444444444444444666444444444444444444444444444
75333344333444444444434444443443333444664334444434443333344444444444444433344344444444443368753444444444444444444444444444444444444444444444444444444444444444444444444445666544444444444444444444444444
76333333333433333433333344433344444444665334444444444443444344444444444434433444444444432247764444444444444444444444444344443444444444444444444444444444444444444444444445776554444444444434444434444444
75234333443433333443333333444444444444675334334444443334444444444444444443421444444444423545764444444444444444444444444444444444444444433333444434344444433444444344444445776544444444444334444444444443
74234434444433434344333333444334444344676334334343344334444444444444444444431354444454423554764444444444444444444444444444444444444444444344444444334344343344444444444445766544444444444344444444444444
75344444443334434444333433444344333334676434444443344334444444444444444444552354443444434464664444444444444444444444444444444444444444444444444444444444444444444444444435665544333343344444343344344444
75334444444444444444444444444344433434676434444333444444444444444444444444466255434444445464553444444444444444444344444444444444444444444444444444444444444444444444444435776534333333344433443343343334
75333444444444444444434444433333444444675434344333333434434443444444444444458435655444456365353444444444444444444444444434444444443333344444444434444444444444444444444445886544344434433333334333333334
75234344344443444334443343444433433344675434444344433333333444444434433434448724565444446455365444344444444444444444444444444444443343444444444444444444434334333334333335876544334334433333333333333333
75334444444444444444444344443444444443475434444444334443444433444433433344436843456544445235365445444444444444444434444444444444444443444444444444444444443334434334433335776444333333334443344433333333
66334444444444444444444444444444444443376434444444444444444444444444444444334774434444444335355334544444455444434434434344444444444344444434444444444444444544444444344335775434333333334333444444333433
75344454555555555555545555555555544444675434444444454444444444544445545444444576532114445534454323444444444444455444444443444444444444544444444445555555555555555555555546875534443333343333444444454444
75233344444444444444444444444455555554676445444455554555445444444444544444444578642111546635452233333333333344555544444444444434443444445444555556555666666666666666666655776644444444444444443344344444
65244334344434433444343344444444455555676436555555555555555655555555444444444469744324545665432343333323333344444444444444444544444454455556666667666776666666666666666665457644454444444444444333343444
65333333343434344444333433444444444444676435543444444445555555555565555444444457966666556774244345653334334453344555555555455554455665677777766676666666666666566666666666655534444444444444344443333334
75223433344443444444444444444334444334676434443333344444444455454555555556665555787777657843112345643335656664343444555555455667767877877666666676666666666666666666666666566554444443444444434443333334
65323334445444443334435445444444444443576434443333433334443344433344444445555555577677646732111222222334778766554554566655677787777767776667766676666666666555566666666766655565443333333434444333344434
65333334333444444444443444444544444444576434444444444343344433333333334433443443576676654553111222222224778877777888888843666777777776777666666666666666666555566766666666655556544433333333333333334433
65322223334333444344444444434433333444676435544444444444555544444454434443343334666776663553111222222236667777688888888733677777777776666666666656666666666455566776666666665566665434444443333333444344
54312233223332333333433333333443343343476435444444544444444545444564444555555446667666664442222122222256567667677777778735788887777666666666666555666666664456656777666666666667776454444444454444443333
23323233222332333333333343433444343343366434454454444444444444544454444544554556766555564332244222222466666566667666778735888887776666666666666666666666664556667777666666666677777545555545444544444434
22333233222333333333333334444454344444576433444445444444444444444443444444443566655556655453333234444556655566567666778647877877777766666666666666666666655566668877666666666777777754555555545555544454
23333333433333333443334333433343444444676533443344444444444444445443434434444677655566655543343235556566556666566666777558777777777776666666666666666666655666678888766666677777776764444555554454555544
44443344433343444443333334333344444444576423433345444344445444334444444444444677555544444432354224455556666666666666777567777777777777766666666666666676656666677788776666677777766675444444444454444444
44333333344433433444443334433334433343576323333334554444444444434444444554544676555445543222355213455556656566666666777477777777777777766666666666666777666766777777777776667777755776444444444444444444
33333333445434444343443334443333333334565422223334344455433444444444445434334676555665432222454312444555555666666677777577777777777777766666666666666776666676666677777777777778754677545444444444444444
54444444454444444434433344334343343333565321212233443344433333334333245343354565556621112222344211345545556666666677777578877777777777777676666666666776765666656677777777777777641477544445444444444444
55444454445454444444554433334443344433455432322333333333333223433344444443443565556222222223124211144445556666666677788688877777777777777777667667777767765576556677776677777776531267655444444444455444
34443333344444444444555433334443333333343333333333332333444444444444343344443564545466332223224311124445556666666777788688877777677887777777777777677677655576666666666677777765422247765444444444444444
33444344443334444444445444544444443343433333333334333433334444444444334444444654555554332235433211113445555666666777787677766777777777777667677777766666645566666666666667777654321136875455554444444444
44333443333333445444445444454434454544554334232334334433333443444444344444434545565543433244422111112444555566666787776676666777777777777666677777766665444567766666666666777643311246887445455544445544
44444344334433333333334433444334545434543443343433334433333333442334344443334555555433322354222111111345545566667776666665665667777777777677776777666544434567677766666666776543211235787644444444444455
43334444333433334333343444454344555545544544444433434434333443333223334444445655654333222552112111111345455566677776666655655666777776776667767776665444434677667777666666666532112334777654433333344334
44433334433443334444444444455555543444554454444334544444444422344444434444665787653322114741123111121245555666677776666555654567677667766666666666654444434677667777776666666532123334656654434433333333
44444433434444444444444454444444444444544455444455443334444433434434434334655557753233235521124411122134455566677766664446655566677766676666666665544444335677667777777666666431223444445765443333333333
55444443334444344434444554443444444444444444444444344433544443432432333333487455553243343211133542112124455566677766663456666666667776667666666555544443235797666777777656765421223333344676544444343333
44444443444444444444434554444444543434444443344333344333434322222333333333698555544543442111244542221212445566777767753466766666566776667666665554444433345788666677776557865312223333334577644554333334
44444444443333343445445555545444444434445443444444344444444334333344332345688876445422331133443432332221244567667777654566666565566776666666565544443444456647766677765567875312223335334457765454334334
44445344323334333445444455555444444544455444444444444444444444444455433455666544454320221345532333433331134567766666655676666555566666666665555544444555556536776666655578765212233343433455676655554343
44544443334344334554443335555543444433454444444344444444444444444445555653333123266312313334623333344433222346766666656776666555567666666655555445556655566434776666656788764222234444433454465555444332
34444434444433445544443345454432222244443344444444444444444444445554544544321232245313225335523344443344333223666666566676666555667666666666555455666654554322676666677778653222234444334344335334433333
45445444444444445444444444444432233344434444445444344444555555444554444445422211233211134335522355544455433332245455556565555554787666666666666666655544443222387666777778652222234333333333333332133334
44444444444444434444444444544443344444344444443454445554444444445554445455443221111121133445534455445644433333333344555555445553798877777666766654455544332222377767777788641222244554334433334433222223
44444344444444434444544434444544344433444444433444555445444344434444444445454321111122333434454445435543233444433355555665455543698887777767666433445433222223468777777787631222344455344334444434433333
44444445444454444444445444544543444433444444433444455544543344444443445454444331101344454442344554544433222333333345666665555442487776678755454333333322233444457777777787521223333444444344444444433343
34544444334444344454444344444554444445544454333444444544444444444444444443334443234434344444444444433333322333333433376665554432266555467643222223333333344344447777888887521223333334343444334444433344
34434333334444444545454543444565544445444454445555433333233444333344344443333344334433444445454444443333224344334433366665555422222233334333223333344343344434444777898887621223334443344434344433344433
44334334333444444544555434444455554445344344344344444332333333333444344444444443443333434445354445544453333444444333366665565422122233334333444433443333444434343477898888732233333443343333343444333333
34434443333333334334444444434444454333234443333334444443444333344443343444445444533443434444344334444444454434444444466766664311223343334344435434344333444333333358889888852233333433343433332444333323
34333443344433344434444454444333444333444433344444444443344443343344444444445445434343445434443333345444444444455444477766664212233334444345444333334333334334333337899888862233358523333434333444333334
34443443344444445433344444333333334454443444444444444343444433343344444444444333344444444334334333344343443454445334477766664222234445354433333333334344433333333225898788884233379733433333334443334434
33332333333343444343333333333344234444444544434434434444444344443344344444444343444444443343344334434434434444444445467777663222333443344233344333334333333333333233898788896223389953333333334433334334
23433333333333344333333334443344453343344435443444443444444444443344344544434344443333343344355344434444445444444334467766653333333333323333333334333233332333334432699888898322389983333433333433334333
33334433344333333332233344433344344344334454444443444443444444443444445544334434433343343444444444445444344544444444367666553233222333333233222333333333333333344433598888888522399875333344333333334333
33334444444444444443333334434443344444434444444433444344444334333444344344344333433443333344434433345443443444433334366676553223112333343223221223333333343333333333379988888842389876434344343332333333
34543444434445544333333435444333443443333444344344444444334543433434543344333343333333553444433344333434643443333334477766432332112334343221223333333332333334343343349988888873278886433333333333433333
43444343334433434345434434344333444444333444444334344434434433333433443433433443433333563344443434444434544434334433577878532486233333333333334443443343334333444333336998888774258886433333333333333333
34334332234443434336434444333443444443333333444334433333433333443433443333333434443333443335544444444434433444334434677878533478433334344334444343323344444344443334334998687765238876432333333333333433
34334443333334444335534344433433444443344434443444433344444344444444343333344444443335543344543444444434434444434444677778533468533334344333433333433354433234433343333798666665226876433333333343343333
44444544333333333434443333444444444444344334433443334334444444323333333433343344443444444544443344433334344444533444667777642348523334444333334333434343333333333344333698557665223886433333334433332333
33344443343343333333334444433422334434443443434343344444434434334443334434543565445554443443333342333245534444333334666666542237522333433333345333333334333444433343344588557665222586433333343333322332
33444443333344434443334343333333324433443443333333443444434444344433334434534454345644544554333322233255553443333322666554332135522333334333334233433344333354533333333368777764322277454334444333333333
44434543333344544334443344333334334433333443333433443345444344343434334344432343345544444433332333332255353432332222565543322343442232223233222333432344433334432334334347788864322236443333443333333332
43334433343443344344433344342333443333334333334333333344433444344343443344433335334443434433233443344434233323322224366554552312243222112232212232222223224244233333332326778764222223333223432233233432
42234334343433333344323344344434333343333333334333322334222333443433453333444334433333323543335544354423234322221123256664432343245222112222211221122222223233222231321223878764222232223232222232333443
33343433332223333443233344344333334343343333333333332333233334323543553333344433333333223443236543334332133126312212157654333452235312211121111121122222212222111222111112777763222222211211111112322323
23332333333222333363332333333333333223443433432233333234334333323333343333435433343332333333335543442343221114313422157755322222235412225311111121122112332121431122111111777764222222111111121111222212
23222233233322334433332333333333233223433333333333334333333434433322343333334433333333333333335534343344321123223322146666331222134622247321110021132122346211221121111222787764122222122110121121112235
23333333333333333334223333233333334334333333233334335333333432445443433343333333333343333333344224323333221233223333347655332232134632233221211031132123447213110131111223787664222222221110221131111126
33333333333333333334323333333333343334433222344443455333334433443334432333323433332242333433243324333322332243433333257766332232222522222233311152252233535333321332111333786765322222221111111221111224
34443333344333433333333333333233443233332333343333444443344325444333332343223333322333323333343333212333232243553232257766531221221312254365321143241334555654564533333334777764322222221111211211111233
34233333343333332333333434443233443334333333333334333443343335334333332333322233223222434322333333232332332333443332267667754221542332245346442346533345544544433434434646677764222322211111121111111333
32334433343333333433343333343333443343333333433333333234333333333333333323343333333232323233233323334342334443433333266544644322443322432443455345334333433344333445445544677764322233211111163543112234
33333433333344334434333333333333433333333433434433333334323322343333333333333343333332333234332334333333334543323222366543323112323442323444454343443334643343344445454434678763331243221111143631232322
33343333333443233334343334333333333333234433334433333344333223333334433433443333333333443323332343323333323333332333555654432112324532322444433334643443434432333433455434668763331233431120132433222233
22333333333332222343234344433343443333333324433443454434433233344434333333334333333323323332322332322333333333243344444442331133336632333344333333533454324421434543334444667753432233433231254423222443
33333344333344333434334444433433433333333344333433443334543333443343333343443333332333222333333331322343333234352334433342253232235543322334333333332333433422334533333345567653322665322232433332326433
33343344333333433433334343333443334333433433343433342224443333223333443343443333322333321233332322323333323334233234344333344343333342333333223423332334444332334433444555656632322335354322434653345432
33233424322222233333333333333344333333333334344334433333333434343334554344444333433343333443332244323324333344223224344333442333333332233333333323432233344323334632376355755423443554444343334565233222
23322322322322233333433334333343333443332334334344334433334344343333453333444333432233233433433333333333324333322235343433553233443323334323633454342333465323443443576344543334534544334333333343233322
33233333333332244444434433443444433443353334443345544533334443443333443334434444433334333444433332333333333322233356343343333333333333333334434445364333454434333334544443433444433444433333333332235622
23333444434433344433333343354443333443444433443444444443444444343343344434334443333333334334333332333343343323343345443333334333334444445434335423464334445434333432434433223553444433343433333343333423
35433444334334444433333333354433333344433344443444344433333344332343343443334333333344443334333322323433333344343333332223323233233444334433343333333333344434223443434422223346534443445334336544233445
44433334333434443333332222343344335434434334544343444433343333323443333333333333344344433333323333223333443344333343442222322323333433233323344433333232333423423423334222222235335444445332336423332575
33223334333343433433332333333334434433444344444334444433334423433334443343332322344333443333333333333333443344433433443334332223224432333333334333333343343234433323223334322244334343323322333324433564
33333344343343434433434443343334433344444444444333344433333334333334343344322443344343344433234433444433333333333432333333333222234422333433333333333233233232223434423443423334432332323442333334346455
33344334343334434334432444444545544454434444454344443333323454443344344434434454344344444344344333344334334333433433433433322433334322333543324333232232233222133544333343544325432443342343332336644444
34434345444343333433443344434544453454334344443343443343323454544444456433454334332345433344444453344444343443333233334333333333323323333433333422244233222223332322243222234233332474332343233343444443
33433334444443333444443344444444433443333344443333343444344444444333444444444344333343333344434434333344343433333343333323333333333334333333344433346534322213313222323232222354332365333332223233245443
43444334333333332344433344443344433433433333343334445344344445433344444444334444334443334443444333344333333333333333433333333334344333333344233332333323222222333323333232233243333335333223323433342333
44344333333332333344333443333433333334433334334333444433345434334344444333224554443434444443444434443454334443333333444343232344343333343343333333433232233333332332333223334332323233223222433333333224
33433333323432333334334433333334333334334343333443444434444433234333333333333334432343343333344443334454444533333333443344333344432343354433333333432332333233322232321323233433223333233232443333322312
