44333448954433333334433444444444444444444444433344433444444444445699997311455555874555444444455558855796454555576444445555455444445448964555445555544544444444444367444444444444444444444444444444444444
44444447964444444444444444444444444444444444344444444444444444444589998521454445874444444444446668745896455555576344455554444444555448964554445444444455454444444577434545554445544445444444444444444444
44444447964444444444444444444444444444444444444444444444444444444589998621455455975444444444445679647996355555466444555544544444445447964444444445444555444334444587534445544455555555544444444444444444
34444446964444443444444444444444444444444444444444555454444445545589999731354455975555555444456798568996344444466444555555555545555546964444445444444444445444445587534444444444444444444444444444444444
44444446964444444444444444444444444444444444444445444444445444444589999841354444975555555555456898567887344334476444555555555665665545965555555455445555544444444577435445544544444444444444444444444444
33345435954444444444444444444444444444444544444444444444444444444489999841354334984334444554447998467796344434477333455555545655666657965666566666666565555555555577534444555555544554445445444444444444
33344334864334444333333444444443343343444444444443444444444454444489999841355434763323323675548997467896244443467322344454444444455657964566566656655556666666655677535555555555555555555556565555554444
33344334764333333334333333333443443454445554455444545555555555445479999841354545544444444774448998567795244444466433444455445544444447964655555555545555555555544687434444455555555555555555555555555555
44333344664443343445444544444444455554555543444444555555555554345479999841344544444444444555438998557795255544555555554556555554444446974434344445555555554555455467435444444444444444444444444445556666
44444455445544555554445555554455555444555444544444445444444444345479999831344444444445444455438887446884355555545555555556555554444446974433345444544444445545445367434444444444444444444444444444444555
44445455555545555555544444444455555554554455555555555555443344345579999831343455555555445555427775557784344555545555565556555554544546863333444444444444345444444577534444444544445454445554444444444444
34444454445554545785554455445445555544445545444444444554433344455579999832344455555555455555426765466784354554445445555445544455544544554555434454334344444444454577534445545554564444445555544444544444
45554555555554555852355444444455554445444445444444444444445544446678999842433345555555565555426765666774455555555445444335435556554545445653344443344444444444444477534444444455554545444445545565444445
55555555445544544544444444555554455555544554445544455454555554456778999964433345555565555555536866656786565656556545455555555555555555555544444544444454444444443477433333334444555445444444444444444455
44444444443454555555445545555555555555555555555555445545555555557767999964323335555556555555546877546784455655566555555544555568864554456555554554544444444434433455432333334444344444444444444444444445
45555544544444545555555555555556555555545555655555455445555555568777789975333334665656665555545986435863555565565555555555555568843554555544555555555444454434443334433333333343344443443344443344444444
55544555555555566555655655555555555555544545565565555555554455557877789985433333555655554555556875435854555655555556655566566545544455555444555555565555555454443333334344333334444344444444455455444444
55554555555554565555455545555554554544445565566565555555554554457778899985432222466555655654556877546865655555654566555567666555555555555444554455554455534344444333444344443444444444444433544445444544
45555555555555555545545555445555555555455555556665555556555566556878999985432222256666766653556887757855666666655665565556655566555555555545555555555554334445544555454344544454444454444444444445544544
55555555555555554555545554444565555555555555555555555555555666556888999986432221135665665654556886558966555555666655665566555555555555546555445554545444455555544555444444445444444455444444444345554444
45444444445555544555555555555556555555555555545555555555556655557999999996432222125666666644566887679755555555555655555555655555566445555544455554444444544444555544444444445544554444444444544333444344
44444445455544454555554454555556544455555555555555555555555555556999999997432221114566566544565887899765555555555556555556665555555555655555555555455455554544555555555555566555544444444444544434444444
45545544555454544444455555554455665555555555555555444444554454455899999986443222103665555444555899999665555445555565555544556555554445555545544554445555545554555555555555555555445555555444434544444444
55555544554454444455444555554555555445565555554555444444544444454689999986443233222455554455545899997555555555566664555544445555555434544433443444444545445544455445554444445555455455665543434554444444
44555545544445445554444455455556544445655565544445544555444545555589999997555665531465544666646899996555555545555555455455445555555444555555555545555544445554555444455445444445555555456544544555444344
45455445554444455554444455555565444555555555544445544555555555554569999998887877765677667766757999975455554555555555555555555555554554455655556555555455554555545555544454444444555555555554555544455455
44444445554554444454444445544544455554555555554445445555556555555557999998766666667766677755767999964356555655555555555565554455555555456655555555655445455455555555455455444444444444434544455544555554
44554444454444444544554444444334555544544455444444444555555655555556899876666666777676666665688898753355555655665665556665655565655544345655445555555455555555555554444554444444444434444444455444555544
55444444545444445444445444444344554444444444333444444444445554555555688776666666666666655556578778642355555555666667555665666666676444444566555565555455565555544555554444544454445444444555456555565555
44434444444444445455544444554444554544444433343334344334444445545555787566666666666655554555546766532255555555655456555666666666666443445557665565555456654455555555555444444555444454445555555555654455
44333444344444445554444444444444533444343333344333344343445555555567776666666666665555554444532654421244455666665555555567776576655455445446665555555455555555445555555554445554444444545555555454555555
44454333444444445444445443444444333344423333443333444434444455556777677776566666666555555444432454321134345566665555555576665666655555544444565445566555555555565555555654445545555444444565455454544444
44443444444444444443444443444443343434434434444344444444444456788877777766565666666666666554431343221123224566664445556665555555556655555554334333455666655544566655555654544444455455545555555544544444
44444444444433344443445443344333444444434434444444444554444466667778877666665666666666666664442233222122223555555555556556565555655545555544432222234566655555665545677655544445444455555555566545555444
44444444444444444444444444444434444443333333344445544444445666677777776666666666676654445455432222222111212444456556555566566555554455555433344322212455656666644456666555666555444655544445565554455554
44444454444444444443444544444443445444444344444444455444445677788877766666666666666655554433432222222111111343456455555565555555655555555543334433212355666654455666665554455554445655554445655544333344
55444433444444444444444444444544444444444444444455555444444798788877766666666666676776555433322222122111111233456555555565555565755555555555422344321455555545566666656654444455555555544555555543223345
44444444444545444454444555455444555455444444445555454444445678887777766666666656777887555432222221222111111122345555545555455554444555655455543223443565556555556665666655444444544545554554554544345444
54444554544455454445445554455445555445444444444444455544445347888877666666666645688887444433222211232221111112334555555555555454444554454445565433455455556555566665555655554434444444555544555555444544
55444545554454455445444444444445445555555544444444445545542138888776666666655667776554333333222211233332222111233544555444444555445544444444544555555665555556666666666665555444444555555545554555444444
44444445444454444444444344444445554445544554444445444455531148877765666555555678633211111222322211223332232211223445554444445555544555544555544554456556655566677667666666665544444555555445555554455444
44444455443444344444444444444445445444444554444454444544442377766656765544444467511100000112322222222333333221223345554445444455444455555557755565666556666666787777766666666654444455555554455566555545
44455554554444444444444444444456546544444544444454333443455777655556655544565457411110000011222221122233333322222245545555444444444555455566666676655555666777888766666666666665444345555544455566665555
45554444534434444554444544544565444444445444444444444443456776444445555444555556543320000011212220122233333332232245555455445555555554455667776665566666666677888776666666666566543334555544544555565445
45434444434444444444454444444444434444444444444444444433456666555433454344555545544421110001122220122223333332332244555555555555666555457678766655566666666678877666666666666655553333455455544544455432
44444443343444445434443454443444434444554444565444445445555666665433332245565434323432111112222220122223333333332233455545554557865654468778666656666678887787877666676666566655544333454454444344445544
44544444433444444334444444444444443445555444444444445555566655555443333345554333333332212222222220112223333333332222345555555667664676778877655666666677888887766677777666666544443333344444443344434555
44433333434433444334433444445544444545544444444444445565799865444443444444433333332222112222222221111222222333333211245543333345585688667766656666666667777777666667776665555544442233344444443445445444
44433344434444444445433344445444444434445444444434455567999986456443344434333322322222111222222221111222222233333221233323333356776666566666666777667777777777556666666665665544333333334444444444444444
44444544445444434444443433444444444444444444444445776689978988754333333333333222222222111221222211111222222233333322222222344576666655555556788787666667776666566666666555655554322223334444444444444444
44455544434454544444443333444444344444444444444468866899768988643233333333222222222222211221122211112122222232333333333332233466665555555556777666666666665566666766555555555554322222334445544444444444
44455444344454444444345444444444444444444444344467658999888888554333223223222112212222211222222211112222222222333333433343222235555555555567876655566666656666666656555544455564322222333445455434444444
33334444455544444444455443344443344344444443444457689999987798654333222322111111112222111222222101111122222222333333343333333223454555556668887666665667667666655555554454444554322222333444433444444445
45444433454444454434444533445544445444444554444456899999987788653332222221111111112221111222222112111112222222222333333333333221234555555656776556666667766666555555544454445554332222223444544554444444
54444445444434454454444444444445554334444444344446999999887677753333222121111111112211112222222112111112222222222333333333333331123445555555565566666666655655555555444444444554432222222344544444444444
53333444444443344444544443444345444433355444444457889998777656853333222111111111111111111222221222111112222222222222333333333332112344566655455567766655555566555554444334444455443212222244455553444444
43334444433443333443444444355444434543455444445655567776665434763333222112211111111111111122221212111112222222222222333333333333211234556655445666765555455555555555444444444345543212222244443433334544
44445444454433333443333343344433444444444444445634456554433211265223322111321111111111111111212211111112222222222222333333333333321123444554434566666555555555555455444445444445644222222235444444433444
44444444444444332234422232233434443344444454557424344444311110026323321112452111111111111111112211111112222222222233323333333333332112333443334556567655555555555544555455443445553222222234443334444544
33444445544443322123332243222222243444544435556323333333100000006523321123452111111111111111222211111112222222222222333333323333332112333443334455566655555554555555455444443346763321222225444443444444
44444555444543322223333332112321123334544334455323233332000000015523332112353211111111111122222212111112112222222222233333322333333212333343323445556555554445545555455544443336753321222225445544434444
44334544345432222333343222322332223333334344444333233321000000135423332112243211111112222223322211111112212222222222233333222233333212333333323334555555445444454444444444443334443321222224444334434434
44344444444432223223342331332212323343244223344333332322211011344323332112232111111222223323322111111112112222222222233332222223323211233333223233455544544454455554444444333334543321222223433334333333
33444454454322323345423422342122224443222212444443332222322233433233332111232211111222333223321121111111111222222222222332222223222321233333322223334455554455555544454444443334543321222223334433334333
44444454455322212355322323553453324433334323345433333322222333322233332111221111221222332223221121111111111222222222222322222222222221233333322222333344454444455444444443444334543321122233344334444445
43432344444322222233322223435553543432232332234433333222223222222222222211221011321222222112211122111111111112222222222222222222222222122332322222233333344555444444454433343333433321122234443333455334
34432333333444332345434333224443433433233344332353333222221111222222222211222111221211211111211122111111111112222222222222222222222222123222222222222333334444554445445433344323333321222234454334454334
33444432334444444455455544433432333332242233333363343322322111222222233211111111211111111111210121111111111111222222222222222222222222122222222222222223333345444455444433433223333221222234444344454344
44334443344444444444445554434333333433443333334564433323322122222222233211111221111011111111111211111111111111222222222222222222222222212222222222222222223345444554443333432222333211222234443433443344
54334433345544444444434544444444444445544443334464333333221112222222233211111121100111111111110211111111111111222222222222222222222222212322222222222222223344444444433333332222233212222234444334443334
43455545444555455544444544434434444444455443344464333333211112222222233312111111100111111111211311111111111111222222222222222222222222222322222222222222222334443333333222222222232112222245543444444333
43444444444444445544455555444433333443444455444465444343211111122111123311121111100111111111211311111111111111222222222222222222222222221332222222222222222333333333333222222222222222222245544444444334
44454343444454445444554554344344444333445554454466775553211111110000013311121111100111111112212311111111111111222222222222222222222222221232222222222222222233333333333222222222222222222244444444444444
44444333343444444444455544444444444444444455444456798864211100000000013311111111101111111112212211111111111111222222222222222222222222221233222222222222222222233333223222222222222222222244344444444443
44332333443443444444455544444443434445455444443445457643221100000000013311111111111111111122122211111111111111222222222222222222222222222233222222222222222222222233322222222222222222222244444444443444
43333344444444544443344554444444334444445564434443344344311100000000013311211111111111111122121111111111111111122222222222222222222222222233222222222222222222222223222222222222222222222244454444443444
44444344445454433334444344333453333343443454344443444543210000000000113311211111111111111221121211111111111111122222222222222222222222222223222222222222222222222222222222222222222222222244465544344443
44443444344443333343334544333434444554543344433445545434541000000000023212211111111111122221122211111111111111122222222222222222222222222223222222222222222222222222222222222222222222222244455544334444
44444444354323344443444433333444444434444444334434555333210000011111023112211111111112222221122111111111111111112222222222222222222222222222222222222222222222222222222222222222322222222233454344444445
55554444554334434445445444434433343444435544445444555431111100111111022112211111222232222111111111111111111111112222222222222222222222222222222222222222222222222222222222222223322222222234334344445544
44544344444344433434555544434444444444554444455454445631122211111110122112211112443434211111111111111111111111122222222222222222222222222222222222222222222222222222222222222223332222222344344444444444
54444443344555655544445544334445555554544443444554434454344553110010122112211222323433111111111111111111111111122222222222222222222222222222222212112222222222222222222222222233332222222354454555544454
34544443333335544444444444444454444544554444444544433334555432211111121122222211001111111111111111111111111111122222222222222222222222222222221111112222222222222222222222222233333222222345545555565456
34445433445444344444543444444454544444544456444554433333333221111111221122222111111111233111111111111111111111222222222222222222222222222222211111112222222222222222222222222233333222222345445545554455
33333344433443444444444344455554443444435554344444443222322110111122221122211231121223555311111111111111111111122222222222222222222222222222211111112222222222222222222222222223333322222345444445544544
43333344344544333454333444445544334444334443444444444311111111111222211112244542244553555531111111111111111111111122222222222222222222222222211111111122222222222222222222222123333322222344444444444444
44443334434544434443333333334445454443344434434444333332111111111121111112355553354434555453111111111111111111111122222222222222222222222222111111111111222222222222222222233223333322222344444444433445
44444444434434434433343333333444444344444444444444333343211111111233112233344543343445543465311111111111111111111122222222222222222222222222111111111111112222222221222222343222333322222334444444444444
32344444334433333444444343344544543344445544444555544444421111113334334434434443444555543456421111111111111111111112222222222222222222222222111111111111111222222222222222443222333322222334444433334444
34444443445443344334433444444444444444334444445555544434643111245443344335544544455555544456411111111111111111111112222222222222222222222222111111111111112222222222222223544222223322222234444434444444
44445433444444343333334444444455444444444445444444444434444443465543455355444445545555444545311211111111111111111111222222222222222222222122111111111111122222222222222234434322222222222233343445456444
53355344343343333234434443444455444433444455544434433445444344555554455555454445555555445544211212111111111111111111222222222222222222222122111111111111112222222222223343334422222222222233344455344443
44533333344334343444433345544444444444545554334434444565444444445554445556544455554545445554211222111111111111111111222222222222222222222122111111111111111222222222233333444422222222222233333454444444
33443433454344344444444355434444345444455454444444445455444555555454444556544455444456444555312332111111211111111112222222222222222222222122211111111111112222222222333344443442222222222233332334344434
44444444444344444444443344444544455555444443565444445544444455654544545565444454335454544454413653211111121111111112222222222222222222221122211111111111122222222233333244443442222222222233332234444444
44455555444444344444443454445543445555545545445544445654544455555555544554544445444454434555523774211111111111111112222222222222222222221122211111111111222222223333322223323334222222222233332223344434
43454544444444454544444454443444444445434445445444555445554555565554334543344444555454444445543777432111111211111112222222222222222222222222211111111112222222333333222223333333332222222233332223434334
44545444433234444444444455444334443345434453344554445455445545555554344444444333455665444344542677753211111221111111222222222222222222222222221111122222222233333332222222433333343222222223333223433334
44444433333344435444444554444555433445545554554554445444445444434434444444444444445555444554542677764211111211111111222222222222222222221122222211222222223333333322222222344333333322222223333223333433
54333334455434454445334554446544433444545545455555554444445543234344444444543555455554455444444777665321111111111111222222222222222222221122222222222222333333332222222222245443223332222233333223334544
45443444444444454433334443345445544544445545456555445445454454444434544455444555454554454444445887766642211111111111222222222222222222222222222222222233333343322222222222224333344323212223333223335444
45544543444344543335444454444556544544544444444434455545445455544444444444555545554455544444445787666674221122211111122222222222222222222222222223333333333455222222222222223433344443222223333224444344
44554433443346643343443434444565444444444444444445444444334455455444444334454555545544444444444777676677422222222112222222222222222222222223333333333333334456422222222222222333344333222223333333344444
43344434434444532444334444444456443333344444444444345433345443555554454444344555555433334444444677766567742222222222222222222222222222222223333333333334434444432222222222222233344433222223333333444544
44444445444444433444444443434446544444455544444344455544444334555454454454433544443333344434444567766566764222222222222222222222222222222223333333333344433334443222222222222223334443322222333224444444
44443454345554444344444444444455444445466544444444554444443344454453344454433434332243334434454456766666776422222222222222222222222222111234333333333344444333344222222222222222333344322222332224343344
44455544344444554443444444444454433345455445554444554344433434443555444444445554434454444444443455677666666422223322222222222222222221111233333334444443543223333322222222222222333444432222222223233344
44445533334444444434444433444444444444334455554444334443443344444434434444544454443443445445543455567655555432223332222222222222222211111333333344443333542234433442222222222222344444432222222223333333
44344443344454445434444434444544444444445565655654444444444443445544444454544444444445445545434454566655554332233333333332222222222111111333443444444333344334433453222322222222344444432222222232233333
54344443344455445543343344433434443445555554455555444444455445534445555666554444444445544333454444546644454444346653333333332222222111112432344454443343234544433335333332222222354433432222222233334433
45444433444565444443344554445445444444444444445454445544444335543455555555554443344444434434554444434555667789779997533333332222222111112333444334344444344544333336533332222222354444443222222233434433
45443323444555333444444554445454444344334555455445455443444445444554344456543344444443344444444544434356779999888899765443333332222211112453344334444333434544344346733332222222344554453222222333433434
