22223322223333233344433322233333333333222333333222333332212223322222222222222234699999999999999999999999999977899877756999999753244444433332222111233322211223445444554332112221111122123443223554565555
32222222233433222344332233223333333333222333332223333333333333333222222222222248999999999999999999999999888767899876655799999753234444433332222111343323222333444333333221111111111122123343223554555555
33222222355543223333233443222233333333222333333332233333322233333222222222222489999999999999999999999999888678999865554599998764234444433332221111333323333444443222222211111111111122122332233543554554
33222222234433222222233333333223333333333444322222233333323333332222222222224899999999999999999999999999876678999744554599888765224444333332221112333323334554431111221111111111122222112332223534554554
33333322233322222322223333333233344433223333222223223333334344432222222333469999999999999999999999999888765688888633444698777775223444333332211112333233334554321111111111111111122222112332223435644443
22333333322222232222222333334433344554222232222222223344445554433222334445899999999999999999999999987777665687677632234588667774123444333322221113333322234443212222211111112211122222112321124435544433
22333222222222222211122333454433345543333333332222334434444333333333334689999999999999999999999999998877665676676532245688655664223443333322221123333222223323222222221111122222222221112321123335444533
22222223332222333221223333344333343323333333332233322333333333334444447999999999999888999999999999998888887876675432245677644563223443333322222223333222222223323322221111222221222221112311123234345523
22222222222222333211222223443323333432333333332222233333334333344456789999999999999777777899999999987777798877664433245576655563233443333322222233333222222223333333221111222322332221112211112233246423
22222222222212332211111124443322344433344333322222233223333333345789999999999999988766666788999998766666577776654433334455554553233443333322222333332222222223333333222222223323332221122211111233234223
22222223332222222222222444333223345654433333344322233233333345789999999899999999988765556668999888655555566665554433334444444543233333333222223333222222222223333333333333333234322221222111111221232122
22222233333322222223334323333333467775433334554332233333333479999999998999999999888886654567998767644445555554444433334443434432233333333322223332222222222223333333333343332244322322222111111221221112
22112234432222222223332223344332355664432233444333223344445799999999899999999999888887766556886666644444444544443333334443333332223333333322233322222222222223333344333443432444333322332121111111211112
22222333333222222223233334543222245566543333344322223444689999999999899988999998888897766456654565544344444444433333334443333332223333333222333222222222222223333333333444433443333333332222211111211112
22233333222222322332233465433222234566544333333322344445899999999999999987999998899898776456533444444334444444443333333333333332233333333222332222222222222222333333333444444443344334432322222112211111
22233333222333333334454443333222233444433223333333322347999999999999999988999998999999776555433343433434444444443333333333333322223333222222322222222222222222333333344444444444444444433333222222222111
22233333333333333345544333443222233444433223333444445789999999999999999999999999999999877655333333333443444444443333333333333322223333222222222222222222222233333343334444444444444445443334332233232211
22222233334443333345543334433332233334444443334556789999999899999999999999988879999998876543333333333333444444444333333322233322222333222222222222222222222233333343344444444445554454444444333443343211
22223344444433333456555334555433233334665555445789999999988999999999999998876667888888777543333333333333444444444333333222223222223333222222222222222222223333333333334444344444444455445444444433443211
22222333333222334445554335554333333346645777788999998888888898889999999976764344567787677653333333333334444444444333333322223222222332222222222222222222223333333343333443334444444455455454445444443212
22222222322345444433444445444333344677679879999998888888889887899999999855531123444565577653323333333333444444444333333332222222223322222222222222222222233333333343333333334444444444555544555544443223
22222222235664455433334444444443347899999789999888888788888668999999999523211212333334466544332233333333465344443333333332232222222222221122222222222222333333333333333333344444444444545545555544443233
22222222344445555433333333344444469999998899998888887678777679999999997446421111222333346544433333333344654434443333333333333222222222124554322222222223333333333333333333444444444444444545555545543343
22222222233444555432333332333335789999998799988778875567676689999999998899741111222222345644433333333345544434444433333333333322222211466776542222222223333333333333333333344444444444444445555545444444
22222222333333455443344332233347999999997689987788755456777799999999999999842111222222335554333333333344344444444433333333333332222226953566543222222223333333333333333333334444444444444444555555444445
22222222333344555544333332233599999999996579987778666557887899999988999999753222122212233554333333333333344444444433333333333333222268853345543332223223333333333333333333334444444444444444455555444455
22233333333444444433334433357999998888996568997788776678888999998889999999864222222221123454433333333333334444444443333333333332221587533333444443333333333333333333333333333334444444443444455555444555
45443322344433333333444433699999998788897458998888887899999999988888888998775432221221112344333222233333334444444443333333333322213774333333358654323333333333333333333333333343334444444444455554445555
44433333443333444323455458999999998677786457999988998899999988888887678887665443222121111223333222333333334444444443333333333322126653333333346765322233333333333333333333333343334444444444455544455555
33333345544334442123556799999999998667777446999999999999999988888887788887666554322311111122223333333333333333333443333333333322136533333333333576322333333333333333333333333333344444444444445544445545
23323454443245542223579999999999987556677546899999999999999898887777888776656655433312222223333333333333333333333333333333333322155323333333333368323333333333333333333333333333444433334444445544445455
22334422334688875224899999999999976455667635689999999999998987778878777665555555544334554444444333333343333333333333333333333322254222333333333466333333333333333333333333333333444333334444444444445555
23465323445567776458999999999999997445666644568899999998888877678766666554443344445445555554444333444444433333333333333333333322343322233333333543233333333333333333333333333334433333334444444444444444
45764344456655565699999999999999998544556654456888899988887777568555445544443344334444445554444443444444433334433333333333333322343332223333333443233333333333333333333333333333333333334444444444444444
67654334688654434899999999999999998654455555445788888778876666566443334444444444333433344444444444444444433444433333333333333223343333222233334542233333333333333333333333333333333333334444444444444444
65333446775444457999999999999999887764445545445688877666645565555433334444444444433334344444334444444444333444443333333332222233244333222223347632233333333333333333333333333333333333344444333444444444
54444555544555579999999999999987789974334445544578766654443444555333334444444433433334434443223343344333333344443333333322222333235433322223457522333333333333333333333333333433333333334443333444444444
44455544454444699999999999998766789974333444544567655433333333443333333334443333333333333333223333333333333344333333333322223333225433322222344323333333333333333333333333333433333333333444433444444444
34554444544455899999999999986566688975433444444445544333333333343334445444443333333333333333333332233333333333333333333322234333323445432333232333333333333333333333333333333333333333333344433444444344
56655555555556999999999999965556678976433444454444444333233333333345555544443333333323333333333332233333333333333333332222333323332235532333222333333333333333333333333333333333333333333334433444444444
55555444444457999999999999755556678876433333454443444333333333344456656654333333333333333333334554333333333333333332222223333223333223332222223333333333333333333333333333333333333333333334434444344444
44454554444467766778899998655556677776543333355333333333333333344566555544333333322233333333434554333333333333333332222344333222322222222222233333333333333333333333333333333333333333333344444444333444
23444443444465333333369976545555677776543333344333333333333333344565544333333332222233333333343343333333333333333322223333333322222222222222233333333333333333333333333333333333333333333344444444333344
34334444444542112222249964445555666666544333334333333333333333345555433333333322222233333333333333333333333333333322233333333332233222222222223333333333333333333333333333333333333333333334444334344344
43344544445531111111129854445555666666654333333323333333333333355444333323222222233333333333333333333333333333333322343233333332233322222222223333333333333333333333333333333333333333333433444344343333
33344444444421111111128844445555666666654333333333333333333222344433322222222223333333333333333333333333333333222222343333333332233222322222223223333333333333333333333333333333333333334333333344443333
33344445544431111111118843444555555666665433333333333333222222233322222222222223333333333333333333333333333233333334433322333332233222332222222223333333333333333333333333333333333333333333333344444334
33333444445531111111139733444455555566665433333453233332222222222222222222222223333333333333333333333333322344432344433332333332333222222222222223333333333333333333333333333333333333333333333344333334
33333445556643221111169533333445455556666543334774322222222222222222222222222223333333333333333333333333335532222333333332233322333322221222222233333333333333333333333333333333333333333333333344333344
33333445556666642111597433334444455556656553347974322222222222222222222222222223333332233333333232333332355322232222333332233322333322211222222233333233333333333333333333333333333333333333333344333344
43333444455667775446995333334445555555555654358974332222222222222222222222222222233322233332333233333322453223332222233332333322333222221222222233333233333333333333333333333333333333333333333343333344
33333343345666667889963332344445555555555555458864333222222222222222222222222222233322333322333333332223432223322222223332333322333222222222222223332233333333333333333333333333333333333333333333334433
22233333345656668888643222344445555555555555457764333222222222222222222222222222233322332222233333333223432223223322222332333323333222222222222223322233333333333333333333333333333333333333333333334433
33223345555656677766432333444444555555555555557764332234422222222222222222222222233222222222223444443334443222222222222333333333333222222222222222322233333333333333333333333333333333333333333333333333
33223344346656666543223334444444455555555555557754432233233222222222222222222222222222222222333433433345542222222222222233333333333222222222222222222223333333333333333333333333333333333333333333334333
22222233456654444222233344444444555555555555557655433221234334311222222122222222233333333333333333333345542222222223222233333333332222222222222222222222333333333333333333333333333333333333333333333333
22222223456643233222344444444444555555555555567644433322223334522322233323443333344333333444344443333345442222222223222333333333332222222222222222222223333333333333333333333333333333333333333333333333
22222222346642233223333444444444555555555555566544443333332322442334555333334433334333445565444443333334443222222223222333333333332222222222222222222223333333333333333333333333333333333333333333333333
12122222246643222233333344444444455555555555555544443322223333342334543333333333445555556665334443333334442122222222223333333323332222222222222222222222333333333333333333333333333333333333333433333334
12222222247643222233333344444444455555555555555443333222122333333343333444444444555554456654333433333333333211222222223333333222232222222222222222222222333333333333333333333333333333333333333443333334
33322222348753232233443334444444455555555555555443332222222222444443333455555555555444456543333333333333223322442222333333333222232222222222222222222222333333333333333333333333333333333333333444333333
44222232238963332333443333344444444444555555555443433332222222344444333444455555444333465444333433333222222335632234433333332222232222222222222222222222233333333333333333333333333333333333333334333333
43223443446973332333443333334444444444455555555433433332222211244444333444444555433333465443333332222222221137433333223333333322232222222222222222222222223333333333333333333333333333333333333333333334
32245544323884333322463333333333333334444555555444443333222211244443333333444444333333465433222222222222222246322222233333333322332221222222222222222222333333333333333333333333333333333333333333333333
34554321222685444323453333333333333333444445555444443333322211233333233333333333222333355433222222222222222234222222233333333332332211222222222222222222233333333333333333333333333333333333333333333333
76432222232477544323343333333333333333334444445544443333222212333333222222222222222223355422222222222222222233323222233333233332232211122222222222222222233333333333333333333333333333333333443333333333
42122223343356544433333333233444444444444444455555444333322222333222222221112222211222245422222222222222222453223222333333233332233221122222222222222222233333333333333333333333333333333333344333333333
11122223343333344543222223224455555443334333444555544433333222222111121111112222212222224432222222222122212553222222333332222222333322112222222222222222233333333333333233333333333333333333344333333333
11222223333322234433222332234555544333464332344455554443333322222111111111111222222222223432222222222222212343332222333232222222333322211222222222222222223333333333332233333233333333333333333333333333
11222333333333344433322344444555443334775651234455555443333332222111111111111222222222222432222222222222212333322223333333222222333322221111222222222222223323333333332233332333333333333333333333333333
11122344433444433222334444334555433358887961234455555443333332232111111111111112222222222342222222222222222233322223334433322222333322222111122222222222223333333333332233322333332333333333333333333333
21122444433333333223454443344444434689965731133455555544333333232111111111111111122222222233222222222222222223322233334433322222333322222211222222222222222233333333332333333333332333333333333333333333
21112355543334434445554433444444458999633211123455555554333333322111111111111111122222222222322222222222222223322234344433322222333322222222222222222222222223333233322333333333333333333333333333333333
32122334333334455456533344544445689877754211233445555555433333332111111111111111122222222222222222222222222223322344444433332222333333222222222222222222222222333223322333233333322333333333333333333333
43333443332223444554333445444457898889874212234455555555433333332111112211111111122222222222222222221121222233322344444432332222343333222222222222222222222222232222322322233333322333333333333333333333
54333444332234566433444555334678799999642122233445555555433333332211112221222222222222222222222222222222222233332444444432322222234433222222222222222222222222223323222222233333323333333333333333333333
65333444444435764334455554435897499995222222224455555555543333333211122222222222222222222222222222222222222233333444444432222222224433322222222222222222222222223323222222233333333333333333333333333333
54333444432245433334333445445796399852222221123455555555543333333221122222222222222222222222222222222222222333333444445532222222223323322222222222222222222222222223222322233333333333333333333333333333
32223444322455555677433333335796464322222211112333355555543333333321122222222222222222222222222222222222332344423444455533222222233333432222222222222222222222222233332322233333333333333333333333333333
44333433223567768876422233345884322222221111112333455555554333333322122222222222222222222222222222222225655433223344555543322222233333333222222222222222222222222233333332233333333333333333333333333333
44433333334556688875332333346853221111111111122334455544554333333332212222222222222222223322322222222224433344434545655543332222243333443222222222222222222222222222333233233333333333333333333333333333
33333333443345688776543332346732211111111111122233345434554333333332211122222222222222233333333333332223333334334434555543332222234434444322222222222222222222222223333233223333333333333333333333333333
55444443443335566788754333357632111111111111222332344345555433333332211122222222223322333333333454333333333333334433555443322222234333444332222222222222222222222223333223223333333333333333333333333333
55543233444445555665543233356531111111111112223322333355555443333333221122222222333323333333333333333233223333344434555553322323334345655443222222222222222222222223333333233333333333333333333333333333
44333334433444544445555432346431111111112222233333334444555543333333222222223333333333333333211112222234333333333334555553222333335555555433322222222222222222222223333333333333333333333333333333333333
33233334333344455445788865345532111111222233333333345433455443333333322222233333334333333322111122222224433333332235555543322233335655555434553222222222222222222223333323333333233333333333333333333333
32223444322333444445678999876553222222222333333333445443444443333333332222333334444332222221211211232123433333333235555553333233336776666567874222222222222222222223333323333333333333333333333333333333
33223443223333444455433577776554333332222333333334455544455555433333332223333333332222222222233223455333333333332345555653333333335656666566766322222222222222222223333333333333333333333333333333333333
33334443223445554433222223455444444433322233333344455443455565543333332223333322223334444454443245544443333333333455555553333333334556776677777632233222222222222222233333333333333333333333333333333333
33334554323444444443332233333333443333443333333333344334555444443333333223334333344454455555443354444554443333345455555543333333334456666656666663233222222222222233233333333333333333333333333333333333
33333444333455655455566764333333333333455543332333333233433344444343333335544333334433345565544444444556665343344444544444333333223356665444445565333222222222222233333333333333333333333333333333333333
44334433234666665455677533332233333233345666665433222222233444333444434445433333444433345553344443444456777643444455556665333322223245655554445555433233222222222233233333333333333333333333333333333433
33333443332223344444554433333333333333334567665434333322233333345555555666432224554444445543334443333455677643444455555665323322222234455555555444543333222222222222233333333333333333333333333333333433
33334433332223333345544445433333334322234455555434333222222223356654446676544445543333333333233444333445556643443334456666323322222225555544444445554332222222222222233333333323333333333333333333333433
33455433333222333333334555444333455544455555444433333322222223455432345676645444445553333333333443333334555554554444445666423322222224555555444455544333322222222222223333333323333333333333333333334333
34555543333223333322333333444333566555556555443343322222222223565433333666544444345553223334433444444444444444555555444566423322222223567655444433333433322222222222223333333333333333333333333333333333
33445554332223333333333456654334444443334555432333222233443346654333233555444333345543222332222344445566665544455555555556532221222222366655444454433333322222222222222333333333333333333333333333333333
44445544333333333344456664444455555554335676532222223355567887532322233455554333444443333333222234456654445677654455665555533221122222356654445665432333332222222222222333233333333333333333333333333333
66544444443333333334456654444433334433335555433222335666545566554222223455542222334443322322222224455455678887643345555445432222122222356544445555433333332222222222222233333333333333333333333333333333
45566665554444333345555444433333333333333334443444344444433334544332233677643333334443333332222233346777776654444445555444433321122222356554455666655433443222222222222233233333333333333333333333333333
77877556555544333344444444444333333323233334434444443344443333344443445555555443233333333332233334677667654444444444555555433321112222356655456677776544553222222222223233333333333333333333333333333333
87755555555544333444433333333333323222233344333345444444433344444444333455654443334332222222234577644445444445554445555544432221112222455666656666665545664333222222222223333333333333333333333333333333
66776556665554444455566666543333322222333454433333344444334566544555544555444443344321122223223443334455555555455444666545532221112222555677766665555555555433222222222222233333333333333333333333333333
66765455555544445555556665443222222222222333333333444443345555555554444554445554444432344555443323344555555444455445665545532321112223555555555555666555555543222222223222233333333333333333333333333333
55555544445544444444433344444443332222223333333334433445566554444444444555556655555433356533333345566655444444555444555555542221112223555556666655554456666653322222222222233333333333333333333333333333
56543223344444455654335667765332322233333222322332223334443333333334455557888765544334665333334445667776655554555555554555543221112223455556665566545566655554333222222222333333333333333333333333333333
55432234433444444444556787532222222222333332233322222333456676533334444457777555544457653333334677666788765444556666555565543222112222456766555666555666666555533322222222333333333333333333333333333333
44444454322222333234457764333333332222344444444433223334445555433344444555655555444566543444444555444456555445555666666665543221112222477776556667777655665555543332222222333333333333333333333333333333
33456542222344543334455555555332211223344443333333333223445555433334444444455554445554434445555444445554445555665555455655443222112222368766555555666655555555554333222222333333333333333333333333333333
23555543323344445665444444443222222222333333233334554344443333433334455544555544444444444554443223455444555555555554444445553222112222357655555554444444455555555433332222333333333333333333333333333333
33445543322233345555554444433332334343333333333344332222112233433334554444444444444444444323333334433344555555556654444455653222112222355554555555544544444565555543332222233323333333333333333333333333
43345555433223344444443344433333333333333333333332211111222233332334444444433333344554433333344555433344455555566654344456664222112222345555554555444555444565555553333222233333333333333333333333333333
