23376321112222213687874322223322222123221276322334432223323532222222357788888888888888888888888745888755556557877787543332244432221322455333578888888888888888888888888888888888888888888877777777777777
22276322222212221577553222233223221212222376422233332222223321112232235788888888888888888888878754888864433357778778643332254333322323443344688888888888888888888888888888888888888888888887777777777777
32276322321222222275332333332224322221122376423223322223222452112222124778888888888888888888878755888853333357765445443333344223321222322236788888888888888875677888888888888888888888888887777777777777
33267423322232112265332223332323322221223376322223322222222673111222222367888888888888888888878654887433333356753332333333333322222223322225888888888888888854444578888888888888888888888888777777777777
55357434433432123244432223333422234222434377422223422223223553111232222244567888888888888888877754865443433333444532333333222322222223322225687678888888888743333357888888887777767888888887787788777777
54577335545544455444544444444533355434444157522233422223233232112232111332345678888878888888877754643343533322334555443323222222222222222233665567888888887543333345888888888776547888888888878888888887
43576334444445555444444544455445555555555466423344433344444343211232323433333478888876568886777753454444522222244576443334432222222222233222334567888888887544333444776888887877647888888888776778888888
44466334444444444444444444444344444454455545435455455455555555444555555555554577777765446674467763465444522222254554322332321123222222232333333467888888887643333345765888887777547888888887554667788777
44476434444444444444444444444444444444444556434444454455555545555555555555555565555665565555578754555556545554565544444544443345333345333323433567888888887543334567663788887777548888887786343444578647
33477433333343433344444344444443344444444566424445444454555555444445555555555555555555555555436743555556655556665555555655555555555557555555554566666666666544333456553676677777448877777664333333355435
33476333333333333433333333333443333444344466424444444444444444444444445455555555555555555555426654555555555555555555555554455555555556655555555565555555565555555556555555556777546665666554444444454444
33476334444444444444444444444444444444343476433444444444444444443444444444444444444444444544557754444555555555555555555555555555555455545555555555555554565555555556555545555777545555545555555555555555
44476434444444444444444444444444444444444466433444444444334344444444444444444444444444444444457753444444444445555555555555555555554454455555554444445554454555555555555545555677545554444445444444455555
44477324334444444444444444444444444444444466434444444444444444444444444444444444444444344444457763444444444444444444444554444455544544454555555555555554555554555544555555555677534454555444444444444444
43476324333333333343343333344344443444343476434443444444444444444344444444444444444444444444457764444444444444444444444444444444445444454444455555555554454544445544455555545687534454455444444444444444
33476434333333334334333333343333333433443476434444444444444443343444444444444444444444444444457764444444444444444444444444444444444444444444444444444445444444444444444444544687534444444444444444444444
33477424334434443334333333343334333333433476534344444444443333344444444444444444444444444444457764444444444444444444444444444444444444444444444444444444444444444444444444542267534444444444444444444444
33477324334433444344444333444434443333434575323334433443333334434334433444433223444444444444457764444444444444444444444444444444444444444444444444444444444444444444444444443266534444444444444444444444
43476424333333344444443433444433344443334575323444434443333334312444444444432133344434444444457764444444444444444444444444444444444444444444444444444444444444444444444444444576534444444444444444444444
43477424333333333333433333334433334444444576434434444443443444511344444444442255344444444444457764344444444444444444444444444444444444444444444444444444444444444444444444444666544444444444444444444444
43476334433444433333344333343444334444444576434334444443334444620344444444442355444444444444446765444444444444444444444444444444444443444344344344444444444444444444444444444676545444444444433444443444
44256334444443333444334333333343334444334576534334344344334444751244444444444536434444445444447765354444444444444444444444444444444444444434333434443334334333334444334444444677544444444444433444444444
34466434444444434444444434444344434433434576534444444344434444674144444444444646434444444444447765344444444444444444444444444444434444444444444444444434444443444444444444444656644444444444333444444444
33476424444444444444444444444343334443443576434344333444444443587134444444445636434433444444447764344444444444444444434444444444444444444444444444444444444444444444444444434665544333343344444334344444
44476423344334444444433444344434334443344576434344333333343433477323444444445636434444444444447753344444444444444444344444434444344443444444444444444444444444444444444444434776544333333343343343334334
34476324444444443344434444333444444443343576434444434433433334466412343434444515434444444343447765344444444444444444444444444444444343333333444434434444344444334444343443444787544434434433333333333334
44466424444444444444444444444444444444443276534444444433443344567522234433444525435544444333447865344434444344343444434444444444444444343444444444444444444433333333333333334787644434333433333333333333
55576434444455555545545544455555454444443366534444444444444444556642223444344633434554445444437865343443344344334433434444444444444444433344444444444444444444333433334433334777434333333333444344343333
44576324444445555455444444455554555555444576434444444454445444567862111454445644423444454555446765344344344434334444444444434444444444344444444444444444444444444444444333434776533333333333433344444333
44466334334333444444444444444444444555555576435554555555555445578863210254336757412344443455556766344444444444444444444444444444444444455555555555555555454444444444444444444776544444333334333444344344
44256434334344433444444333334444444445555676435655555555555555568974233353345787321234443334456776445554444444445444444444444445544555555555555555667765554544444444444444445776654444444444444444334344
33466323333333444334444334443344434444433576534443334444444555556786676666656884332222232333346775445455555555555554554455555555566666667777777777777766665544444444444444445876744444444444444344343344
43476323344434443443344444444444334444433477534443343334444444444587766666647763333433322222335765344444444444444555456666667777777777777777776777777766677765444444444444335877634444444444444434443333
43466423334434444443434434445444455444444476524444333433334443344477666666656642333567543323324566445444444455555557777777777777777777766667776677777777776777654434444444435876534334443444444443343333
32366423323333444444444443434444544433444576434444444444444344433576666665553542223467665454422356444444555555676788877777777777777777666666666777777777777766666544444444445776533333333333433443333334
33455321323223333343333444444433433333344576534544444444444455544666666655453332122235676665423334444433456877777778878777777777767776666667666666666777777776666655454444445777633334433333333333333333
22234322323323333233333433333332344343343366434444444544444444546666666655443212122222345666444343344445777677777777777777777777767776666666666566556777777777777765555555555777644444434434343333333434
32223223233222333343333333343443444433343366433444455444444444566666666655543112222222222356566676787544666677777777777777766666666666666666666566555667777776777765544455555788645555554444433444444443
33222333233333333333343333333444344444344577433443445544444445666766666665653211122222222223456777878744667777777777777776666666666666666666666666555666777777778765544454445867645554445555544444444443
33333443334443343334444334433333333444444577533443344444444445667766666544433311122222222222234667767853578888777777776666666666666666666666666666545666777766777764554445545745535555544454455545555544
34554443333344344444344333334433344444444477423443335444344444777766666555532211112222222222222345433454578888777777777667666666666766667766667666544566677766777753565445445665534544444444555544455455
34443333333334433443343343333433333433334466322333334444454443477665666763332211221222222222222233222234468777787777777766667766666766777776666666544566666667777652355445446766544444444444444454445444
45444443444445444444334443344444333343333465431222334334344433476655656410012211121122222222222222222224477766787787777777666666666666777777766566544556666667777753234544446777535444444444444444444444
45554544455455454444444444344333343344333565431212223344333333666655566111111111121111222222222222222235577666787787777777767766666666777676666565444456666666677643532344446775534444444554444544444444
44434444343334544444444554443334443344433454432322333333333334666554455453111111111111112222222222222235466677777888777777777776666677776666665555444455666666667631443344446766534433344444445444444444
44333444334344334444445445433434444433343332333333333332333444654554554432222111111111111222222222222246476677777887777777777776667767777665665565434455565555556521444443334665434444433344444444444455
44433333444333334445444445544444444444443443333233334434433335654545644323211111111111111222222222222366466667777788777777777777777667766566654565444544555554445323444432222233334444445444444444444444
34444444344333333444433334443444434444444454334332333234433335655445543333111121111111111222222222223667466667777777788777777667766677765566644665444554555544444234444332232266434445444544555554444444
44343344444343434333333333444444334445434443443444443334433445667555432332111211111111111232222222235766556777777777888787777666666677654555545665455555555443332244444421221245423444444444445455544444
33444433344433443334434434444454444454544554543444433434435655555664321221114212111111111222223323457766556777666677777777776666676666555554435765555555555443322444444432234555423333334334344444444444
34444444333443454444444444454455445543444554455444434544445688654444311111235211111111111112333444667766646666656667777676666566666665554544336776655555555432223443434333335666423333333343333333333344
44455444443334444344444444455444444444444444455444445444333899964443211113343111111111111122323455776766645665555567777667666566656655544444347776655555554332234443334333335676544433333333333333433333
44444444443344434444434444554444444443434444444444444344335998886432342233221111111111111112223456776766555555545556766666656666555555434444347776555554443222244443344333346776434333334343433333333333
54444444444444444454444434555444444544433444443344433344347998886331342221111111111111111121123456777765545454444556666666655665655553333343258876555443332222343344443333346776334333333343444434444333
44444444344433334333345544455555445444444445443344444344533566535332231111111111111111111111112466767755545454335555566665555555555543333333389876555443322222333454343333446776334444333333444443344333
44344444444333344433554444345555444444544455544344444444532333002423331110112312211111111111111366767655554454335555566555565555554433333322499986554433222222333353333433457776433543335434333333333333
44444444443344333434544443335554443333333454444444344444432221003323331111245312431111111111112256766755544454335444556555555555544333333223599976544332222332443344335454346766434443334433354333333333
34445444434444443445444443444454432122244443344444444444443211123222221134444112554111111111112136766754433455434444555555555555543444332333599976554322223333433333344454446776433343444533444333434432
44444444444454444444444444444444433234344334444444444344443222222211111334453114455421111111112226766654432455543434555555555555533444333332399976654333344433433333444343336776433334444334333334345444
44444344343444443434444444434445444344444444444443444444544222211111112445442135445432111111112225766654432455543345555555556555334443333332169977764455544433444334433444433676434334333333333333344344
44444444344445444444444545444444544344433344444443444555444322211111123344431254444444321111111223766654433455543345655565666654444433333322118988764555554424434344433443331576434444554333433333443444
33334444444444444444454444444544543444434444444333444455544432100121343445521244344344332222211122566643333454443356665667665544444333333223103888765566554543443445433443343566434444455434333434534444
33443444333334444444455444444444555544445554454333444444544344322234433444421334343344433222222222376533333454432257766666665444333333332333200488765556665565444454434434447766433343444444434444444443
43444334333334444444544454543444565554445444454455554433333333333333334334432333334444443322223222255434434444322236777665543443333333333333413377666666666566644544434434446776434443333334444334444433
44434334433433433434444445434433454564445334344333344444332433333333443344444434443443343333233332234334323443222234556545433333333333443334333344467777777667766544434444336776433443444344334333443334
43334433343333333343333444444434444444322334443334333444444444333343443343344445444533434333323333322222212332212232344333332222233333344334333443356777667666667764332444346766424543443344433344434333
44334443343344443344434444454444333444334443333344444444443344442343343444444444445533343333332333332222112221112233333333333344333443343444445435444567667766776765433444446765422333433343333333444333
34433333333344344444333343343343333334454443444444444444333444433343344444444444333444444343333333332222222321112244334444444445544443344444345344333345667777776765433333436764311333322333434333343333
33322332333334333344343343333433344344444344544334434434444443344443344344444444343434444333333332222222245443222344345444434444333343454454333344333332456778886665433333336765311332223433434334444333
33333433433343333333332333344443334443343344434443454443444444444433344344544434344443333333333323333222266544322344445445444454353334443333233343333333223789887555433333336665312332233333333334433334
33333334434344433433333233334333344334444334454444433444443444443433444445544334434443343344443334444445566554333344444444443543344444333423233223333333222688887535433333446554322333242333333333433334
33333433444444445544443333334444433344434434443444433444333444444433444344344334434433443344444334433445456544324434443344444433433344232334233212233333322498887544343333445433323233223333333333333334
33333444344434444434334434434444333443343333444444344444434334543433434543344343343333333334444334333333435534323433433334443443323334333343212221223333332267876554343333344333333333323333344343322333
34433334342234433434346434443333343444444333443434334444334434433333433433433433443433333223444333443444433534432333443333333344335643333243322223333343332226876544343333333333333333344333333343333433
44434333432334334444335534444433443444443333333444344433333443333443433443333334444443333212432343444443433443432223444334343333344433433333333444443443343214877554333334433333334333333333333333333343
44444445544333333434335443334443343444344344434343444433344444344344444343333344444443333222321444344433333444432222445434444334544454333443334444333323345556887644334333333343334333333222333333334444
44334444543343343333333344333444444344434433344434443334434444434323333333433343344444443223323444434434334444444433445444455344544444434434333433333433354798777643444334445444554433332333333333333333
33233434443343443434443334444333322334434444443433343343444434434334443334334533564444453223333333343333335434555555444444444444444444444434333344443434333587777633344333445534543332333433333334433343
22334444443333344544334343344333334324433443443333333443444444444344433334434543454455632223334333332223345533455555555444343443444333433333333345433344344466677533343433545444334333333433333333333332
33343334533333443444334433344333333434443334343334433433355444444343434334344432444345542223334332323232344453455554443444344334345343333343244355343333344356676433333433464333344333446454334444433333
33333334433443433333344433344343333433333333333334333333334333544344334443344423334333552222333233433333344343456554332433433333234332223343343354443432344356666543333444444233333334334653443443333433
33443343434332333323343223344345434334443333333334333222334222334433433443333443334443552222343334543354543233345554322322222222232321222322333333433333333366666543344422454333233233343543333433333333
33333333433333223343353232344333333334333343333323233332333233334323533553333344433433463222332236533343443333334443222332122221121211221222233223333233233566667633343422122222332233254323333322233333
33322232233333322333354332333333333223223443333332233332244334333323323343334435433333463222332226544443353244322332222322211111111112212122123222222222222566677633333222122222222331222232322212223544
34323333333333333334333233333233333233224333333333333334333333434433322343333335433333454223333336533443454333443333222321211111111221112136312211121122112666666522222112111211211121111131111231112644
43322333333332333333344223332333333333344433332233334345333334422445443433343333333333465233333344334333342332343235443211111111111120111135211111121121112656654322221112111111111121111352110351332334
33334443333333333333333334333332333443334332222344433554343334433443344332333323333332466433333343333323322322343113443321111111110120111112111110141121112666664332121112212112211241034352320462444223
43334233333343333333333333434433233443233333333333344443343344235344333332433223333332576443333332433123433232322112554453111011100211011121231110252151222555554442221111211125242231133333442443553244
33332334433343433333433343333443233443344333333333334333343343344334333323222222233322577554232333323222442232211111554565411331111221112253265220243231453356555343322112223236233211124333334545543134
33433333433333343334433333333333333433333333433433433333234333333333333333223343333233677653232333323333331211111111455543211544211532322233245342357322244455554343412223434212132112234334444333443333
44443443333333433334334333333333233433333334433444333333334323222342333333333332333333666753243333343332212111211111144421211223222334322433433454344234324534453433322323545212323311133445553454544323
33323333333433332223333244344433343443333234323334433433344333223333334433423443333336766753333322333322121111112211145433211122112223532324444443333443325544333444421334415534424432253355432354643233
33233333344333333322344333444433333443333333334433443444334433333344434323323344333246566654322223322211111111111232366644111121122335532323344333335543443334322344411345434543334434343554233333433222
33233333344333344433433334444434433433333333343333433343334543333433343333333543334466543543433322221111111111223342444433231231233336532233334333333433453324422334431223344433434534344454242355423222
33333334434333323333333333343343343343333333433343333332324433333323334443333443344456663431333322211110111122334332244333333353333235543323343234333322333433323344422233334333333433664343333434322225
33323323323322322232333333233333344333333232333344334333433333334333334543344434334334553222432211112100211223443233233443333333353333332333333223323322334444432334433344444443333323445454322435542346
33333233333333222244433433333433344433443333333333345444433333444343333443343433345432321123323222233112323334334232334343333542233433332233323433323431233454333325532465454444323442544444443334553333
33323233434334433354444333333454443343432454334443445544433343433443333443334434444332212223334433333333333334222233355333443442233433323333324633454442334464323434344565344533334434554344443433353243
33334333434334334444433333343354433333443444333433434444443444343343343344434334333323323334334333333333333343222333465443343343333333333333344334344463333454433334345534432423444433444433333333332234
33345433333333444443333333333343344334344333334443444344433322344332343333433334333332343443343333322334333333334343344333223333333333444355333344323453334445334333333334333224533433333333433333333334
33433223234333443433333332323333344335434344334544343444433343333323433333333433333343444433343323332223333443343333433421223322233233434233333433333333332334333224443334321224456534443445333346443233
44433333344343343434433333333333334433334444344433333444433334324333334443343332322443333443333332333233333443344333434432323322323324333333323344433332332334323414323333222222145345444445333346433334
44333343334343334434334433443443444433444434343444333334333333343333333343343223433444333344343244433434333333343433423444344332122234322333433333333332333332234424332233335212244345343233332333233432
33334434344444344433433443444444545554454334444444344433333223454433443444334334543443444434343334333444334343333334423433333223332334322333433233333332232233232224444323434323333433332323433332333355
34433333334434443333443445344445444443443333344433443433343333454444444456334453344332455433444444443344444343434433333333333223433323223233533334322232232232232234544333334544235433433332443333336445
42333444443333333333444433344443345423433332333443333343454344444444333444444444343323343332444444443444354344443333343343333333332323333333333333322345233222233332222242222343234332563432343332445434
42343343333333323333344333344434333433334433333333334454343344345433344444444344443434443334333344333333333343333333333333233333333343333333333344333355433322123223223223232222453332464332332233333245
43333333333333332334344334433333334333344334343334333444433344333244444343333234544433344444443443334443443334433333333443332332344343333333343333323323223222222333223333232333343333346333333323333233
45433333334333433333333434334333334333333344343434444443433434433333333333323333334322433333333444433334453344433233333443343232444333332433433333333432332333333332322323223344332323233232223433443342
34332333333333433444334433334343333333443333345433333343333333344323334443333323344433434332333443344444333433433333333443344333344423543454433333333333332333232222232311323234433132333232222433333323
33432333334333343344334443334344323343444434333323333433333333334333333433333333334444444433333333444553333333332333234332344444342233334554333433443433332332233233333333333333333344333332333334433322
33343333433433332353333444333233344464433343233223334433333333344333333432332234434444343433343324344553333443333433333233344345333333343433333443433433333231233244423434443333334544333331322234343332
