44444444633444444444444444444447954454454554445555555555544577335555555555445555445545444455444453375333334322233332321112321112432335678888878788878877645543444523222334455443223322222222222222233454
64443443653444444444444444444447954444444444444444455445444577334444445554444444454454445555555555565334455443444444533223434444434433678888865478875677644554444422222244565433333431222222222233222233
63333333652333333333333333333337854334444444444344444444444576334444444445544444454444444433454555545345555554323455555555555555555555666677655455654577653565435322222253444322332321124211123222233333
53333333663333333333333333333337854333333333333333333334344477434344444444444444444444445521254544565344444543125455555555555555555555555555555555555677644555556555555555544444545544345333336333333433
64333333563333333333333333333437854333333333333333333333334477434333443434443444344444435720244444675334444443137555544554445555555555555555555555555237644555556555555555555555655555555555546655555555
74333333563333333333333333333437964433343444444443344444433476334444443444444444444444446830144444665334444442266654444444444444444444445555555445555437654555555555555555554444554455555555555655555555
74333334563343333334333434444437854443444444444444444444444577434444444444444444444444447951144444675334444443375654444443444444444444444444444444444467644444544455555544555555555554555544445544455555
74333333563333333333333333433337844444443444444444444444444587334444444444444444444444447973144444565334444444564754444444444444444444444443443444444477653444444444444445444445454545544444444444444444
74333333563343333343333334433337854443333333343334443444444586334334443444444444444444447986244444665344444445755853444444444444444444444444443344444477653444444434444344444444444444444444444444444455
85333333563343333343333334433337854333334333344444444434443577334433333344344443433444446998235444665334444437856753444443444444444444433444444444444567653444444444444444444444444344444444444444444444
65444444464333433444433334444347854333344433433334434444434477334434444444344334333343445898335444665344444438846753433444444444444444444444444444444467653444444444444444444444444444433444444444444444
54444444364344443444444444444447954444444444333443333434433477334444434444334444433443334899424444665334444438855743334434444444444433444444444444444467753444444444444444444444444444444444444444444444
85444444574344444444444444444434954444444444444444433444443477434444433444444444444444444899424444663234444438735743344433343444444333334444434444444467753444444444444444444444444444444444444444444444
86444443474344344444444444444436854444444444444444443444443577434344333444444443434444444788524444764334444426535633444444444444444333333344444444443468753444444444444444444444444443444344444444434333
86444434573343444344434444444436954444434444444444444444443577334433443444444443333444445788733444665334344436555644444344444444444434444444444444444468653444444444444444444444444444444444444344444444
85444444474343344444444444344446954444444444444444444444444366334444444444444344334434446789843444775333344437644654444444444444444443344344444444444457753444444444443444444444444344333344343334334334
85444444474243444444344444444446954444444444444444444444444366334444444434444444334433446668953334765334344447534634434444444444444444344344444454444467753444444444444433334444444444434434333443433333
44443444364344344443434334444436953443334344433444444344434576334444444444444444444444446778963222675334443457645644332444444444444444434444433444444468753443444444444444334444344444433434444444444334
65333344354334444444443444444436954333333344444444444333344576334444444444444444444444445788974221365333443457657643333344444444444444444444434344444467753444444444344444333334444443434434444443443444
66333233464334444455555544554444854444444344434444444444444577334444444444444434443344446899984321265332333457679543333234544444444444444444444444444467643443444444444444444344433334433333333333343444
44333233365223444544445555555445854555454555444454444444444576334444444444444444444444445899984323245332344458998544323323544334333344444344444443333467653444344444344444443444444433444433333333333343
43333333365222334444334444455546954555555655555555555555555576334444444554444444444444444699995566646555565558995443433321444434433344344444444343333358754444344333343333443434444443444444443343344444
52333333365222333344334444334446853555554445544445555555544576335455555555555555545565555679997776656766665669975444442231134444444444344444434444343357754333333443443334334334433334444444444333334343
44444333454444443445444433334436953444344444444544444444444576334444444444444444444444544567887666666665555677755454443232123445455444444544434454444457764333343434333334444444433334444444444344444433
33444444445444443445444443344336963322334334444444344444344266344444444444444444444444444446877666555555444445544555554312112345444444444544444444454457764444444444444444444443444443434433444344444444
44433444334454444455443443444435953322333333433333334434344376334334444444444444434444444457766766555555554434433555555521211234444444444444444444444457764454544444444444444444444444444433443343344443
44334444444344454445443443433444653333333343233333334333444576323444444444444444444544445556677765555565555532324455555541111124555555444444444444444457764444444455555555555544444444444444344444444433
54444444344344433234334444443434444554333343333333333344344576323334445444543444445455445666776665555555444442224444444442111113455556655555554444444457763344444444444444444555555555555444444444444444
54454445444344344444334445444444434532333433343333333333333476324334333444444444444444456777777655555566754432134344443343111012344455555555555555554446764344444444444444444444444444455444544445544444
54445545454444444444444455654544445444444444334443333333333565322223334334444444444444453358777655555467654432123443455443211123455544465444445554454423765444444444444444444444444444444444444444444455
54444444554444444444444468832443445444444444443333333333333444323333333342333434444443431167666565544463111122113444555544422245454455555554444444444445765445544444444444444444444444444444444443344444
55444544454344544444454445533444434333454454454444444333432223323233322333433333333433432576655565434551100012114444445445444444554555555545544433344447765345555454544444444444444444444444444443444444
44444444444555444455555444444444444344444444454454444443433222333343323433333333343344444756554445444454310012224444444455444555545555555544444444334347865344445454555555554444444444444444444444444444
44455455544544444455445454444444444434444444444444323333343333443334433443334444344334445555555433355433421121234444554455555555555566665554444444454447765344334334444455566555445544444444444444444444
54444455555544554455445454444444445444444444544443334445444554443344443444444444344444445557754444444332321221135456654467655555566777666665444444444456765444344444434444444455555544444555554444444444
34444544445544543454444444454344335443344434444344444444444543333343444434443444433344455588886433333322221222124577554677555566666777666666544443444546775444455454433453445334444445555566665555444444
44444444444444444445544444455444444444444444443444533444445444444444455444444444443445655897897432232221221212123334667676555656777776666656554344554546775344444444445444455334434434444444444444444555
45433434444454444444544444444445544454444444344455444434445555544554564454444444444445657999888532221111221222112335766555666666677765666666655434445545775334444444455555444444444344334333333333444455
44444444455543444323445444444334444323333444334444344444445445444444445554444545554434679999777633221111211221111333455555677656666655666655544335545555665434544444444544465443343444445544333333333344
33444444455543434343334444444444433323333334434434344433454434444333444444444455554434666787754633222111111221111233235555676555555555555555543334545542575445434544354544444444444454445444445334433334
34444444444344344444345455444444445544445444454443444444444434444444443344455454455446334554421242223311111112111233322455676555666665555455553223543542565434444444444444334444344444444433444334433343
44444444444444444544444444444454445544455444444444444444444445444444443334455444445445123333100053113411111122111233332246554565665555554444453223434434675434433444444444343444444543534333334544444444
44445444444444445554443444544444444434444445544444444444544443454444344434443333344444233332000143212321122222211233333124544565554555544344453222334335776534433444444444444344444544434334434544444443
44444444545545555545555555554444444444344444444444445555444444443444334444344334444443233322111343212321223232211123333212433565545555443334444222334344776534333444444433334344445554444444443345444544
55443344444455444544555555564344445444455455544445554444444544444334444544444444445544333222223322212212223221211123323212333455555555444444344322244444776434333434433333434354444445444444444334344443
34444444433354444455555555444444454545454554444455543444444555444444444544444444444454433222222222211112112121211122222222332345544445444444345322244445776423344444443334334344443333444444443334444543
34444444544444444465654555443444344444454554454454454554445454444443344444444344445554453332212222311111111111211122222221232234444444444443346322234434676422334454334334333333433333333444333433343444
44333444444444434554545545545444434554454445555455445445555454445544444444554444445554563323212222311111111111111122222222222223444444444333334322234434676522333444334333433322434434323343223332333333
34444555433344455443444444445445444455444434454446444434545454544444433343444455445555454333211211211110111112111122222222222222333444444333334321234444676522233433333333232322333423333333333333444433
44444554344445444454454444544344445555455454444445443344444344445453334454335555444555555654211000111111111112111122222222222222233344444333334311244444665322233332332333222232343433454443333343433333
34444443334454345444544444443444444445454555455544444445544445544543444444335544443355544553100000111111111112111122222222222222222344443333323311255344444333333223222344323433333344444444343443433434
34434454333344444444444445544444444445544444545445445544444454445444454444455444443455533200000111111111111121111122222222222222222333333333223211354344533333334333323343333344333444444434343343433443
44334344443444444544544544444444444444444444445444455444444455445444554444454445445444434421011111111111121112111122222222222222222233333222222211354334333443433333323333443333333334444444333333333343
34443333344444344443444433334444544445555445445444544544554443444444454444444444444445433333211111121112211111111112222222222222222223322222222111343333223454443344333334443433444444434344333333443443
33344444444344444444444444333443334334444445455444544444444444444344454444444445555444443121111111121111111111111112222222222222222222222222222112333442233454445554333334443333343333333334433333344443
33334343333333443433434443344433334333344554555444444444444344544454444554444555454444444211111111111111111111111112222222222222222222222222222111334444444454446443333333443333333333333333333333343444
43333343344444433334344544434454334444444444444444445444433444444444345454444554444444445421111111222211111111111112222222222222222222222222222111444434444545345342233344333333333333333333333233333334
44333333333434344334334344443444334444444445444343443444434444344333344544545455555533445642123334642321111111111111222222222211222222222222222112444434444444333332212333333333333333333333332223333333
43344434433343344443334333344444433444434444443344434444444444344444334444445444554344444555544455753432111111111111122222222111122222222222222212444444544433333333223323334333343333344434433323223333
44344444433443443443344344544544333333333444443344444444444444334444333334443344444444344444543334754553111111111111122222222111111122222222222212444443544344333432234344333333333333334444334433333434
44443343334434444444444444444555443343333444444445443444444444443433444443445344444544443444553336775543311111111111122222222111111122222222222213334443443344444443334344433333443333333333333333334333
43454333334444444333334444444444444344333344444444333444444433333443444444454433444444433343344446776554321111111111122222222111111111122222322223453443433333444444544334444434434345444223433343334333
34334333334444433233333333334334334544434444444444444343344333433333344443453443433334434443344446776663211111111111222222222111111111111222332224443344433333444444444444554444545444445433443333444345
33334344345443344443443454443444333344434433333334354443333334444434444333443333333444434444544446776553211111111111222222221111111111111222332224443433343333343333334443343344344333444434433344344334
33343333324434333444544444443444345444443344343334444443434344444444444344433332343444433443444447766553211111111111122222222111111112222122232233334433453344334444344444444355444443443333334454454333
23333333323333333444434444334443444443443444433344443433433434444444444455444443343354344343444457666554321111111111122222222111111122233122232234434443453444355344444443444344444434443443334433323233
33333333333333333443344344333444444433334454343343443333344434544444444445443344444354443334434457666555321111111111122222222111112222333122222233333443334434455433434444444443444434433344443333333233
44333433333433333343344444433444443333343344444454444443344343343432344435443465344443433334444457766556421111111111122222221111122223333222222234333433333333334434434434433333333443333323333222234223
33343433333544233443434334333444343334444443444344444444444444334433344444454355344444334444444447766556632111111112222222221112222333334222222236523344334433333345433332433333344433343233434334342212
33333333433433333333334333333433432443344343333333445444445444445543333344444355443445444444444446766655642211211112222222222222233333344322222235433344434334444334334333343334333333343334543333233322
43333333333233433234333333333333334443333344354333444334443344445443443443433444444444444444444445666544563222221122222222222223333333444422222234433454434444434334334443344343333343333443344333344333
43333333332232332223333332233333344434333334333343333333333334444543434444343433344444334233444455566545455222222222222222223333322233433422222244444455444344343344344435544445444454345543454333444333
33333333322223333333333332233233433333233333333333333333333344445443333445444444443443333343343334456544333212222222222222123333222244345631222234334443333443333244444446634644454444344444444335343333
33233333322333333343334333333333443433333332322322344334433443345444434544444444444443433444344443455433332222222222222221133222222245344532212245434433333323242365344444433544444344543544444334444333
22322233223332333332332233323334433334333333333333434334433433344444434433343454334443433335344334454334667754333332222211245422222224334322212234445444323232233454433423434445443344434444333333344333
34333343323432323433322233223333333234343433333344533323334433444444333333234443333443454343343433365457888866664333222211244522222223333312212334433233324323333443534423434455433444344554343433454344
33333333333333244443222333333343223333433433334443433333333333333433332233434633333443443443343433577578766755664333322211244542222222433312222333334333344443444442333334545454344545564544333433343433
33222222433333333443223332343343333333333333333343333334434332322333343224333543323333333443332334688797544433443333332222244464222222344322222233234323464343445433333333433443334332353442322334333433
33233233433343322432223333433434333233333333343334443433344233333333333333444342333333333432332244788898633333333333322222233266422222244322222223333432264344333433433354333334223332344542322334324433
33333344333444323333433333343434333333433434433333333334433333333443333333333442333323333343343444888888743333233223332222343258732222344322222223322423365333424542433364344333226332333323333344323332
33333333232333333343444333334433433334444343333333333333433344443333433334433333343333333334433446988887653222222223332222444458873222233322222233333333343333323443423443333332235332333224433333323332
34332332233333433333344433444334433345433443344333323435443343343333444334333334344344333344432336988886543233333323332222333458885222243332222333333323322233233323223442333233213222323222322332333532
33333333234434333444554444432332323334433344444343334334334333344433444333334333444444433434433437888774433444334432332222443348878422333332112333233423333233233232223333433332213332333222422322334443
33334444344334444434454334432222212223344334444344333333434433334433444443444344333333333334434448888764333443333433322222333348898622222331112223342323333232123232323434533332223333332323322333345343
44344444434443443334444444433223323333333334443333333333444434433333334433443343333333333334333348888864334333333433322223333335766532333332112223223223332233323223323334433332243335533323331332456354
33343344443443333333444544433344333444333433333234433333433233333334433422233433443444333434333367778864444334344443454223333334877753333331112233322423333333333323344323332232233344343532332322333253
44454443343444322334433433433334544334433332343344433233343333333443333433233443444444334444433368765664444335443445985223333343678753433331112333433333223432223332334333332232222342232322333223323333
34453332333434443333332333333323444444343333443333333343333333444444433444334333444444444344333467665354444334443359864223443332577743433331112333323233223332322332333333222222234553212322223223233344
44442232234334443443332333344334443433432334443333333333333333344343333333433333344433434443443367665333444334422368764223333433577743333321112332234332233222123333332333223223233533222222122112223344
44333334334334433443332333333344444322322223344334443333333233333323233332334344333333434443333587655434443343233368753223333344677643333321112332123333223223223333333433423333223322221122132112233133
33234433332333334333333333432333433332222333433234444233343332333433333323444344433344333443344776655534443443344379654334333345676532343241112233233333223332223333233431333322223333331111222211111133
43234332433433343333433332422344433332323212322333453333333233334444444333554444344334444444445876666544434454444378654334433334666532333341112223344333223433333333333442233222322333221122111111111122
54333223332233243433443322434432332343233322333343333333344454334443443454454333344434544333336866666654334345444487543324433334666433443452112233344343333333332332342332222222322222221111111100111112
33332222342233343433332323333333423443333333433344433333334444333343344444433333333334534433446666666654344434444466543323333434665422344343111233343333333233233323332212321331211111111111101001111113
43333332342232443343333234434344333343332223442333333433444332333343344444333333323234433443455556665434444444443366544322334334665423433334211234333433332223243333323223222221111111111111001111111122
43333333333333343344333333444443333444432235544443344444454344444443434434344333334333333343445555654324433434443366554322344334665323333344211134333322332322233333323322111111110011111011111111143232
43333343344323333344333433333333343333333333444333444444443333444344443344343344344434434444334566665324433344443256554322333345755323232234211234333332322322233323211211101110100000000011111111112122
33333433333323332343333333333433344344433333444444444445444444343454444434334434234444455455545556555325433344333235554322333435655332244333322234433322333233322221111111111110110000000110111001111223
43333334333323333333334343333344333334433334244444443454434334344445444433344435444454454445444544443224444444333325543313434446655433445434222333333322232222111111110111111001111110100000012111212333
44334333233334333343444333333333433334333334334444433333533444444443333333334444434444444453344454332223334334334423432214434357655434433434334434333322111111111110111111111001101110000001122111223332
44433343323333333333333333232342333445444444334553433333533443444343333333333443334444343444333355322223433334444532332124333465456423433433234433112111111111111111111111111110111100001111111112224432
34433332233332333433344333322343333333433333434444334434444344433343344323343444444333343343334445312223333344443332343133334554444222443332233211111111111111111111111100101100110001111011112232233223
34443333243343323344433333343443343333443434544444444433455333333343344333343434343443333443333434532222333344443443244223434554332121233222111122221111111111110011111111111111110011100011112232333232
33333334344333333444433423433433333344343433444433443333444323333343434334443444333443443333444333532222322344433333234333333665432221011112122334331111111111111111111111111011111101111111122222222343
33333334334333333443333333433333443233343334444433433234434433434444433433543344433344443233444443543222222133333333223333334554421221111233334333222111111111111111111010111111111110111111111111122332
33333323333333333344334333433334344323443345334322333444433433344334334323533344444333334445644443553222222123333333211233333443322221112344433333321111111111111111011111111111111111111111111111233333
33333334323433335433333333323434355434444333323333333444433433453333333333453344534445434534533334454322222113334333222233334333323211223344433333332111111112201101111101111111101111111111111111453322
33333333333433344433333434433444445465333333233333343344444434543333333334443344444357434433443433444332222112434443222233333333332111223334433333323111111111111111111111111110111111111110110111321111
44333322423432344443333334444433333453333333333334443333433333533233433334333344444335433333343444333311122112444443222234232323322111111233344433223211111111111101111101111111111101111111110111111111
43333344333333444434333443343433434433343343333333333333433434433344434323434333344433333333333433344321111101443333222223233333311111111122223322111111111111011001111111111111111111111111111111123322
34333443433334443333334434343444333332333343444433334434433344443433323333333443333343232333433443443331111102433332222223332223211110001111121111111110111111111111111111111111111111001111110111123333
43333433344445343333435444433444434434533343334444434333454333334322233333343433232233323333433333444453222124533432112222333322212110000011111111121111111111111111111111111111111111111111100011112332
