33333433444334446666566664333333444455555556655666666666666655555555666666556655555556666666666556999976679999667899633555544456666776655566655555666666666666665555555556665566667777777776666666666677
33333444444434555556666654434444456665555555555555666666665665555566665555555555566666666666666667999976679999877899744555544455667776666655555445566655566666666555555556666777767777777776666666666777
33444444444444444555666544444455667655555566666555666666666666666666655555555555666666556666666667999976789999867899634555444455667766766555555555555444556666666665566666788777666666666666667777777788
34456665444444444455555554555566666655555666655556666555666655666655555555455556666655555666666667999988889999976899634555444455567777665665555665543334555666766666777777888777776666776666777777777888
46776654444444444455555555555566665555555565556666666555555555666666655555556666666555666666666788999999889999997899535554444445566666655665666654333334456677766777777777888777766777777766777777777777
56765433444444444555555555555555555555555555666667665555566666666666666666666666666666667777788899999999889999987998545554444445566666555566666543333334567777766666667777777776666777777777766666666666
65544434444444444555555555555555666555555566666776665666666677777776666666666666666666667778999999999999889999987998445554444445556555545555554333333455667666666766677666666666666666556665555666666666
34344444444444444555555555555567765666665555666666666666666556666666666666555655555567788999999999999999999999999997455543334445455554455554443333334555666666666667776555566655555555554445555556666665
44444444444444455555544444556777666665555566655556666665555556666666666666555555567889999999999999999999999999999996455433334444445555444433333333455566666666667787766666666665555555555444444455666665
44444444444444444444434444566666666555677666555566666555555666666666666665555566789999999999999999999999999999999995455433333444445554333322222334455666666667777877777777666665666665554444444445566666
44334344444444444444444444455566555677776555555555555544556655556666666655556789999999999999999999999999999999999984454333333444444433322222223344455555456666677777777666666667766665554444444545556666
33333333333444444444444444444555555776665555554555555555555555555555555555678999999999999999999999999999999999999974554333333344433322222222234433343334455555566677766666666666666655555555556665566655
33222333344445555544444444455566665555555555455555555555554455666555555556899999999999999999999999999999999999999964553333333344322211222222333333333334555555566666666776666665666666665556667666666666
22222233344445555544434444455555555544444444455555555544444455555555555579889999999999999999999999999888999999999854544333333333211112222223322332233345555555555556666666666666665555555566777666667777
22222333333345555443344434444445544444554444455555555554434455555655667899999999999999999999999999999767999999999745544333333333211222222222222222333445555666666666666666555566555555555667766656677788
33233333333445554434443333344444445555444444444445555544444555567888999999999999999999999999999999998667999999999645544333333332111222222222222222333445566666666667777665555666655555555666666666667777
22332222233345555554333333444444444433344433333445555545544445689999999999999999999999999999999988997677999999998555443333333222111222222221112223334455566555566667666655556666666666666667777666667777
22222233333345555544443334444444443334443333344455555544443346999999999999999999999999999999999877786777999999997654444333333222111222222211112233334445555555666666666555556666666666666677776655666666
11222333333334444444333334444444433333333333344444455444444568999999999999999999999999999999999888777877999999998654443333333222111222232111122233334444455555566666666655666666666666666665555666666666
22223333333333444433333444444444433344444444444444555445555579999999999999999999999999999999988889887877999999997444443333332222211232331112222333334444444444566666666677776666666667666555556777776666
22222223333334433333333444344444334455544444444444444444455799999999999999999999999999999999987899877767999999995333433333332222211233321112222222333344444334566666777767666655556666665555667777776666
22122233333333333433344444444444455665544433333444443333468999999999999999999999999999999889867899766656999999985333443333332222211233321111122222233333333234556666666666666555555665555555666777777777
22223333333333433334444444555556666776544433333333332223579999999999999999999999999999998888657898776655899999975333443333332222211233221112233333334443322224555555555555555554444444444455556667777887
23343333333344444444444555555556776666555543333444333334799999999999999999999999999999998887667998865555689999975323444333332222112332322223445422344433221223444445554444433333222333333444455567777777
33333333343344444444444444444445555556665544344444333347999999999999999999999999999998888776678999754554489888876423444433332222112332344445554212233222111123333334444333222222222233333333445566777776
22333333333333344444444444444445555555555554444433344589999999999999999999999999998887787665677888643454489877776422344433332221112322344556652111222221111222222233322222222222222222222333334456677776
45533333333333334444444544445555555555556655554333446899999999999999999999999999999877776655787677642333489877777522344433332221112322334556532112222211111222222222211122222221111122222223322334566677
66433333333333333344444445555554444455666655554444589999999999999999999999999999999988776666776677542234478766777422344333322221112322233443322222222111111222221111111222221111111112222222222234556677
65555543333333333333344455554444455566655555555568999999999999999999899999999999999988777888776676432234577765566422344333322221123322222321232232222111112222221111122222111111111112222222223455666677
66554433333333333333344455554444555666555555677899999999999999999998777788999999999876666798776665432234567654556322344333322221223322222222233333322211122222221112222211111111111112222222345555666777
65444444444333333333344455544444445555555677899999999899999999999877666667899999887665565566666554433234456655555322344333322222233322222222233333322222222223221223222111222111111111112233444455666666
65545544443333333333334444444444445666667899999999998899999999998776655566678998777644455456555554433333345454554323334333322222232222222222233333333333333333222333222122221111111111123333334455555444
66555443333333444333334444444444456555689999999999888999999999988888765545668998666544444445554444433333333444444323333333322222322222222222233333333333333332233332222222221111111111222223344444433444
66554333333344444433334454444433443468899999999998889999999998888888876755556897656544344444444444333333433333443223333333322223222222222222223333333333433432344332222222221112111112222222332222233443
55543333333333443333444555544444334589999999999999999998999999988888887666545665455544334444444333333333333333333222333333322233222222222222223333333333444433444333333333222221111111111222222212334432
55543332233334433445545444554444445799999999999999999997799999988888898776546543344443333444444433333333333333332222333333222332222222222222223333333333444444443333333333322222111111111111111122344322
55443222333334444565555444444445578999999999999999999998899999988888888777545533333333333444444443333333333333332222333333222222222222222222233333333333444444444444444443333322222222111111111122343222
44333333333334456655544444444678999999998888999899999999999999988989988767555433333333333444444443333333333333322222333222222222222222222222233333333333444444444444444444333332222322222111111122332122
33333333344334467554455544568898888999888899999999999999999999889988888766544333333333333444444433333333333223322222333222222222222222222222233333333333444444444444444444444433333333322111111122321123
33333333444445676456777777899888888888778888888999999999988887778888887766543333333333333344443333333333222222222222233222222222222222222222333333333333444434444444444444444443344334332111211112211123
33333344455567875578878998888888888777788877789999999998777765667777777777654333333333333444443343333333222222222222233222222222222222222223333333334333334334444444444444444444444444331112222211111223
33333334444689877899878988888878887777787777899999999985556533334556666667654322332233333444443344333333322222222222222222212222222222222223333333334333333333444444444444444445544444431222222211111222
44332234445689999999878998888788876677776568999999999953343211123333444466544332222233333333333433333333332222222222222222112222222222222333333333333333333333444444444444444455544444322333333211111222
54432233445689999999878998877788765677766679999999999742332211112233333345544333223333333333333433333333332222222222222121122222222222223333333333333333333333444444444444444445544444433333443211112222
44444444457999999999867998766787654566666689999999999866766311111122222335654433333333333333433443333333332222222222211112455432222222223333333333333333333334434444444444444445544444434445433222212222
44455556899999889999756888766776554456766788999888999987887311111222222234554433333333333333444444433333333333222222111146676542222222223333333333333333333333434444444444444444444444444455433222222222
34555799999999888888755788766765555567777889998888999988987521111111112233454433333333333333444444433333333333332222211564566543222222223333333333333333333333333344444444444444444444444554333332233221
34579999999999777888755688766776666677778889888778999988887632221111111223444433223323333333334444433333333333333222115764344443333233233333333333333333333333333333344444344444444444445554443333333211
46999999999999777778754678777777777788888888777888877788876643222111121112344333222223333333334444433333333333332221147653333444554333333333333333333333333333333333334443344444444444455444444333433221
99999999999999767777754567888877877888888887777777766788766654322111121111233332222233333333333444333333333333322211376433333346664333333333333333333333333333333333334443344444444444444444444344432222
99999999999998756667765557888888887898888888777777667777766655433222111111122222222333333333333333333333333333322111564333333345666322233333333333333333333333333333334443344444444444444444444444432222
99999999999987655566665456789988888888887787667766677777656555544322211121122223333333333333333333333333333333322113653333333234567422233333333333333333333333333333333333344444444444444444444444332234
99999999999998645556665445689988888878887787666777766666555544544433233443333333333333333333333333333333333333322115532333333323467422333333333333333333333333333333333333334444444444444444444444333345
99999999999999744455555444568887888788787776656776555566554443444443445544444444333333333333333333333333333333322125422333333333466323333333333333333333333333333333333333344444444344444444444444334555
99999999999998754445555544457888888788887666667764443455544433333344444444444443333344444333333333333333333333322135322223333333454223333333333333333333333333333333333333344444443344444444444444445554
99999999999987665444454444446788877778875665666654333445544333333333333444444333334444444333333333333333333333322244332222333333443233333333333333333333333333333333333333344444433344444444444444445554
99999999888887766543444444445677776676655555456644333445444433333333335444433333333343333333333333333333333333322233332222233333443333333333333333333333333333333333333333344444333444444444444444445544
99999876666777766543333444444567665655444444455433334443344433333333345433333233333333333333333333333333322222223233333222222335642333333333333333333333333333333333333333343343333444444444444444444444
99987655555666665543333345444455555544333333444433334443334433333333333433332223333333333333333333333333322222233223433222222245532333333333333333333333333333333333333333333343333444444344444444444444
99765544555666655443333334444444444433333333344333344444333333333332233333332223333333333333333333333333222222333223443332222244322333333333333333333333333333333333333333333344333344443344444444444444
98655444455566655543333334444333344333223333333333455555543333333333223333333333322233333333333333333333222223333323334432222233232333333333333333333333333333333333333333333334333344433344444444444444
97544444455566666543333333444333333332222333333334565566654333333322223333333333322333333333333333333222222233333332334443222222233333333333333333333333333333333333333333333334333333333344444444444444
97434444455566666544333333333333333332223333333346655555544333332222233333333333333333333333333333332222222333322333223332222222233333333333333333333333333333333333333333333333333333333334444344444444
96334444445555665554333333333333333322223333334456654443333333322222233333333333333333333333333333322222233333322233222222222222333333333333333333333333333333333333333333333334433333333333444444444444
95334445555555555554333333333323333332222333334566544333332222222222233333333333333333333333333322222222334333322222222222222222233333333333333333333333333333333333333333333343433333333333444444444444
84333444555555555554433333333333333332222222335655433222222222222222233333333333333333333333332222222223333333322222222222222222222333333333333333333333333333333333333333333333433333333333344444444444
74333444444445555555443333333333333322222222234544322222222222222223333333333333333333333322232222222233333223333222222222222222222333333333333333333333333333333333333333333333333333333333344434444445
63333334444445555555543333333333223222222222234432222222222222222223333323333333333333322222222222222233222223333222232222222222222233333333333333333333333333333333333333333333333333333333343334444445
43333333344445555555543323333444322222222222222222222222222222222222222222233333333332222222223333333443322223333222232222222222222233333333333333333333333333333333333333333333333334333333433344444444
33333333334445555555554333334675322222222222222222222222222222222222222222223333333322222222234433334433322233333222232222222222222233222333333333333333333333333333333333333333333334333334433344444444
33333333334445555555555433346884222222222222222222222222222222222222222222222322222222222223543322233333332223333222232221121222222332222233333333333333333333333333333333333333333333333334433344444444
33223333334444555555555433357974322222222222222222222222222222222222222222222222222222222235432222222233332223332222232221111122222222222333333333333333333333333333333333333333333333333344333344444444
33233333444444445555555543347875322222222222222222222222222222222222222222222222222222222254222222222223332223332222332221111111222222222333333333333333333333333333333333333333333333333343333344444444
23333333344444444555555543347764333222222222222222222222222222222222222222222222222222222342222222222223332223222222332222111111222222222333333333333333333333333333333333333333333333333333333344444433
33333334444444444555555544346764322224332222222222222222222222222222222222222222222332222432222222222222332223322222332222111111222222222333333333333333333333333333333333333333333333333333333333333333
34444444444444444444444444446654322233322222222222222222222222222222222222222223333333333443222222222222222223332222332222211111222222222223333333333333333333333333333333333333333333333333333333333333
44433444444444444444444444446544332221223333321111222112222222222222222222222233333333334443222222222222222233322223332222221112222222222223333332333333333333333333333333333333333333333333333333333333
33333333444444444444444444445443332222222333432122111222223333233333333333333333333333334543222222222222232233322223322222222112222222222222333332233333333333333333333333333333333333333333333333333333
33333333444444444444444444444444433333322222332232234443344443333333333333344333433333334443222222222222232333322223322222222112222222222222333332233333333333333333333333333333333333333333333333333333
43333334444444444444444444444433433322222332232223345433333333333343334444554334433333334443222222222222333333322223322222222111222222222222233332233333333333333333333333333333333333333333333333433333
54333333444444444444444444444433332221122233233233333333333333334444444445654334433333333443211222222222333333332222222222222111111122222222233322333333333333333333333333333333333333333333333333333333
43333333333334444444444444444432222222112222333334333334444444445444444446554333333333333332221232222223333333322222222222222111111112222222223322333333333333333333333333333333333333333333333333333333
33333333333333333344444444443333322222222111234444333344444455555444433356544333333333322222222342222333333333322222222222222211111112222222223322333333333333333333333333333333333333333333333333333333
33333333333333333333444444443333332222222211234444332334444445544333333355443333333332222222223643333333333333222222222222222211111111222222222223333333333333333333333333333333333333333333333333333333
33332233333333333333344444443333332222222211233444322333333444443333333355443333322222222222125643333233333333222222221222222221111111122222222223333333333333333333333333333333333333333333333333333333
33233333333333333333333444444433333222222211223333222333333333333333333345433322222211222222125432222233333333222222211122222222211111122222222223333333333333333333333333333333333333333333333333333333
34444433443444444544333334444433333322221112222332222222322233322222223345433222222212222222223333222333333332222222221112222222221111122222222222333333333333333333333333333333333333333333333333333333
55666544444444455554443334444433333322222222222222222222211222221112222234432122222222222222223333222333333332222222221111122222221111122222222222333333323333333333333333333333333333333333333333333333
56665543334444444445653333444443333332222222222111111111111122111112222234442111122222222211234322223333333322222222221111112222221111122222222222333222223333333323333333333333333333333333333333333333
66655544444444455578753123344444333333233222221111111111111122111111112223443211112221111111344322223333333222222222222111111222222122222222222222332222322233333322333333333333333333333333333333333333
45656555444444446898862112334444433333333222222111111111111111111111111222333222222211121111233332223333333322222222332221111122222222222222222222222222332233332222333233333333333333333333333333333333
66655555444444589988742112334444443333333222222111111111111111111111111222233222222222221111233332233333333322222222332222211122222222222222222222222222332233332222332233333333333333333333333333333333
55444444433347998755321112334444444433333222222111111111111111111111111122223322222222221112223322333344444322222222322222222222222222222222222222222222332233332222332233333333333333333333333333333333
43334444344689987643431112234444444443322222221111111111111111111111111112222222222222221122222322333444445332222222322222222222222222222222222222222222222222332222332233333333333333333333333333333333
33333344446897677765531112234444444443322222222111111111111111111111111111112222222222221222222333333444455432222222322222222222222222222222222222222222222222222222332233333333333333333333333333333333
44345554578767899875421122234444555544333333322111111111111111111122222111111111111221111222222333334444555432222222322222222222222222222222222222222222222222223222322333333333333333333333333333333333
45666555787589999753211222234445555544333333322111111111111111111112222211111111111111112222223333444445555322222222322222222222222222222222222222222222222222223322322333333333333333333333333333333333
56554445775699998532211222234455555554333333332211111111111111111112222222222111111112222222233333444455555322222222222222222222222222222222222222222222222222223322223333333333333333333333333333333333
44444556776599985321222211234444555544333333332211112222222222222111222222222111111222222222333333444555544322222222222222222222222222222222222222222222222222222333233333333333333333333333333333333333
55566656775688532211111111123334455544333333333221112222222222222222222222122122222222222233333333445555443322222222233222222222222222222222222222222222222222222333333333333333333333333333333333333333
66665556887642222111111111122334454444433333333221122222222222222222222222222222222222223344433333345555444322222222234322222222222222222222222222222222222222222223333333333333333333333333333333333333
66655557898632211111111111223344444444433333333322111122222222222222222222222222222222223554433333344455555433221222344332222222222222222222222222222222222222222222333333333333333333333333333333333333
55555567876532111111111111223334443345443333333322211112222222222222222222333333333333333433333434443455565433322222345544322222222222222222222222222222222222222222333333333333333333333333333333333333
44445566765321111111111111223333433455543333333332211112222222222222222233333333333322223333344445543455555433222222356554332222222222222222222222222222222222222222333333333333333333333333333333333333
44444556543221111111111112222233334555544333333332221122222222332233333333221122332222222323334444433455544333222222344443333322222222222222222222222222222222222222333233333333333333333333333333333333
44455665532111111111111122222233344444544333333333222222222223333333333322111122222111122223233333323555444433222222333334444332222222222222222222222222222222222222322333333333333333333333333333333333
45555555542111111111222222223333444344444333333333222222233333333333333211111112233211122333222322223555544433223222333333443332222222222222222222222222222222222222333333333333333333333333333333333333
44555555665322222222222232333334444344443333333333222222333333333322222222223212454432223333333332224555555433222223344444444433222222222222222222222222222222222222233333333333333333333333333333333333
44444566555443332222222333333344444455444433333333222223333333333333333333333224444433333333332233345555666533222333345444433443322222222222222222222222222222222222233333333333333333333333333333333333
33344455445554443322222333333444445555444454433333222223344444444444444444333334333444443332322233455667776533332333344444444444333222222222222222222222222222222222222233333333333333333333333333333333
33344444444555443333322223333334456654444555543333322234444444444555545543333343334555544333323454455676655433333333344443444444444333222222222222222222222222222222222223333333333333333333333333333333
34455554444554444544333333233334555444444455554443333344444444555555443333333443344445544443334554455555554433333332344443334445555443332222222222222222222222222222222333333333333333333333333333333333
