23232674222222222216886543222332222212122222664222333322222233211122332366888888888888888888888787548888654443578787886434322443333213224454445788888888888888888888888888888888888888888877777777777777
12221674223222222222674323232322243222211232664222233322232223411122221247888888888888888888888787548888643333567675575433332443333212223333356888888888888888877888888888888888888888888888777777777777
32332674223222322222653322233323333222212233674222233222222225741112222234678888888888888888888787548886433333578643333433333333222212223222257888888888888888754667888888888888888888888888777777777777
44553474334333321132454312233334222232213343675322224322232335641112322222456778888888888888888787548874333333445543322333332333322222233222247887788888888888543444688888888888888888888888888777777777
55555674355445433454445444344435332353334342475222234322233232322112422222433567878888878888888777547543434433323346433443332223222222222222355775688888888886433333478888888887776578888888887787777777
55434674354444555555445445445555444555444453575333335332343433422112422223433334688888877788878777635433435323222344664443333322222222222232224544678888888885433343447878888887776568888888887778888888
44444674344444444444444444444443444555555555554344455454555555554334445455444444678888754477854677633554435222222445654333434322232222222332232334578888888886443333437757888887776468888888887657778888
44444674344444444444444444444444444444444445554344454554455555555555555555555555666666655565655677644665445333333544443333423322242222242223333333678888888876433334466747888887876468888888875445567787
33334775333333434444444444444444443444444445665344454544545555554454455555555555555555555555555577535555566555566655555555555555554444464444344334677777878775433334565636887887776378887777763333334577
33333774233333333334333333333334433334444444665244444444444444444444455555555555555555555555554157545555555555555655555556555555555555566555555555655555555665554444555544665677775367767776543343333444
33333674244444434444444444444434443344443344665334444444444444444444444444444444444445455445555467644545555555555555555555544555555555566555555555655555555665555555565555555556776455555555555555555554
44444774344444444444444444444444444444444444665334444444444344444434444444444444444444444444444577644445444555555555555555555555555554555555555555555555544555555555555555455556776455555444455444555555
33444774244444444444444444444444444444444444565344444444444344444444444444444444444444443444444577644444444444444454545455545455555544444545555544444445554545555555555555555556775445554444444444444555
33334774243333333333433434433444444444443444664344434444444444444444444444444444444444443444444577644444444444443444444444444444444455544545445555555555545555544555544555555556776444545555444444444444
33334774243333333343343333333443344434433434665344444444444444444433444444444444434444444444444577644444444444444444444444444444444444444444444444454555444444444444444445555446876445544444444454444444
44334674244344334433333333333333344334334334765344444444444444333444444323444444444444444444444577644544444444444444444444444444444444444444444444444444444444444444444444444544776444444444444444444444
34333674234344334443344443334443344433334444764333344444313433334433343124344433444444444444444577644444444444444444444444444444444444444444444444444444444444444444444444444431575444444444444444444444
43434675233343333444444434334444444443333344753233444335312333344443443146544333333344434444443477653444444444444444444444444444444444444444444444444444444444444444444444444442565444444444444444444444
33434775243333333333333333333344333344444344764334444345511433444344444255634334444344444444444578653444444444444444444444444444444444444444444444444444444444444444444444444445765444444444444444444444
44434674244333444333333443333434444344444444765343344445831344444344444353634434444434444444444477653444444444444444444444444444444444443444444444444444444444444444444444444445665544444444434444444444
44443474344444434334443344333333443344443444775333344444783254444434444454734443344344444444444467653544444444444444444444444444444444434444343333344434344444444444444344444445776444444444444334444434
44334564344444444334434444334433434344433344765334343443597244444444444564643444444444444454444478653444444444444444444444444444444344444444444334344434343343333344444343444446776544444444444334444444
34334675234444444444444444444443434344434434775344444334489424444444444563642444444444443444444478753444444444444444444444444444444444444444444444444444444444444444444444444446656533444443443333444444
33444674233444344444444444444443433344444435775333343333368513554444444452553444444444344344444478643444444444444444443444444444444444444444444444444444444444444444444444444336665534333333344443343344
43344674244444444433444334443334444434433435765334344344458723454444444342553554444444444444444467643443444444444444444444444344444444333333344444444444444444444444444444444446776534344333433333433344
44444665244444444444444444444444434444444443765334444444367863333444444464353555444445444443334477653444344443444434444444444444444444443333444444344444444444433334333334333446876444344344333333333334
55555675244444444544444444444454444444444442565344444444466785321234443465353344445544544444344368653444343443443444444344444444444444444433444444444444444444333333333333333336876444333334333343343333
54444775244444555555555555445555555555444434765344444444556896321025443465463234444544444554444467653333343443443344344444444344444444444343444344444444444444444444444443333336775333333333334443344433
44444674243334444444444444444444444455555555775344444455547998423224543467772123444433444454554467663444444444444444444444444444444444444445444444444444444444444444444443444346865433333333334333444443
43342464343443344434334443433344444444455555775356555555556899635556545558842212332322334445555467764454444444444454444444444444444444444444444445544444445444554444444444444447865544443443343334443343
33343664233333334443444443334433444444444445765345544444444688867766776568733323332222223345444467764455555555555555545445544445555555554544444444443444444445444444444444444457766544454444444444443343
33444664233434344434443444454444444334444334775334433333344456876666666577423345564323233234444468753444455555555566665665555556656665555555566655444444433344344444444444444447877544444444444444443433
33433665233334344444543344345454444444444444675344433433333345766666655545422445666644444222345557754455545655777776666667766777767777777777777666554444444444444444444444443347777434444444444444344443
33333664233333333444444444434344445544434444765344444444343336766666655534321234567655654212224444433467767777888777777778877777777777777777776666666655544444544444344444444347776443344433444443443333
33324564312232333333443344444444434333333445765345444444444457666666554443211222245666664222221233446766666777788887777777877777776667777777776666677776655554555444444444444446776433334333333334343334
33323343313232233332333434433333333433333443665345444445444566666666554442121222222355565433443574445666677777877777777777777777766777766677766666677766665445555555555555445447777443444333333333333333
23322232233232223333433333333433433444433432575344544444446666666666656542122222222223465555666777435666777777777777777777776777777776776666656667777776665544444445555544555557777444444444443433333334
33332222332333223333333333333335444444444444774334434455455667666666545533111222222222244455666767634677787777777777777777766677666666676666655666777777666554444444344444554557887455555555444444454544
33333333333334433333334443343333433334444445775334434444457677666665544322211122222222222344656667744788787777777776677766666666766666666656654566677777776664444444444344444457666445544455555545444444
44444444433343433444444443333344343444444444775333433354436777666666765432211112222222222333545667754677776777777777777666666666767667666666654466677777777765554444444454444446555445555544545555445555
44434433333333344334433443433344333334433344674223333345433767655667621122111222222222222222434567863477777777877777776667666666666777666666654456677766777655555544554454454447665344444444444455544555
34444443334343454444443344443434443333333344654312223344444766656565100112111121212222222222234555653677667778877777777667676677667677666666554456677776677643654444444444445457676444444444444444444454
34455555444554553454444444433443343433443334654312123234436666555464231111111111111122222222223332222676677778877777777777766777667777766765554445667776667633555554444444444457766344454444444444444444
44444444443443445454444445544433334433444434554323222333346665554455452221111111111122222222222222221465677777777777777777777666667776677655554445666666678632555554544444444457755344444444544444444444
33443334443333443344444454554334334443333333433433323333336654544544432221111111111112222222222222221255667777777778777777767666667766667645554445666666567642255544444454444457765344333433444445444444
44443333444444433344454454455445444444433434432333333343346544445544333211111111111112222222222222222245667767777787778777766676677766666555554445556665567644335654444444444445776344444344444444434444
44444444343443333334444444344444454344544444543343323333356655445443342111211111111111222222222222222235677766667787777776666666677665566456544445556555556534434664334443333421676444455444445444444343
44444433444343344433343333334434444344444344533443334333345556654432331112211111111111222222222222222235677666667777777766666666776654675466544344455555445324544664344443333332675344444445445555554444
54434444333444334433344334344444444444555445545434444336555554554321211114111111111111122222222222222245676655666777777665655666676554664566544444455554444233444554344444443346775333333444444444455544
44334444443334434544344444445544555545534445544544443346688754443211111234111111111111112222222222222245666555666776666665656666665555544665544444455443333112234442234444434346766333333333333334444444
44444554444443334444444444444454444444444445444454444455899975433221113332111111111111112222222223333345555555566666566565566666555544444665554444454433222111112232233343333346665344433333433333333333
43444444444443344344444344445544444434434444444444444446988886432452233221111111111111112222223344444335544445566556566455565565555433445666554444454432223111111112333343343357775544333333333333333333
44544444444434444444544444345554444445443334444433444348998986332232121111111111111111112222236655444324444445555555556556555555544434446666554334444322234321110002344443333357775344333433444333333333
34444444444344333333433455445555454445444344444433344435777645422231111111111111111111112222246654334324433445555556555556555555433334357766544333333222333442100001354433333467774344333333334444444444
33444344444443234444334444444455554444444444455443444522444201423331111211212111111111111222246554334224433454445555555555555555433334468865543222222222434443222112543333334567764335543343334334433443
44444444444443343443335444433355555433434333544444453432222002423332111134114521111111111222235553233213433444445554444555555444333333599765432221112223444444444333443344444467765345433344344333333333
44444344444344444434455444433455544422222344433444443433211113222222133353114543111111111222224553232123433443344454454455555443333323699754322221122223434444345433443354543467665444433444434554333333
44444444444444544444444444444444444332343444334444444443222332111111245542124444421111111222222543232123432333344455455555555444333222799744322221223323434333444333333443543367765333344444334443334444
44544433443444444434344444444445444443444443444444434543222211111112445541134455553111111122222342331223432333355455455555654444333332798654322222233223343333444443344343433357765333344444344333343454
44444444443344444444443445544344445453444333444444434434322221111013344431244454455221111222222233321223332233455555556666654444333321797665322222233223444333433343344334434314775344444433333333333444
44443344444444444554444544444445445434444333444444334444432211111144444421355444544422221222222224321223332245566556667677665543333321699864323222222223444444434433445334433323765344445543344333335443
33333434444443344444444554444444445555444445444543333444344211133444444311444444443432222222222223212223322256666667777776655433333220498864333222222223444444334444454334333456664333444454443334444344
44334443343333244444545444545434445655444455444544455554434332334433343322344333333443233222222222222333322256677777776666543333332320387764333322222233454443333345444344344467664333433434444344444444
43444444344344334434345444554344334555644454343443444444443323323333333433344434333433223322222222112333222334567777765665433333333440067654443322222233453333343344444344443367764344433443343344334444
34433344333443333333333334444444344444543323344433333334443434443333334433333443454444433332222111112222222333466667654344333333333342246666554322212233333333444344433334443367764234433533444333434333
43443344333433444433444344444544443334443334444333443444444433443433443444434444454455653333222211111222123332345554432233333334543344435876544322222233333334343333333324443467664234333433443333434444
34434333333433443444443333433433433333334544434444444444443434444433333444444444444344553333322222111111134433333333222222333344454444433676533322222333333333443344333333334467654223334333333333333444
33343323323333343333443433433333433443344444445443334344344444443444434443444444443333543322222222221111243334444443343343344343454344434466533322322333333344333333323333334367653113332223334343333433
33333233433333433333433333333344433344433433444344334444434444444444333443444444343444553332222332222112244444444444444454454444443433445456433322222333333344333333232333333366653113322234333333244434
33343333344344444334333332233343333443343443344544444444434434444444444553455444344344444443324432222222354344444444443444454434433543344335445433232233333575333333333332333366553113322333332333343434
33333334344444444455444443333344344333444344344444444334443334444333334443444443344344344433324432222223564443434444444443444444333444433334555543243233347998533333343333334455443223332333333323433433
33433334543444344445343344334344443334433433334444443444544433345434334444433443433434343443334432222223444434434444434333344434333332343233667643354223379999743333333333333444433333233233233453333333
33334333343432344434443465344433333334444443334444343344444344345333334435434334334433432343224322222233333336434333334333343434443334453234888754353222389999753343333333333343333333333333343443433323
33344333333323343444343355344444334434444433333334343344333334343334334334333333334444442133123322222234443334334343344343343433443434543333888765343332389998754333433333344333333333333443333233333334
44344444445543333344343355433344433434443443444344433444333333443434444444443333445443432233134322222244443344344433344443434433344433443334788764233433388998754344433333333333333343333333323333333333
34443344445443343433333333433334444344444344343344333433343344454443333343433333444444552333244322222344443344344446644445443453345443553334687653223334378877664344333343343343433443333322323333333334
22332334344443434433343433344443333222344344434434343433444344444333344433344344334544572223344222222443333344345446534534444444444444454344797642234444368766775343333443334555345644323333333333333433
33322344444433333444444443343343333333234334434433333334434444344443444333344345434554673223343222222323242355334543434554443434434444443435887542344433358777777433333443334455434333333333333333344333
34333443345433333434443344333443333333344433333433334334333554443443434333333444334433673222342222213232232455534422434555443443444543334336776533454333346787777644433334445654433343344454443333334333
34333333334333434433343344333443433334333333343333343333333444334543444443343444233343575222332222224323333443434423544454344443345444333356666533553433333688767656533334444553334443344455543333444333
33333433434443323333233433233443354343334433333333343333223332223334434334433433343343676332322222234344444443333434544444335423333234322466665433434444433478778755433344333564333333343335634443454334
33333333333333332233333432333443433333343333433333233333223232333343235335533333434334466422322223355343444433333433423443323322333333223666654333233332333258888764333453223432233323432545633574565333
33333222322333333223333543322333333333232234433333322333322333343333234333423333334333466422322222345344433433433323343233223222322322125666542332222332332237878764433443231222133323432445433443333334
33334233332333333333333332333332333332332233333333333333343343333343333223433334355333467532322222235333433543434333331223223212211112146555343232222122221215878764322232222223122113322134422222223336
33433323333333333333333352233322333333343343333322333343354333334324354334333433333333367643321222233243233443423443332232112101111111465553363211111111111113778874112221111121111112211232321123523435
33333344433333333333333333333333333333433344332223444434553333344334433344333433233333367645411111123333232223323432222223111111111103655544321111110101111113677875111211111131223112311244653323633554
34343343333333443333333333334343332334432333323333333334443433443244443343323332233333367645321111223333233332322321221211111110110115666554211111101111210113477886211311121132246331511454435415634543
34333323344333433333334333443344432333433443333333333343334433433453343333223333222332267645343211122222223432322221111111111112110036655543321111101211203313377777411311131233366553212344443434436641
33324433334333443433344333333333333334433333333334333333332333333333233333332233333332366555332321122222111322322221111010011126322366654322421211212353112423376654532235243245653453124343333344445442
33444433433333333433343343333333333334333333334334344333333343223323433333332233333333376666332433112221111111212211111000001113144665643222111122122364222224355544442235335454443333333333345543334443
23433223333333333422223332343444333333433332343233344334333443332233333334333334433433477775433333212211111111111111001100101112224655654422231135342433343246334334434124434443554334223443454433655543
33332333332343332333223443344444333334433333333344334434544344332333444343333233434332576765432223321111111111111111211111110112313655445312234344333335433344343333345224544344533344433533444323435432
33332333333443333444334333344444344334333333333433334333433345433334443443333334333334665435334333232111111011111111321222111212223542155321224433333345435533244223334324455444534344343335443323444333
33333333344343333233333333333433433443343334334333433333322244433332233344433324433354566532222333222111110010111112422332233333544333365442233443332333323443333223345323343343333425434554442433454232
32333223233333223322323333332333333443323332323333443343334333334343334345433444343433456522223433212111101111011231232333443233444443333313233332244233323344433323344333343343333334225554433324434323
33333332332333332222343334333334333444334433323333333444344333333443433334533434433454334322224322111311111111132442223343443334423333323322333333233234312343344333345333543443443233434454554334346533
43333322333343344333454434333433544344434324533344433455444333344434433333433344344444322222233343222111111121243232332353434335432334333233343236334434322334543333345333763455443234435543444343344542
33333343334444344344444333333433544433333434443334434444444444444433433433434343343333333233343333232222212222332222333563433434333333333233333335334553633334544224333455543434333335345543343433333432
23333454334334334444433333333333433443343443333344334443444333333443333433434333343333323344343443333223343333333333433454433333343333333444453443353234643334453343334334344333234334334444333333333322
23434332233343333444433333322223333443354343343345443434444333333433234333333333333333333434433433333233233333433443333333322233232232334443343334443333433334453343234433343222245545433333444333333433
34454333333443333534434333333333333344333344443444433334444333344234234344333434323224443334433333323332233334433443334334322223223233333342333233433333323323344232234333343222232365344434463243365342
44443333443343333344343344334433434344333444334444443333344333333343333333433433224334443333433332334333333334333444334334433343322232244323333333344333323323333345233222332233121453464443353323355233
34433344343444443444333434335444445455544543344444543444333333234544333443444343245434443444443432343344443333333323344233333332332222344223334333333323332333332333233333234343222433332433233223332344
44344334333345444433334433445445454444434543343444334434333433234545444444564344443443433454333443443433443443433344334334334332234333343222335432343332322322332322234444234345233345333223334423333343
33423434444443333333333444333343443344234433323344433333434443444444443334544434443443333443334444444433444543444433332333333323334333233233334333334222431322322322334332433334443253334533323333323366
23433443443343333223333443333444434334333344433333333344543433444454333444444443344434334433333433443333333333434333333433332333333333333343333333334333564433222233222222331221222433324743323432333444
34433333333333334323333443344333333343233444333333343334444333454342333444433332345544334443444434433334433333343333333334333333333343433333333432343333343233222232232233332322223543323553333322232332
34444333333343334332333334343333333343333333443433334444434344344232343333333333334444323444443433444343344543444333333334433433323443433333333433333234322232223323323233332223432323332353232234324332
32343323333333334334443334433343343333334433343444333343333333333444233344433333233344334333333334444333354444344332333334433442333444334433534333333334322323322333323323222233344332222331232223333333
34433433333343333433443344443343443233434444343344233334333333333344333334333333333344444444333333433445433333333323332344433444333433334434654333323434333333332322222333223233333332343333332324434333
33433433334333333323443334443332333444554333443332233344333333333443333334333332334344443434333433244445634333433333333333323444453432332334433334433434333322322332344333333333333334443333322323344332
43322432244333324323453334443445533543443333442332333333333434433443333333333232233344443443433434333334433334433433333433343323443343333344223334433324243332223333444334334433333335434333422223233333
