34444444444444444444444444444434444434444444445458999841355555554555555554445555667984579985355555555555555555555555555555555558965555555555555555555566555555566445555555554555555458975455444445555555
34444444444444434444444444444444444444444444444469999841355555544555555555555555679974689985355555555555555555555555555555555558965555555555555555555577544455576445555555555555555557975444445555555544
44445444444445444444444444444444444445444444444469999842355555545555555555555555789965788985355555555555555555555455544444433448965555555555445555554467544334586445555566666666666556975555555555555555
44444444544445444444443444444444444444444444443369999842354454454444444555555555799954788885355554444444555554445545544544444348963334444655556544444455444444586434555555545555666667975666666666666566
44444345544444333444433443344444444555554444443359999842354454444444434443444545899844788985355444555555555655445555555555555445653333335874444433457775444444576333344555444455555657975566666666666666
44433344344445445544444444334444455899844555554469999842454444444455545554445545899744778984355556665556666655555555555554555555554444445764344444566665554444566444555555555554445557974565665555555555
33434444455555666655555555544445555777644555555568999842354345555665555566665545899755678983345555555555555554454455554445545555544455445555555555555555665555566555555556655554445447985444445555555555
55545544555555665556655555566555555555555555555568999832454435556655555555555535999864678973355555555555544554444445555555555555555555444555555445554555555555555565555566655554555447985433445445554445
55555555555555555555555555566555555555655556655578999942444444556886555555556535888753578972355555556555433444444555555555555555565555555566555544555555445555555555565566555555555556874344444444444444
55555555545555555555555665665555555555555555555678999942444544567863455555545534887653577963454444455555545555554455555555554455655565565666555555555555555555555455555445544555554555565565444455444444
55555555555555665555555555555555555665555555555678999953444544456655555555555533776643578863455555555555555555455556655556655556565666666666566656666666555556555455444445445566555555555664444443344444
55655665555555555555555556566555556655555555556688999964444543455566555555566633777544668853466555555555565555566667765677766665556666666666666656666665666666666555555555555666666555545554444444444554
55555555555455545556544455555555555555555555555688999975444444446665666666666633876665568864566665555556566655555666566676677666666566665555566556666666666666666655555555555578974554556655555555544444
54455545544444555555555555555555665555555555556787899986434444445666666666666644787664567875566665555555555565556665567776666566656656665555566666666676665666666555555555565568853555555555555555555444
55555555555555555555555555555555555566655565666898899986544433434666566555666654787764567963566666566666645555556665567777666656656656655656666666676666666666666666655666676555655555555445565555566555
55555555544455445555555555555555566666655566666788899997543333334565555566556665798753368833677776666566656666556666656676656666776667666766666556666766666666655666555677666655555555555545555455555556
55555555555555544445555545555555556655666665556788999997543332333455555555555565798653368744666666666666656666656566766666566666666667766666655556667776666667666665665566656666555555555555555555555555
55555555555555555555555555555555555556566655666788999997544322222355556656665566787654368745556666666666666666555566666655666666656666666655554456666765556656667765665566555565566555556555555555555555
55555555445555555555555545445555555565566655555789999998543322221235555556665466688764479755556666666666667656665566556656665565555676666655665666566665566655556656655556665655566555556554555554444444
45555555444555455555555555544555555555555555555799999998643322221124555666554566788876589646656665555555655555655655556556766555666766666566666666666666555555556666655556665555566556655555555555555555
55555655455555555555555565655555555555555555555799999999643332211113555656654566788765599656656665555555554555555555665556666665666665555565556666665456655555566665555544566555555455555555555555445555
55555555555555554545555555554544555555665555555699999999643332111102555566554567788765799656655555555555555555555555655556666666665655556666556665665555555555676665555544455555555555554433444444544555
54455555555555555555555554443444555555555555555689999999644332211101455556655566788887997555555555555655555555555455555555667776665655556655556666666555565555555555555555455656555555555554555445555555
55555455555445554444444444445555555544555555555669999998644334321110255556655576788889997644444555555555666666655555666655555666566655555665556666555555655555555555555565566555555555556665556655556555
55554445555544444445544445555555555555655555555669999999654455544321145555555565689999985423344555555665666656655655555665555556555555555565556665555556656655555555566666665556655566556665555555665555
55555555555555444444445444444445555555555555555568999999777888756321146555666664689999965422323455555555556655665555445655555556555655554455556655555555556666666666666666666666665555555554555555655545
55555555555554455555555544544555545555555555555556899999888888777655667667776765789999754312223445444445444555555555555555555555555666554454445555555566665555666667666666666666777655556655555555555555
55555555455444555555555555555455445544556665555555699998876666666777777888766865899998654311233344444444555555555566655666655555555666655555555566656555555555555566666666666667666555566666666666665555
55555544445555544545554445544455554454555555555455699876666666766777666788655876899997543211223344455544555565555655556665656555555555555556565675665555555666665555555667776677655555555555566566555556
44445544445545555545555555445555444433455555555556888776666666777777776676654787899996433311222344455444544565556656676666556555555555665567655665655555554556666655555677766666665555555655555556556555
44445444455445555555445445555555445555555566554568866667776666666777766655455588889886323211222345445445434555555666555556655555555555666566666666665555655577654445556665555666556655555666665555666655
55544554444444444454565445664444555545555555555688766677776666666666665555566579778875222111222245444445434566655655555555555555555455555455555556655555556677555555556666666556665555655666656655555655
45556665545444444454454455555555555555555555678877667766666666666666555454455436765663222111122244454344223566555545555445566555655555555555555555555555555565455566556666666666665455556666657666656655
45556655544454455545444455555555555555566788887678777666666666666655555444445422564453221111111244443344223556555555555545545544555555555555555555555555555565545555555666565555665555665556665566656665
54455555444445543455445454544445555445678888777788777666666666666555555444345322565432221111111243432343122456555555555555544445555445555555555445555555555556655555555666665566765655555556665555555555
55544544454444443345555545554455454445766777888887776666666666766566555544344422354422221111111133422332122455555555555455445555555555555545555555555555555444555555555665556655655555665555665555555655
55544545644445545555455445555555554556767778888877666666667667777666666655443321233322211111111122312331112355555555555455544555545555555545555445555655555555566555555666555666665566766555666665655555
55555555544455555555555444456555555556888888887776666666666677777666777655444322222322221111111112212321112345655555655555555554455544455555444445555555555555555555566566666764445677776655555566556665
44455554554454554444555555455545555458988888877666666666777777765445555555333322222222222221111111111210112335555556555555555545555544555555555555555555555455455555555566776644566666666555665566666555
45544444555554543334544444445455555458988888877667766667777677665555554444433322222222222221111111111110111235555555555555555555555555555555555555555556555555555566666666545566666666555554466655555555
44455544444445543345544345555544444446888888877677766677766777776555554433333322222222232222121111111101111235555555555555555555555555555545555556665555555555555577655555556676666666666554445555555554
44444444445554444444454445555544444334798888766777667777766777787656554433223322222222223332222111111100111135655555544565555556666555555555665666555566555555655566655665556666666566666655444445555545
45544444455445555544444444554443443215988887667776667766457788888645554322222322211122223333333222221101011134555555555555446555554555555555566655455556566555665555656665555666665555566665544333455544
34444444445445555554445555545445544327988877667666666666537888888645544332222332111122222333333223321111111134555455555555545444555555554445555555555555456666666666656555666666655555666666554433345555
43344444334455554455445444454555565568887766777766666666778766554333333333222332111121222233333333322221111124445555556554555445555555544444545555555554456655566666665555666666655556666666655443334555
43343334334455554565554445544555555588777666766655555566897433221111112233222232112221122233333333332322211223335666665555555444555554455555555555556765566556666566666665666666666666667666665544333456
32344344234555544455555555444444445787666567666554445456886311100000011123222232222121122223333333333332211233235556655555544444444444455555555566567776677766665566677766677776666666667777776644333335
22233343223334444444444554445544456765555566655544456635874111111111001123222222221132122222333333333333212333224555555545445544555544455555555567777777777666665666666777788876667666667777777764334433
23233332222223344444345444444545456555555555555434566666774322311100001112212222221132222222333333333333223332113455555555545555555455666666557767898776666556666666666677888887666666666777777765334433
43344431111122344444444444555555666555444455544434566666565434310100000112112222220122222222232333333333233332112344455445555555555567766655567978887666665556666666666677888877666666666677777666434443
55555533333444555444444555434567777765443344333445566654455444321111000111122222210121222222222332333333333332122332444556655656666666546866788987876666655666667788777778887776677666666667777666543343
44555544555444544555556666555665566665443333222455665433442344332100000112222222210121222222233232233333333332122222356654444444445568757898778887776666666776667788888887888776666666766677777665543333
44455445555455555565545566668866555555443333333445554334333333332211122222222222210121222222333222233333333333222211245443334334446788667777677666666566666766667778888888777777777777777778766665433333
44455444455555555445445567899986555554443334444444433333333333222222233222222222211121122222233222223333333333222222223232334555766777676666666666677767777667777777888887766667788887877777766565433333
44544455444444444444567899999998755654443344444443333322332222222112222222222222211122112222223222233233333333333222223333334445776666665666556666678878886667777778888887666677778877777777666655433333
45544455444434444345788999889888865643333333443333333322321122222111122222222222112112112222222222233233333333333333333344323334566665555556655665677777876666666778777776666777766777777777666654333233
44444444344444444446899998679877654533333333333333332222321122222111122112222222112112212222222222223223333333333334433344422223345555555665556666777666666666666677666666666777776666666666666544332223
55443344434434454469999987789887555543333332233332222222222222222221122211222222112111112222222222223323333333333344433344433222233455555555566678898666666676777666666666766766766665556666676543332223
54334444444434445899999998789998765543332222222222222222221222222222222222222221122111111222222222222222333333333334443334333321123444455555666667888766766666677766677666666666666555555556676543322223
55445544444444457888999999999998764334332222322222111222211222222211222222222221122111111222222222222222323332333333343333333322112334455555666655776656666666677776676666666666665555654555666533322222
44455555445555655567989999988888643333332222222111111121111222222111222222222221221112211122222222222232222332333333333333333332111233445556666655676456666666667766666666666666655555655556666544332222
34555544445547524458778777655567633333322222222111111121111222211111222222222221221111111122222222222222222332333333333333333333111223445556776555466556677777666666666666666666555544445555666654332222
33444544444467214447566654322236643333332222222111111111112221111222222222221221221111111122222222222222222332333333333333333333211123344555775555456667777766666666666666665555555444445555566654322222
43323444443474113336355421111112663333333222211111111111111111111222222222222311221111111122222222222222222332233333333333333333321123334455565554445667778766665566666666665555555445555555566665422222
44333234443562113334354210000000265333333222211211111111111111111111122222112211121111111122222222222222222232333333333333333333322112334444455443455666777776665556666666655555555555555555556776432222
44443223344642113233342100000000057322333212211221111111111111111111111111123221111111111112222222222222222232333333333333333333332112233333344433355566666776656655665556555555555555555555556776432222
44332222335532212232331000000000037322333212211132111111111111111111111112223321111111111112222222222222222232333233333333333333332111123333344433345556666666655555555455555555555555555444557887532222
44333333445432222232231000000000037322333211112244111111111111111111111122223321121111111112222222222222222222333233333333333333333211133333444433334555556665555655555555556555555555554444457886543222
44334433434432222232331000000000156323333321122234211111111111111111112222222221121111111111222222222222222222333233333333333333333211233333444433333445555565555555445555555555555545554444445665433222
44454444444433332232321100000000365323333321122223221111111111111122222332222221121111112111222222222222222222233233333333333333333221133333333333333444555555455455555555555555555554554444445665433222
55665544445444433332322221000013554233333321112222231111111111222222233332222112121111111112222212222222222222223233333323333333333321123333333333333334445555445444555555555555544444444444445666543222
55665543445654333323333332211244442223333321112222111221111222222233323332221113211111111111222212222222222222223233322222333333333321123333333333333333444555555544555555555555554444444444445765432222
55666544445554333333333333333444322223333321111222111111122222233332223332211123111111111111122222222222222222223333322222333333333221112333333333333333343444545555555555555544555444444444345665432222
55565444544555434333333334444432222233333321111222222111121222333322222322111122111111111111122121222222222222222233322222322332333222112333333333333333333344444556665555555555544444444444335654332222
55666545544545534433332233332222222223333222111232111112221232223222111321111132111111111111121111222222222222222222222222222222322222112233333333333333333344444455565555445555555444444443334554332222
55556434445445544433332221111222222222232222111221101113221222222222111232111131111111111111121111122222222222222222222222232222222222112233322333333333333334444444555555555655456544444443334454332222
54455444454455544433322211112222222222222322112222110112211111111111111122111210111111111111121111112122222222222222222222222222222222112223222333333332333333334445555555555555544544444433333444332222
44566655555556543333323212212222222222222332211211211112211111111111111112211210111111111111111111121222222222222222222222222222222222212322222223332222333323333345555555566555544434444333333343332222
54556655544556543333333222222222222222223333211111211111111111111111111111112111111111111111111111122222222222222222222222222222222222211223332223332222333333333444555555556554444333443333333333322222
54444554555556654433333221222122222222222333211111112211110011111111111111112211111111111111111111122222222222222222222222222222222222211223332223332222332223333444555444445544333333333223322333322112
44444444454555777765442111221111222221222333212111111111100011111111111111213111111111111111112111122222222222222222222222222222222222221223322223332222222223333344455444344433333322222222222223322212
34555555554455678987642222221111111100112233212111111111110011111111111112223111111111111111212211122222222222222222222222222222222222221222332222333332222222233334444444433443332222222222222223322222
34555445444444456888753222221111000000001233311112111111110011111111111112222111111111111111222211112222222222222222222222222222222222222122333222223222222222223333434444443344432222222222222222222222
55555555444433344555543222333100000000001133311112111111110011111111111112322111111111111111122111112222222222222222222222222222222222222123333223322222222222223333333344443333332222222222222223222222
44555543334444444444454454553110000000001133311111111111111111111111111123222211111111111111122211112222222222222222222222222222222222222122333333333222222222222333333333334333332222222222222222222122
44544333433444444445555555553100000000001133311111111111111111111111111122111211111111111111122211122222222222222222222222222222222222222123333333332222222222222222333333333332332222222222222222222122
44444333343345554445444455532100000000011133311221111111111111111111112232112111111111111111122221111222222222222222222222222222222222222223333333322222222222222222222222222322222222222222222222222222
55444444444445554445444544444211110000111233311222111111111111111111123222212111111111111111112221112222222222222222222222222222222222222222333333222222222222222222222222222222222222222222222222222222
55444444344445554455555434553111111000111233311222111111111111111111233112222111111111111111111122111222222222222222222222222222222222222222333333222222222222222222222222222222222222222222222222222222
55443344444444554444454344321123111100111243211222111111111111111233431112211111111111111111111111112222222222222222222222222222222222222222223332222222222222222222222222222222222222222222222222222222
54434555445545544444554421111133111111111233212222111111111122223444211111111111111111111111111112212222222222222222222222222222222222222222223322222222222222222222222222222222222222222222222222222222
54444555555555445544563311112232111111001233112222111111222444345431111123211111111111111111111211112222222222222222222222222222222222222222223322222222222222222222222222222222222222222222222222222222
55555555445555555544565212232234211111001232112221111122221122344211111245421111111111111111111211112222222222222222222222222222222222222222222222222222222222222222222222222222222222222222223222222222
55555554455445555544455433445665321111111222112222112222211000111111123555552111111111111111111221112222222222222222222222222222222222222222222222222222222222222222222222222222222222222222223222222222
44445555555555555544444445666433211111111232112222122221111111111112345566555211111111111111111221112222222222222222222222222222222222222222222222222222222222222222222222222222222222222222223222222222
44455555444555544454343445543322111111112232112221222211121111112245544555556521111111111111111221112222222222222222222222222222222222222222222222222222222222222222222222222222222222222222222222222222
45555443334444454454333344332211111111122322112222221124542244345244444555455642111111111111111221111222122222222222222222222222222222222222222222222222222222222222222222222222222222222222222222222222
55555444344544344454432333221111111112222221112222234555443344454244555555455664311111111111111221111122122222222222222222222222222222222222222222222222222222222222222222222222222222222222222222222222
54444444455554344444433222211111111112222221111123466654453345643355555555555576432111111111111121111112222222222222222222222222222222222222222222222222222222222222222222222222222222222222222222222223
44444445655544444444444321111111112212232101111244445554554355653444444445555566543211111111111121111112122222222222222222222222222222222222222221122222222222222222222222222222222222222222222222222223
55444444444444433444444442111111111112444312233444455545555355544455444454455556774222111111111121111112112222222222222222222222222222222222222221112122222211222222222222222222222222222222222222222223
54444443444344445555544444311111111124555555555444454455545455555445555544445556675222111111111121111112111222222222222222222222222222222222222221111111211111112222222222222222222222222222222222222223
55544444444444444455545544432111111344455555554445555665445555555554455555555555556432111111211122111112111122222222222222222222222222222222222221111111111111112222222222222222222222233222222222222223
55444444444455554445555554443211124443344555544444555654445555555545555554555555544554221112221222211112111222222222222222222222222222222222222221111111111111111221222222222222222222333222222222222224
44444444444455444334444334444333444444444445545555445555445555555544555544555555555555321112222222211111111122222222222222222222222222222222222211111111111111111222222222222222222223333322222222222224
34544444444544443234443333333334444434444445555566545554445556555554444444444554454456632111222222221111111222222222222222222222222222222112222211111111111111112222222222222222222333333322222232222223
44554454444433443433333333334444343345554554445665555444445567555554444555455555554456874311111222221111111222222222222222222222222222222112222221111111111111112222222222222222233333333332222332222223
55444554433334433323333443444544444444344444444565554443445566543455555555455555554456887521111122221211111222222222222222222222222222222122222221111111111111112222222222222223333333333332222332222233
54444444444333333334544444444444444444433444445555444445555555655455434554445565545555898852211112221221111222222222222222222222222222222122222211111111111111122222222222222233332223333332222233222234
54444455443332333344434444344555555555445555555554444456555555555444445555555677666555688885321112222221111122222222222222222222222222222122222211111111111111222222222222223333322222222222233333322234
44433444444543444454344433444544444544445555565555544565444455544555555455556656665544578887632222222221111122222222222222222222222222222222222221111111111122222222222223333333322222222223233333333334
44334555544544444444455434454444445554444555555567655555445555554555555544455445555544568887764222222222111112222222222222222222222222222222222221111111122222222222222333333344222222222222233333333333
