54444444433344333344444455555556665566667777777777766679999987554589999877899853455555556777776777776555655556666666555665555666777777776666555444445554444555444443333333221134555321111111122222222222
44444443334555555555544444445556666666677777766666666668999997654589999877899843455555556777666777654445544556666666666666655566666667776666665555555555555555544333332221111135666542111111112222222222
44444444556665554444445556666666766777777777666666666667999998654579999877899743455555556676666665544445433456666666666655555555555666666666666655555555555555555543322111111145666542111111122222222233
33344455555555544445566666666666666777777666666666666668999998654479998878899633555555556667766654444444333556666666666655555566667666666655555555555555444445555543222111111124455543211111222222222222
55555554444555556566666666666666666666777766666666666667999998655469998768899633555544556666655443444443224556777777776655554556666666666544445554555544433333433443332323333334444432221112222333322222
66666655566666666677777666666666666666666666666666666667999998755469998667899744555444455666664344544432234556776777666655555555566777766654555554444433222222222233444555556555555444433333334444333333
66666666666666666677777666555666666667666666666666777777999998754469999767899744555444455666653444555532345556666666666556556666666787777765555555555444333333222334555555555566555545554444445555555566
66666677776666666666666665555566666666666666666777777777999998755568999977899744555444455666544555565323444555666666666655566666666777777766666555544544433333334455555555555566665555544455566666666667
54445556666666666666666655555555555666666666666666666667999999755558999976799744555444445565555566543334444455666666666666666665666677777777777765545555544443445555555555555555655555555566777777777777
44444555555566666666666666555555566666666666666666666667999999765458999997899644555444445555555555444344444455666666666666666555555567788888877777766666666655555555555555444445655555666677777776666666
44455666666666777666555556666666666666666666666666666666899999864457999997899644554444445555555444443344433455655556666666665545544567788888887777777777777766776665555554445555665556677777666666666555
55556677777777666666656666666666666666666666666666666666799999865667999987899645554434445555555554333443333455566666666666655445444567778888777777666655556566677766666555555665555566666666666655555555
66666676666666666667777777766666555555666666666666666666789999877767999998999645543333444444455543222333233455567776666666654445444456677887777766566665555556666766666555555666555666665555566655444455
66666666666555556666666666666666555666666656666666666666789999989878999999999645543333444444544322223332234555666666666666554345444455667777777766666666666665666666555565555555555566666666666655555556
55666666665555555555555666555555556666666666666666666677889999999888999999999545433333444444433222233322234556667777777766654344334444556777777766666666766666666655555666655555555566666666666665555555
55566666666665555555544555555666666666666666666554456789999999999888999999998545433333334443332222233222235556667777777776653344333444445677777766777666667766666666566666666666666666655555555555555556
55556666665555556665445566666666666665555666666666678999999999999999999999998445333333334432222222222112345555577777766665532333333334445677777777777777777766666666666666666666666766655544445555555555
55666666655555666555555666666555555555555556667789999999999999999999999999997455333333334432122211221112445445677777666665432333233334444677777777777777788777666676676666666666667777666655556665555555
66666666666666666555555665666666666666666667788999999999999999999999999999996454333333333321122111211123444456667777776765322332223333334567777777777777788777766777777666666666666666666667766666666666
66666666666666666555555665666666666666666678999999999999999999999999999999985454333333333321112211111123434566677777666764322332222233334567777776667777777777776677776665555556666777666666666677776666
66666666666655555556666656666667666666667899999999999999999999999989999999984444333333333221112112111223345666667776777653223332222233333456777666666677777777777777766666666666666666666666655556666665
55566666666655555555555556667777766666788999999999999999999999998778999999974544333333332221112122111223445666666656666553223322222233323456666665566666667777777787766766666666666666766666666655555555
55555455555565565555445556666666666678999999999999999999999999997678999999965543333333332221112222111223555566666545555542123321221233223345666555556566666777778888877876667777766666666666777777666666
55555555555555555555555666666655566899999999999999999999999999986668999999965433333333322222112222111234555556665433444431123211221222223345555555556666655666778888877877667777766655555666777777777777
55555555556655566666666666554445677889999999999999999999999988987768999999974433333333322222112222112345566666664322333321122211111222223345655555456666555666667787777776667777766655556666777777777776
55555556666655555555666666665566789889999999999999999999998877777768999999963333333333322222112321112345556666543112223211122111111222223445655554456666544555566776667666667777766666666666666777777766
55566666666655555555556555567788999999999999999999999999998887778868999999963334333333322222112221123345544455431111122111112111111222223445555554456766544555556676666665567777766666666666555666666666
56656656655556666666666667789999999999999999999999999999988888877767999999963234433333322222112222223455533344221111111111121111111222123345555543467766533444455566555555566666666666666666555556666666
55556655554445566666677789999999999999999999999999988899987888767656999999964223433333322221112223334665322232111111011111111111111221123345445543466665433344444565555655566666666666666655555555555665
55655555544444555666667999999999999999999999999999988888877898766645899989975323443333322221112234445653111121111111111111111111111221123345345533456665432343344555555655566666666676665554555554444555
55555555555555666566679999999999999999999999999999988888767888876544589888875422443333322221112234455641111111111111221111211111111111123344345422455555422333334555555555556666666676655555555444434444
55555555555555555555689999999999999999999999999999987787667898865554489877776422343333322211122234555421122222111111222112211111111111112333234322444555322332234444455555555665566776666655554444434444
55444455555554455555789999999999999999999999999998887777677899854454479877777521343333322221122223343222222222111111222122211111111111112232233223444444322232223444554455445555667777776666654444444444
55555555555554445556899999999999999999999999999898877766667888743334478866677521333333322221223222221122222222111112222122221121111111111222233112343444322232223344554455444555666777766777764444555554
55555555554455555568999999999999999999999999988888777665577677653234468865556521333333322221223222221222223322222222222233222221111111111221222112333444211232223344454444344555566666667788765555666655
55555555444455555689999999999999999999999999988877766655577667653235567665456421233333322222233222221222233322223333322233222221121111111111221112222343211332223334554443334444555555678887655555555555
44555555555555555799999999999999889999999999999887776666676677543234567655445422333333222222222221111222233333333333322333222222221111111111111111222333111332223334544443333444445555678888766666655555
44555555555555556999999999999999888999999999999998877777776666543224546655445422333332222222322211111222233333333333323433323322332221111111111111111232111222123334443433334434444445678888777777766666
45544444444444458999999999999999999999999999999987666678777665443323444444444322333332222222322111112222223333333344334433333333332222211112111111111122111221122234433433344344555556678887677666665566
54444445555665689999999999999998777778899999998776566555666555443323443344344322333322222223222121122222223333333344444433333333433322222222212111111111111211112234434433344444556666677876667665555666
55444555667778999999999999999987666666688899987765445545555444433322343333333322233323322222221111222222223333333344444444444444433333322233222211111111111211112234434432343445666666677777777765555666
55555565667889999999999999998876555555667799876664444444454444433322333333233222233223222222221112222222223333333344444444444444433333333333333221111111111221111234433323333346665555677777766665556677
66556667789999998889999999988767665554456789876665433444444433333333333333233222232222222222211122222222233333333334444444444444444444333443343211122111111211111234433222333355554456777777666665556666
66666788999999988899999999888777777665455568865665433344434433333333333333232222222222222222211122222222333333333333333344444444444444444443443222222221111111111234333222223455554456777777666655544566
66667889999999988899999998888877777666554465544544433333334433333333233322222222223222222222212222222222333333333333333334444444444444444444443223323321111211111234332112223455544456677777666555555566
55678999999998888988999998888878778876664455333333333333333333333333223222222222222222222222222222222223333333333333333334444444444444444444443333334321111111111243322111224555444467677777666666666666
67899999999987889988889999998778878877775454333333333333333333333333322222222222222222222222222222222233333333333333333344444444444444444444444333344322222222111233221111234555444566666666666655566666
88999999999988899999789999998788888886665554323333333333333333333333322222222222222222211222222222222333333333333333333343444344444444444444444433444332222222111233221111234554334565566666666666666666
99999999999999999999889999998888888877665443332233322333333333333333332222222222222222112222222222223333333333333333333333344433444444444444444434444333323322112332222122345543335555555556666666666555
99999999899899999999999999987888877777665443222222222333333333333333332222222222222211112222222222223333333333333333333333344433444444444444444444444333333322112333322222345433345554445555566776666554
99999888888899999999998877766777787776666543222222222333333333333333332222222222221111355432222222223333333333333333333333334333344433344444444445444433333322222334321223444332355433344444567776666555
99988888888899999999987766555556666776676543222222222333333333333333333222222222211114556553222222223333333333333333333333334333344334444444444444444443343322223443212333444323444323333334566776666666
88877888888899999999765554222334445554565443322222222333333333333333333222222222221156345543332222223333333333333333333333333333344334444444444444444444444322334432223334443223432222233334566666666666
77777777778999999998534431111123333333355443332222223333333333333333333323332222211476433443343333333333333333333333333333333333333334444444444444444444443323444333333434433223322222322234555666666666
77777777789999999997322211111112232222345544332222223333333333443333333333332222213665333334454322223323333333333333333333333333333333444444444444444444443334444333334434333333222222322334555566666766
77777667888999999984234331111111112222234544332222222333333333333333333333332222114643333334565422223333333333333333333333333333333333444444444444444444444445444433344344333332221122222334455556666666
77776567888899999986676652111111111122223444333222222233333333333333333333332221125532333332356632223333333333333333333333333333333333444444334444444444444445444443444444333322211122222333445556666666
66665568988889999988776763111111111111222344332222222333333333333333333333332221145422333332235742233333333333333333333333333333333333444444344444444444444444444444444444333222211122223333344456666677
66666678888888889988788764211111111111112334332222223333333333333333333333332211155322333333234642233333333333333333333333333333333334444443334444444444444444444444444444332222211222223332333456556677
55666678898887788999887765321121111111111233332222223333333333333333333333332211254222233333334432333233333333333333333333333333333334444433344433344444444444444444444444433322212222233222234555455666
55666788888777789988887666432211111111111112222222333333333333333333333333332221353222223333333322333333333333333333333333333333333334444333344333444444444444444444444444433332222222333222234544445556
66777788887777777666777655544321111111111112222333333333333333333333333333332221343222222233334322333333333333333333333333333333333333333333344443334444444444444444444444433333222223332222344433344455
67777787766676776557776655554433223111122223333333333333333333333333333222332222333322222223345322333333333333333333333333333333333333333333334433334444444444444444544444444443333333332123443222333445
78887777666666665667676555554444333233444344433333333333333333333333333222222222233332222222355322333333333333333333333333343333333333334333333333334444433444444445544444444444333333321123432222223345
88887777766666665667665554444444333344444444333333333333333333333333333222222232234332222222354222333333333333333333333333333333333333333433333333334444434444444445544444444444333333322233322222222233
87777666665566666666655433333333333343334443333333333333333333333333333222222232225433322222333222333333333333333333333333333333333333333433333333333334434444444444444444344444333443323333332222222222
77777766655566655545554433333333333333333333333333333333333333333333333222223332223444432222222222333333333333333333333333333333333333333443333333333334444444444444444444344444334443333333333222212222
77777766665566544333444433333333332233333333233333333333333333333333332221123322222234532222222222333333333333333333333333333333333333333443333333333333344444444444444444444444344444433334433332222222
77777766555556443333344433333333332233333332222333333333333333333333222221233322222223432222222223333233333333333333333333333333333333333344333333333333433444444444444444434444344444433344344433222233
66777655555555433333344333333322222223333332222222223333333333333222222212333222222222221222222333333333333333333333333333333333333333333334333333333333433344444444444444444444444444443444444544333333
66665444554455433333333333333333222222333332333222223333333333322222222223333222222222222122222233333223333333333333333333333333333333333334333333333334333344444444444444444444444444444444445554433444
55544443333444333333333333333333222222233323333322233333333332222222222234332222222222222122222222333233333333333333333333333333333333333333333343333333333444444444444444444444444444444444455543333444
44333323333343333344444333333333222222222233333333333333333222222222222333332222222222222122222222333233333333333333333333333333333333333333333333333343333343444444444444444444444444444444455543334444
43332223333333333455555433333322222222222333333333333333332222222222223323222222222222222222222222333223333333333333333333333333333333333333333333333343333444444434444444444444444444554444555544444444
33322223333333334555555543333222222222333333333333333333222222222222223222222232222222222222222222332223333333333333333333333333333333333333333333333333333444444433334444444444444444544444455544444444
33222222233334445655554333322222222222333333333333333332222222222222233222223333222222222211222222322223333333333333333333333333333333333333333333334333333343333333334444344444444444444444445444444444
33222222223334356554433332222222222222222333333333333222222222222223333322222232222222221111122222222222333333333333333333333333333333333333333333333333333333333333333444444444444444444444444444444444
32222222222334456543322222222222222222222222233323322222222222333333443332222222222232221111111222222223323333333333333333333333333333333333333333333333333333333333443334444444444444444444444444444444
22222222222235555433222222222222222222222222222222222222222234432223333332222222222222221111111222222223323333333333332233333333333333333333333333333333333333333333444444444444334444444444444444444444
22222222222235543322222222222222222222222222222222222222222343222222223332222222222222222211111222222222223333333333333233333333333333333333333333333333333333333333444444444443334444444444444444444444
22222222222234432222222222222222222222222222222222222222223532222222122333222222222232222211111222222222223333323333333323333333333333333333333333333333333333343333444443444443344444444444444444444444
22222222222223322222222222222222222222222222222222222222224322222222212233222222222232222211111222222222222333223333333333333333333333333333333333333333333333333333344444334433333344444444444444444444
22222222222122222222222222222222222222222222222222222222234222222222221222222222222232222211111222222222222333222333332333333333333333333333333333333333333333333333333334334433333344444444444444444444
22222222222112222222222222222222222222222222222222222222243222222222222222222222222222212221111222222222222233222333332233333333333332233333333333443333333333333333333333333333333444444444444444444444
22222222222221122222211122222222222222222222222222223322343322222222222222222222222222222221111222222222222233222333332233333333233332333333333333343333333333333333333333333333333444444443344444444444
22222222222221112221111122222222222222222222222223333333344422222222222222233222222222222222111122222222222223222333332233333333323333333333333333333333333333333333333333334333333444444433334444443444
22222222222222211221111222222222222222222222222333333333344322222222222223222222222222222222111111112222222222222333322233333333323333333333333333333333333333333333333333334433333344444443334444443444
22222222222222221222111122222222222222222222222333333333344322222222222233222222222222222222111111111222222222222333322233333333323332333333333333333333333333333333333333334433333344444443333344443444
22222222222211111222211222222222222222333333333333333333344421112222222233222222222222222222111111111222222222222333322222223322222332333333333333333333333333343333333333334433333444444443333343344444
22234322221111111111111112222222233333333334433343333333333321111222222222222222222222222222211111111122222222222333322222223332233333333333333333333333333333333333333333334433333333444433333333334444
22223223223321111111111223333333333333333345443333333333333321112222222322232222222222222222222111111122222222222333222222223332233333333333333333333333333333333333333333333333333333344333333333333344
22221122223432122212343233333333333333444455432333333332222222124322233323222222222221222222222221111112222222222333222222233333223333333333333333333333333333333333333343433333333333344333333333333344
32222222222233123234643222233223344444443455432333333332222112245333332223222222222211122222222221111112222222222222222222223332222332333333333333333333333333333333333334333334433333344333333333333334
32222222222223222334433333333334444444333454333333332222221111255333222233222222222211122222222222111112222222222222222222223332222332233333333333333333333333333333333333434333333333333333333333333333
32222222232222222333333334444444444433333454333333222211111111243222222233222222222211112222222222211112222222222222222222222322222322233333333333333333333333333333333333343333333333333333333333333333
32111111122233333332333334444444433333333454332222211111122211233222222333222222222221111122222222211112222222222222222222222222222222233333333333333333333333333333333333333333333333333333333333333333
22211111111123334432223333444444433333322454332222221111222112333322222333222222222221111111222222222112222222222222222222222222222222233333333333333333333333333333333333333333333333333333333333333333
22222111111123334432223333333333332222222344322222222121121113442222223332222222222222111111122222222222222222222222222222222222222222233333333333333333333333333333333333333333333333333333333333333333
32222211111113333332222222333333222222222344321111111111111113432222233333222222222322221111122222222222222222222222222222222222222222233333333333333333333333333333333333333333333333333333333333333333
33222211111122333222222222222222111112222234421111111111111112333222233333222222222222222111222222222222222222222222222222222222222222233333333333333333333333333333333333333333333333333333333333333333
33222221111122222222222221111111111111112223332111111111111112233222333333222222222222222111222222222222222222222222222222222222222222233333333333333333333333333333333333333333333333333333333333333333
22222221111222222221211111111111111111112212332111111111111112233223333333222222222222222111222222222222222222222222222222222222222222333333333333333333333333333333333333333333333333333333333333333333
32222222112222221111111111111111111111111222232211111111111111232223333433222222222222222222222222222222222222222222222222222222222233333333333333333333333333333333333333333333333333333333333333333333
33222222222222111111111111111111111111111122222222111111111112232233334443222222222322222122222222222222222222222222222222222222222222333333333333333333333333333333333333333333333333333333333333333333
33322222222222111111111111111111111111111112222222111111111112232233334443222222222332222211122222222222222222222222222222222222222322233233333333333333333333333333333333333333333333333333333333333333
43332222222222211111111111111111111111111111111222111111111112332333334453222222222332222211122222222222222222222222222222222222222332232223333333333333333333333333333333333333333333333333333333333333
43332222222222211111111111111111111111111111111121111111111122333333344453222222222453222221222222222222222222222222222222222222222232222223333333333333333333333333333333333333333333333333333333333333
44332222222222111111111111111111111111111111111111111111111122333333444553222111222555322222222222222222222222222222222222222222222222222233333333333333333333333333333333333333333333333333333333333333
44433222222222111111111111111111111111111111111111111111111223333334455542222111223565543222222222222222222222222222222222222222222222223333332333333333333333333333333333333333333333333333333333333333
44443222222222111111111111111111111111111111111111111111222223332334455543222211223566665322222222222222222222222222222222222222222222223333332333333333333333333333333333333333333333333333333333333333
44443222222222211111111111111111111111111111111111111112344433322234455553233221224555566553222222222222222222222222222222222222222222223333332333333333333333333333333333333333333333333333333333333333
44443322222222211111111111111111111111111111111111111112443333332334455564222222224554555665322222222222222222222222222222222222222222222333333333333333333333333333333333333333333333333333333333333333
