64212222222212577543232233223333123222575322234333222356533323224888888888888888888888888776558888655566665667886443443333332223333453224788888888888888888888888888888888888888888888888777777777777543
74222222222212578743222332222222123222574222335432233245632222223678888888888888888888888887548888545566567777786433322344423213323454334688888888888888888888888888888888888888888888888777888777787556
64211122222125778854322232222221123221574222333322222233321122232356888888888888888888888787537888654443468788787434332453333213333443456788888888888888888888888888888888888888888888887778888777777765
64222222222213776433222332233222212232574322323322222233311112221246888888888888888888888777647888643233468765455433343443223312222222247888888888888888855767888888888888888888888888888777877777777767
64223222222222663323333322233232211132674222233222232223741112212234578888888888888888888787647886433332477743223333333333322222222222237888888888888888643444688888888887888888888888888777787887777767
74223222321121564422233323323232212233675322224322222335752112222222456778888888888888888787637865433333344544422333332223322222222222246786688888888887433333478888888887776578888888888777788888877767
74344334432242344323233334322253224343576322224322233233432112332222333457878888878888888777646543434433322335544443322232222222222232334654678888888885433343447877888888776468888888888778888888887777
74255545544554445444444445444455444353375322334332233332322111322223433334688888877688877777644543435322232354675433334422222322222332222334578888888886443334436857888887776468888888887657778888787777
74244444455554444445444554445555555555565334445444455555543233434445444444678888854467864577643564435322222344544323423311142222232322333333578888888886433334466746888887876478888887874445556787578657
74344444444444444444444444444544544455554345555555455555555555555555555555666666655565655677644565556444444554444444544433354333363333334334678888888775433334575635887887776478888887753343333575367435
74344344444444444444444444444444444444565344444544455555545555555555555555555555555555555467534555566555556655555556555555555555566555555555666666666665444444555544665677775367767776644344333444344334
74333333434333444444344444443344444444675334444444444445554454445555555555555555555555555237644555555555555555555555554555555555556555555555655555555665555555565555555556776455555555555555555555555555
74233333333434433333333434443334444344675334444444444444444444444444444444444444455445555557644545555555555555555555555555555555555555555555555555544555555555555555455556776455555444455444445555555555
64234444444444444444444444444444444444675334444444444344444443444444444444444444444444444477644444444444545555555555555555555544445555555544444445554545555555555555555556775445545544444444444444455444
74244444444444444444444444444444444444565334444444444333444444444444444444444444443344444477653444444444444444444445545444555444544545555555555555554555544555555555555555776445555555444444444444444444
74243344444344444444444444444444444444565334444444444444444444444444444444444444444444444577653444444444444444444444444444444445444444444444555555554444444444544555555556876445555444444454444444444444
74233333333333433433333444444433443444665334444444444444444443444444444444444444444444444467753444444444444444444444444444444444444444444444444444444444444444444444444544676444444444444444444444444444
75233333433333343333333343334334434433665334444444444444433334444444444444444444444444444467753444444444444444444444444444444444444444444444444444444444444444444444445431476444444444444444444444444444
75244344434433334333333343344333334444675334444444444433333444344444444433444444444444444467753444444444444444444444444444444444444444444444444444444444444444444444444443565444444444444444444444444444
75233344334444344444334444344443334444664233444333433333334433444434444333333334434444444468753444444444444444444444444444444444444444444444444444444444444444444444444445676444444444444444444444444444
75333333333443444433434444433444433344664334444444444333444444444444444434444344444444444468753444444454444444444444444444444444444444444444444444444444444444444444444445666554444444434444444444444444
75234333333433334433333344433344444444675334344444433334444334444444444444444434444444444457764444444444444444444444444344443444443444444343344444444444444444444444444445776544444444444334444444444443
74234434444333334444333333444334444444675334344443443344444444444444444444334334444444444457764444444444444443434444444444434444444444433334444444333343333344444344444445776544444444444334444444444444
74344444433334434344333333433334443344675334344343344334444434444444444444444444444454444458764444444444444444444444444444444434444444444444444444444444444444444444444435655533343443344443343344444444
75334444444434444444344444444344333334676334444444434334443444444444444434444444443444444468764444444444444444444334444444444444444444444444444444444444444444444444444435765534343433344433443344343344
75234444444444444444444444433334444434675333344333433444444444444444444444444444434444444458743444444444444444444344444334444444444444444444444444444444444444444444444436776534344334443333333333343334
75233344344444444434444343433333433344775334444333333334333444444434444444444444444444444457654344444444444444444444444434444444443333434444444434444444433334333334333336876544344334433333333333333334
75234444444433444434443344444444434434675334444444334333333433444434433334434444444443333458764444344343344443444434444444444444444443444444444444444444334334333334433336876544333334333333343333333333
65234444444444444444444444444444444442375434444444434443444433444434433344434444443344343448764334333343344444333334434444444444444343344434444444444444444444444544444446775333333333333333344443333333
75244444455555445455544555554554444443575434444444444444444344544444444444444444444444444457764343343344344334444444444344444444444444444444444444555555555555556556555446766544443333344333444444444443
75244444455555554444444554554555555444675334444444444445444444444545545444444444444444454457765344444444444444444444444443444434443444444455555556666667666666666666666666666544444444443434443343444444
65243334434444434344444444444444555655676445555555555555555555544444444444444445445544443357775455444444444454444544444444444444444444455566668777766666666666666566666666666654454444444444443343344444
65343344344434444444333344444444444445675335554544555445555556555565544444444444444444423347775454455555555555555555554444444444444556777777777666666676666666666665566666666666544444444444444443343333
64233333333443344444344444444433444334676434443334444444455555555555555555555544454444425645764344444545554554445445555555555544467887777766777666666676666666666656666666666655665544444444433443333333
65233434445443443344445445444344444433676434443433333344444444444444555555666553355555434563665355555555444444444444444544455555577767777777666666666666666666665556666666666665556654444444433333344434
65233334334444444434434444444554444444676334444444433334443344333334344444444443256655555475475445444444333344445543444444578863466777777776666666666666666666665556666666666665555664433333333334334433
65223333333444444444443434444544334444675434544444444444455443434444433333343334336775455457365444444433322334556554554677998863577787777666666666665555666666645666666666666666555676543443333333333334
64312223334333443334444443433433333344676435544444444444555545444554444554444334645677646546345443244433545655777777778898888863688887777676666665566666666666545666676666666666666777754443443444443333
43313233223332333333433333333444343442476434454444544444444534544454444554555544564567765424534432245567777777887877788887777753787887777776666666666666666666556666777766666666667777764444444544434333
23223233222333443333333343444444333443475334444455445444444444444443444444553444465455554444434422357788887777887877777777778854777777777777666666666666666665556667787766666666677777775555455554444444
22333333323333333433333234443444444444676433443445444444444454445433434434443344346664322454434412368877777667776776677666777746777777777777766666666666666665566667888766666667777777776455444554555554
33333334433333344444334333333344445444676523443344444444445444345444444434444643434565311364543312256666665666666666666666677746777777777777766666666666666666666677788777666667777776676555554455445545
44443333443443443444333334343344434344576323433345444344444444433444444554534444444456554467641111146566555666666666666666677647777777777777766666666666666666776676777777776666777776777544444444444444
43333333344433443343433334433333433334565322333334444454433445434445444444434433344446767677531111245566555566566666666666677657777777777777777776666666667667666766677777777777777875687645444444444444
44334343454444444344443444443333343333564321223334343344433444334333345344344333443445777667322111256666556665666666666666677657877777777777777776666667777667666665677777777777777764277645444444444444
55444554554454444444543443334343343433565422222233433333332223333343345443443444444445677546442211366666666666566666666666777768877777777887777777776776776776567666677776666777777653178655444444445444
44443343445544444444554433334443344433454332322333332333433333443344443344433444434445666644553234556666655566556666666677777768877777777777777666777776666765566666766666667777776543278544444444444444
34443334443344444444455434434444433343332333333333333333434444444444334444444433334446676654542255446656555555555666666777777767877777777777777666777776666655556776666666667777665432387545544444344443
33343444433344445444445544444443444444543333233334344434334444444443334444443334444456766665442244324455444544556666667777777777776677777777776677777766666554456776677666666777654321586445455445444444
44443343333333444434334433444334545444553334333333234333333433443444344444334444444456645665555344322333455445565566667777777766666666677776766677677766655554456766667666666776543322876444445444444555
43344443344434343333333444444334445434543543444433334333333444442233344434444444443556545666665555421233444445555566677777666766566666777666666666666666544554456766677776666666543226875444334333344444
44333444334433334344344444454454554545545544444334443434444433333444334444434434444566445555554455421223333444555566776777667766566666777776666666666665555544467766677777766666543578765443334433344334
44443334443444444444444454454445543444554455434444544444444433344434433444433343443575454454434445422223444444555556666676667755566666667776667666656555454543468766677777666667778765644444333333333333
55444443334444344444444454444444444444444454444444343334444443333433434334334343334575443454234333432224555555555566666666667644577776666666666666655555555444568866677776665444555433454444334443333333
44444443344344444334444554443444443434444444354434344434444433332332323433343343333465445443133423432212454445555555666666667634677777666666666665555445554455567876677665433332234444444444434454344344
44444444444444444444445555444445444434444443344333344333333323233334333344544444344355452011343444432221443444344454567666666645777777665666666555555555555666677676677653211222343364334333433343334334
44444344433333333455544455555445444444445444344444454444444344443445433455644444545445441334444455322221233333234334467666666557777777766666666555555556677777776686666532123334332542234343333333333343
44445443324344334544443345555444454543455444444344444444444444444445444556644455544455344664434454422233333333234334345665666567777777667765556666665667888777775576665322345654233322333454333433433333
44544443344343335544443335454433333333443344444344444444444444444445555654455454545555345444433553222234333333444444433555555566777766667875676766777777777766654357653223577653322222343333344444443343
44444434444443445444444445454432122344433344444444444444445554444554544444444565554554454434333641221244434433444333444344333456666665566887777777777766687766543247643346787642212222343333333444453344
54444444444444444444444444444433344444344444444444444545444555555554445455555455443355554334324731321344433333444333343333322345555544455686777877777545677654332237634567787631122222333433333443544455
43443344444433434444444444545444344444444444443444455454444444444444444445455444433455553332225721221344333433444333443343332355555433444366666875445335666432222237445668887521112222344333334544444344
44444344454444444444555444445544344333344444433434555445543344444443444444454444444466553332335411424343223444333333333333333356666555443123445764222234554322344445356778876411112233444334444444433333
44444444444454444454444344545443444434444444333444445544443444444543445444444344344499863333234202423333322333333333333323334456666655542222334443334333443334544443566878876411112233344444344444433344
34444344334444444554444444444565545445455554444455443433334444344444444433333343344467886434454103413343223333334433334343334466666755543434344444445343344334444433677888876431112334343344334444334434
44334333334444545545555544444555554445444454355444444332333333333344344443433443444455555554322105323343224444443333343333334466667755534333344433444343344434343333478888887432122367443443444433333433
34334434333434434444455434334454553444234344333334444343433333343443344444344444533766545544313115344454344434444444444344444367667655434334444434443333444333333323468898887422223487543433333444233333
34333443333334343334444444434443444323344433344334444443444333344444443444445455433788864333243125444444454444454444544444455477767654334445445433344333444334334333348898886422222686443433333444333324
34333433344443345434444444443334444344433444444444444343344443333344434444444344443787657653221125444444444454445444445444445577767653334444343333334344333334333332337887885422223853444444334443334334
33333443343344444333343343333333234454444444444444444443444333443444444444444333444553436852111234444333434454434345444434444477667642233333344333334344433333333233336998873432323734333333344434334434
33332333334333344343343334433344344443344444333344334444443444433344344434434344443331234531113343434444445444444345445444443677667631133233343333333333333333333332325998963663323544333333333434334334
33433333343333333332333444443344443343334445443444443444444444444454345544434444443331211311113344435544444444444344444443434776666521134233223334333233333333333333334898854874323543443433333333334333
33334434344334433333233344333344344444335454444433444443444444334444445444334434433443210111123433445543343444443443344453435887654322234223222233333333343333333333333699856876323536864454333322333333
34434444434445444343333335444333443434334444444444443443334443433445443344343343433333332333333334333443543443443333234333436887875423333212222333333333433344333343333489857778532458864333433333433333
34543444434445433334434434454333444343333444444334444434334543334434543443433443333233464334433434344434543433333333333333326888876323333422333433443433333333343433334479857777532378764333333333433333
33344342334433434346434443333333444443333333434334443334434333433433433333433444433333453334443444444434433433334334333333336777886323334434444443433344444334443333334359857676532378874333333334344433
34333332334444444335434444433434444433333434443444433333343343443444443333344444343334443344543444443334434444453344432333336766666323333333333333333354444344433343334459866666632388874333333333333333
44435543333333434335443344443343444444344334343443333344444444334434343333344444443345544444544434433334334443563344432234335665534322333333334333433343333334333344334458855776532268763433343433332333
44444543343343333333344344444433344434433444434443344434444433334333334434434454444553433443433443322334434433443233322234433654445422333333345333334333333433433343333336966776532238863333333333322332
33344443343443333443334344333322334434444444333333443444434444344433334434544455445544543443333332223235433422332144412124232344565542233343344233433344333454433333343335878876432225863334444433333332
33434443333344444443343344333434324433443443333433443354444443343433334334533443445544444543332323232234342321232225322224332444565675323232333234432344333344432323223223778886432223873334333333433332
43334544333444444434433344343333434433344343334343333345443444244444334344433444344433444423233432332343322221333435222435563433566667764233322333322233234343233333221222688876433222663223333223333332
43334433443433333344433344343333433333334333334333333434333444343433443343433335333434334433334444244443221322343334223433454433345567887322332221221222223233222232221221588876333222463222222223333433
42343434333333323443223344345434334443333333334333212334233334333533553333344434433333324432336433343442222334333233212333244553454667664432222321121213212222111131111211487775222222352111111122333333
33333433332223333453332344333333333333443333323233332233343333323433443333434433333333333433236543432343234336434334222642233332333566534435322231122113323321321231111210588775221222331111111111222213
22222333333222333353332333333333233223443333333233333334334334333322343333435432333322333333335633443354233445333433334532333223542344436634422231122113435322531231112212588775221222342111221111122223
33332233333333334333233333233333333324333333333333335333323433434333343343334333334334433333334434333334332344333333323332332332232343356543321231133223457323331341132324687765351222452310221221111124
22333334332333333244223332333333334344433332233334345333334432444444433343333333333232333333343223323332322344333333322322344333332345455433321251133343445334322443332432687765452222543321211331111112
33433333333333333333334333333333443334333222344333554343344324443334332433233333332333323333333333323333232333643332322333333332332343554354320253353433545543653543343434777775412223642232211211011121
34233333343333333333333434443233442233333333333344343443443245334333332333223232323222334332333333212333332343543333223333544322433342465366430255433345455644454534435545677764433224643122111111111122
33334433343433333433343333443333443344333333333334333333333343323333332223333333233232333332333323333332333333333333334434645433653332333234443356333344433444333444435645678763233235652111142433101124
33333433343333334433333333333333433333333434434433333334332332333333333223343333332222233243333333333333334643333433233333323333334422433433454343334435533343333454344435678764432246651111253621111223
43333333333443334334333333333233333333334433334333433434323223332333333333443343333333443333332333322333233333323433233332222233323542323344433434543334534333334434455435677753431247641211122412122322
33333333433432223333244344433343443333334323434433443344333223334334433323344433233323433223332333322333333333333332322331331133336632233344323334534553325422324444335445567642432236542211254323122333
23333334333333223344343444433333443333333334433433444333433333444444333333433333332333223433333321321343333234343333323332342233236533233334333333322343334323335533334345567652423555431322334222225444
33333344333344433433334444444433433333433343343433343234543333333344343332443333332323221333332322322333332334343233233333354332334443323333224323332334443333334433334556655422313445353312535542356332
33334334333333333333333342343344333333333433344334332333333333333434543344433333333333332333332233323324323344233233344333433343433332333333223323332334344333335533454455654413342544454333335553343222
23333323322322233333333233333343333333232333344334333433334334343333553344344333433242333433332343333334334334322325343333552233433332233324533433432233464333334433576355543324434653344343333453343222
23232332333222233333433333433344433443333334343445444433333443444333443334444434432233333444443333333333334222233355333443443233433323333333533465353333454433434344554343433344433444343333333332235422
32233433334433354444433343354443343432454334443434544433444433443343443434334444333334334334334332333333343322333356443343343333333343434344334323474334445334333323434333323533433333433433333333334423
33333444344334445433333343354433333344433334433444344443333344333343344434334333332334444344333322334333333344343344333223333333333444345433344333443333445334224433334322224456533443445334334443233334
45433433333444443333333333343344334444333334444444444433333343332433333333333333333344443343323332323333443344333433431223322233333434233333443333332332334323323333334222223245345444445333337533333565
43323234333434443333332223333344335433344334544343444433344333423433433333432323443333443333332333233333443344333434443333322323224433333333344433332332333234423222233334312254345343334332334323423564
33233334333453434433333333333334443334444344443333444433333324333334343343322433344333344333233433334333433343433423333344332122234422333333333332333233333233323333323434323333333232313422332334345465
33344334343334434334433443443444433344433444454333333333332344433343343343324553444444444343334333444334333333333533433433223332334322333543234333232232233232234544323434534235433433333533333346455454
33444344444344433433432444444544554454334434444344433333323455443444455434444444343345433344344443344444343334433333333333323433323323233433333322243133232233233433243333444224333653432343332445444443
34334345434443333444544344445444443443333344433433443444334444444433455433444344332344333444444443344454344443333343333233333332333334333333333333356443322223323222233222132353332563332432233343344443
33444443433433333444433344343345433433333333443333354444344444443343444444334443333343333333344333333333343333333333333333333333343333333333334333334333322223223223333232233353333345333333323333333333
43444334333322333344333344433333433334433333333334444343345335333344444333234544443444444443444334443343334333333333443332332344343343333343333333433233223333332323333222334332323233223223433443342233
33343333333332334344334433333334323344334343334433444434344423234333333333233444432334444333344433334464344433233333443343232344332343444433333333432232333233322332312323334433122332223222433333323223
33333334333432333333434334333344334333344343433444443333333434323334333333433334433433333333444434435444433433333333443344333444433543464433333343433333333232232333322333333343244333332233334433323211
33333333334433444333433334333333333443343345433333433333333344423333444333334344444444433333333334453333233332333234443344444343233234554333443343433332332233234433434443333334544432231222234333322223
