22222277322222223333323333346322332255332213333223231233332785322322222221111111111233238632332232222267342333332334433321223367423223332223222473111222223568888888888888888888887864588874333335786543
22222287322223333343323323375332332365332335443324333444332685443232233212211211112434327732433232112257542223333432323221233367533223432223232584211222222256788888888888888888887864588743333334666433
33333487444455555454544444486444545576345555555445555445444796544433344433334433345555547734543453224334442324333432225333445368532222432223323454211243222243467887888888888888887775586544344333334444
44444476444444444444444444586455554565355445555555555545555896555555555545555555565555468735555555556555555545444544445544435247533233532223333242212242111243234578888887888888887775464334353332223345
33333487433333333333333333377444444465344444444444444444444796444445555445544555555544457534554455555544544555555445555555555567533345533345444453211243433443333357888886657887667775445444352222223546
33333487333333333333333333378433333356333333444444433334443795443444444444444444445444457432344444455555445455444444555555455555435555555555555565555555555555555566677775545566446775346544452222224445
33333496334344343333333333368433333357433333333333333333333796433333344443344444444444458421344444444444445555555544445443345566534444455455555555555555555555555565555565566555567775455555654555555554
33333486333333343333333333369433333357433333333333333333343796433333334443343333333334459411244444444444444444444444344333344466534555544454555555455545555555555555555555555555533764355555655555556555
33333486333333333333333333358533333357433334333334333443443796444434344444444334444444459511244444444444444444444444334223344466533444444444444444444445545445455445555555555455542665455555555555555555
33333496333333333333334444458533333457434333334434344444444786444444444444444444444444469731244444444444444444444444443234444466533444444444444444444344444444444444444444444444455775344455555555555455
44433496434433333343344444457544433456434343333433344444444785444444444444444444444444469951244444444444444444444444443345444466533444444444444444444444444444444444444444444444446775344444444444445445
44444495444344443344434333348633343347434444344343344444333795444444344444444444444444469983254444444444444444444444443555444466534444444444444444444444444444444444444444334444446775344444444444444444
44444485444444444444444444458643333347534434334444344443433795444334443434444444444444469995155444444444444444444444435664554476534444444444444444444444444444444444444444444444446776444444444444443444
44444584444444444444444444436744443446524344444444344444444795433344443444444444444444458997245444444444434444344445457755763476534444444444444444444444444444444444444444444444446776444444444444444444
44444596444444444444444444445544444436534444444444444444444796444444444443344443444443458997245444444434444444444445478867754476534444444444444433444444444444444344444444444444445776444444444444444444
44444585444444444444444444447644444446634444444444444444444596444444444444444444444444457998235444444444444444444443488766644476423344444444433334443334444444433334444444444444445776444444444444444444
44444585444444444444444444447844444446634444444444444444444585444444444444444444444444456998235444444444444444444552588766634476433444444444333344444444444444433333334444444444335776444444444444444444
44444585444444444454444444447854444447434444444444444444444795444444444444444444444444456998334554444444444333444562677656544476534444444444444444434444444444443444444444444444445876434444444444444444
44444585444443444444444444447844444447534444444444444444444696444444444444444444444444456899434554444444444444444642665566444477534444444344334444444444444444444334443444444444445776444444444444444444
43344585343333333433444444447844444446634444445444444444444695444444444444444444444444467899644455544444444434445543666666444477534434444344334444443444444444444434434444445444445776444444444444444334
44444585443444443333434434444554444446634444444444444444444695444444444444444444444444467799854444544544444444444445765455444477534444444444433444444444444444444444344444344444445776434444444444444443
44444585444444444444444444435643444444534444444444444444443696433433334444444444433334468789954333445554444544443447753466544477534444433444444444444444444444444444444443444444435776434434444444444444
33333595444444444444444443435843333346634454445555554455444486444444444444444444444444458899964322234444444444323457643664444577534444433443444434444444444444444444444443444444445775334434444444444444
32233595333334444334444333324543333336633344455554565555544586455555445544445444444444457899974322124444443334233467656754444577534444444434434433444444443443344444434444444334345776434434444444444444
33333474222222265444443333444433333336622233444443444445555696455655666555556555555555558999984332113444432243234577568755444267534444444433444444443344433443334443444444434333345776434444434333433334
44444444333333376332222234666433333336632233334443444444444686455555454654455555666555568999984333322455532243333577799654444466534444444444444444444444444444444433444444334434344776433343334434434433
44443433344334355333444444544544444345544444444544444334444696344444444544554445444444467899995456643355433355444579997555554477534445444455444444444544444545444444444444444444445776533334434333333334
43444443433433344444344444344445444455544445444555444444443696432333444444444445444544437799997777765566555565565799975555665577535555555555555545444444444544444444444444444445444776534444444444444444
44444444444433444445343334344444444443445445445654444444444596332234434443344333543434447669997765566666656654577899854444555576535655555555555555555555555444444444444444454444445776534544444444444444
44344444444444444544344444344443444444444445544544444444344475333343434333334333443444457647986666655555554554488887544444444577534444344444444555555555565555445444444444444444444777534445445555555554
44434444445445445444444445445544444444444444333443444444344444455443344333333333434444457646766665555555544445466665444444444477534444443443444444455544445555555665555555444444444776434444444444444444
44444444445555455545454555555545555544444444444433454544444443454333343334344333334344357777677665555555555544236443455444444477534444444443334454344443334444445555555555545555444676534444444444444444
55545445544544444454444455555545554555544444444444455565554444544444444433444333333343456667777655555666555654224332454444454576534544444444444345544333434433433344444444445545443267544444444444444444
55544555454545444334544455555544455455544444444444446894244344544444444444343434333434556677766655566665444444222221444344344476535544444544454455544444555543444344333343444444444477544454444444444444
45544554554454344445554455555545555555544454445445544663344454444445555455444444443343687777776665666666655433222211344444344267534454444555544555544544555444555554443444444334444686544555544444444444
54444554444453454455554555545454544554455555455655544444444454434445444445445554444344567777765655654678854542221211245444444467533444455565444665544544454444454454554444444333443687643444555555555544
44555555555565555555543455565555545554455445445654555544445444444444444445445543333343237777656555555665422333211211244444444577534444555544555655555544443344444454344445544444443577543444444444545556
45445544554554454443334454565544455555565455545554545545454544544444444454544433444542138776656554456621100112211321134444544477644555545555556655554555543444444444443334444444544677653433443343344444
44445444555455454344344445564444455454565455445544544455544444544444544444444444545454367655565544535621111012222322134544444477544554555555555555655444444444444443453444444434454577643445545443344534
54444444445455444455455544554454455444444554444555445445544554544445444444444554444444766544445544555643211001121232234444344566665555555555666666665544444444554453444444444445455577653444544444444444
55544445455455444544454545444543444444555544544455445454444554445544444434445554444445555555433345554434411112221123234444444445666665555566677666666654444445434433433334444445554467653444444444565544
44454444444444444444454444434544444445555444543334544444444444442443354433444534444554565455443345533333321222221122234444454445676555566556677666655555444335434444432444344655555567653445444443455444
54454455444444454444454454444444544445554444444433444444444444432344333443443434543455898645444444333322221222221122234445875556876555566777777666665555544444443444454444454555555447654544345434544454
44555544444444444434455554444445444444444444444444554544444444554554544445444444456558879864333333332222221111221112224555656686766556656777776666666565544444334444333444444555445236653444445444444544
43344445454344445444554544444444444444444444455445444554445555555455545455444444676689779864333333222222321122221112223433467665555666666677765566666555443444444444433343444444344457653433443444444444
44444444344444344444554444444444554444454445555544445554444544554444444554444444665999988975432222111223321222211111222334467655555677656666665555655555433344444433333444445433443467653444343434444444
44444543344444334334444444444544444555555555555555555565554444544444444544444555568999877775333222111233211222211111222333334555555775555655555565555555432344443333444434344443444468654434334444444433
44334433454443334334444443444555434455455645455555565656544444554545545554445555567898876566333222111132111122122111122233332244445786555665666555544444532234443444444344444344444467763443334343334334
43444444444443334444455444443344445444344544555555556655444445555555455444445554534565554225322221321121111111111111122233332123445565555566555545444434542234444433333444444434444467753343444444333334
44444444443444444544456444444444445555454544456666556654444444444445455545445446413344321001523213641111111112221111122223333212345544466655555544433334443223434443344333333334444457754233344443443333
44444443444455445654455454444444335555444444456554555554554544455545454555545545323333200001533213342111111112221111122223333321334544566654455544433333443223433334333333444344343357754223444543343334
44433443444445445554455454444444446654334444654444444454554554546654444445545654333333100013433211342111222223221111122222333332233433566654455444443443344222333444343433333343444456754222334433333333
33444444334334333433344454444444455544444544445545555554444444555555655544544544333322221233323211332111223223212111122222322332123333455554444444444443345322244654444434333433444456643332343223333332
44444444434443444434444444544344445444445444545455544454444455445555555555554554333322222332222211221122223222111111122222322332223332344443434444444433256322346653344544444545644455543333332322223443
34433344433444444444444444443444445543334444445454445564554444444555455455554544433332222222222221221121212112111111122222222222223332233444333444444333234322455654355544445545544454433333343333333433
33333443333433344344433444344444443454444444455445454453444454445554454444544545553332221112222221111111111112111111112222222222212332222444334444443333234322454445555554545456544354334334333333333334
33443443333344333344444443444444444444444444444444444333444455444555554555545455554332322222222321111111111111111111111222222222222322222233344444443333334312454444456454454444433332335444333433333345
33343433344333343334333443444344444444444444444444444444444334433444454545654454454332321122222321111101111111111111111222222222222222222233334444444333333322455455445443343443434322335544445543333344
33343333433333343433333343444333444434444344343343445444443443444444455455544444555433311111111231121101111111011111111222222222222222222222334444443333223322445444444543443333345434445544564433333344
34433334443334433443344434444444334434444444344444444444445544444444544545444445456765421100000131111101111111121111111222222222222222222222233444433332223212454444344444444344344444444544554422343443
44434444444444443444444444434444444444334444443443444434444443444444444544444444444565311000000131111111111111121111111222222222222222222222223333332222222212444444334334444444443344455444443322233333
43444444334443433343344544334434444444344444445443444444444443344444444444334543444432100000000221211111111121221111111222222222222222222222223333332222222212343333333334443444444445445343333332233233
43444444434344443454444443444544444454344444444444444455454444334344444445334544454432100001111211211111111221121111111122222222222222222222222233222222222212344433443343343444445445444344334322433433
33544444344343433345544334444455434433344444444444444454455554444444444544444544344453210111111111111111122111111111111122222222222222222222222222322222222212344445444443443443444435434444445332343444
33433344444443333344444344333445543334444444433443444444444444444433344444544444444334443211111112212321111111111111111122222222222222222222222222222222222112344444444533333344434334333344444445443344
33333344333333333333444444332343444444444444433333443444443443354443444444454444444322332211111112222221111111111111111122222222222222222222222222222222222112444444433445344444434443323334544444444445
43333344333334333443434443443333444444554334445445445544344433444444444333333435544421111111122112211111111111111111111122222222222222222222222222222222222112444444333334444544434343433333433344345434
33333333333344433443343333343333433343243444345454454444444434544444434444433444434432111111111112222222111111111111111122222222222222222222222222222222221112544434344444433433344345434443444443444443
33333333333333445433333334433333333443333333344444453443444444544444445443434444333343211111210124444343321111111111111122222222222222211222222222222222221112544434434443333343344446434443544444544444
33343334333344344433333334434443433344333344444444443443344444443333445444444344433334311113433334554334541111111111111112222222222222111121122222222222222112444434434443353343344434344345644434454444
33333333333445333333323333333443434433354433334433544444344444434344334444445444444433443334443334543444553111111111111112222222222222111111111222222222222112344343343332333333344433343334444334344443
34333333333434333343333333343334433333345433344454443433345344333444445444444444544444444433443334444545653211111111111112222222222222111111111112222222222213433433443343323474344443334333333464344334
33344433334333333333344334333334333344333344333433433343334334245334434433333344544444544554554434334444655421111111111111222222222221111111111112222222222223333333444443333364333444443444443444343333
33344433333323333333333454333433333333323333333443323233334333444444334445443334443344434444554344344443675321111111111111222222222221111111111111112222222223333344544333334443344544344444333343344433
33333343333333343343343333333343333333323333333334333323333334444543334443444433333333333444455444444444675322111111111111222222222221111111111112222222222223433344443443334544444554344444333443444444
33343443344334544434533444333333333333233333333433333323333334334333433333333333334443344444554333344544676332111111111112222222222221111111111212222222222223434443455433454343444444434443333444444467
33343444443334333334433343323333333333333333433433333333333334444333343333233234433444444444543444454444677532211111111112222222222221111111112222233222222223433543455444554443344333334332424643444556
43443344444333233333432334433333333432334334333333323332333444333443343433334354443443344334444444444334666644311111111112222222222221111111222222343222222223344443344344654444554443333322424654344334
33543333454333333334443434454443334543333233344332223333333323423444344333434454333333444344444433333424666653211112111112222222222221111112222223444222222223344433334334543344443332333333335445444134
34434434443333443433433443444333333334333433545432323334434432343444343333444334333333333343343334333344666663221122111112222222222221111122223333434222222223333434334434333433432333343333335434344345
23433334444333454434443333433333322345333433334322333334433344334333333434434443333443433332233334332333666666322221111112222222222222222222233334334322222223333344433443333332543234644444454323333444
44433444433434444433344344444333333444434433233332343344344443333333344344433344443334433333334333333344666666532222211122222222222222222223333334333322222223333433443333333333443224743444344334333334
44444444444444545433434444444334433443344433334344443334444444333344344444334333333443333333344433343333566666632222222222222222222222233333333333434322222223333435543333332233233333643344245324434643
34443343345434446544434334444333333423333333344433444333444343334454444444434333333344434444343344333443566666763332222222222222222223333333333334432422222223343334433333333333323333643443245434344543
33343343333334434544444444344344333323343444333344454444443443334543344444443333343544434324433344444433466666675233322234222222222223333333234344433422222223343333333333333333333333323433333333233433
43344443334444333453354344443334444433454444444455544553233322233444334444444444443443443334443344443333455666666323333336522222222123333322223444335422112233333323333333343232434233332332332232234433
34334443444444444553345444444433444444443444433344544444332331222334433444434433433344454333444434444444444566655433333347532222222123332222222343344322112233332222233333323332434233332322332323333335
33334443354344455543444444665444444544434433433444545444333333334433334444333333334344443444333333444334434456554576556789732222222125542222222233433322222232223333333323232333323233322322232333234344
43344443344443454444555543665335544434444433333444444344334444334443344234433443333343323333333443343323444355546996679999863332222126664222222233333322222232323333333333222332233233332334333233333333
44444333333454455444445545565355544334444444233344334444333455443444333334334444333334334334344433344333344344447997578999875333222225787422222233223322222322433443333343333333334342334323333333454233
44443343334444445533344455456354433223444344434432324334443444444444433444433333334333333344445443344443434344358879556688766433222224888732222233333322222322333444333333333433233342233322233323333332
33433443344455555543434544556444333333443344345433323334444454443343232444433333333334333334434433333334433334546768744446555433222234788852222243433322223323443433333333333323342322332332233333333333
43333334445555544543334444545443344443333333334333333344324444433222233434443444433334333333332333333233434433554446644433766665322234688884222233343222222323443443333332333222333332332231243333323333
43444334443344433433443345533432344333234334443334333344233344333322232344323445433334333333343334333244444444567533434332899996322244488997222334434322222223444433333332333322233332332222233332334435
44555444343344333332334334435543432234333433443344433244334443334333432123334345433344333433444444443355444434568853333332899985433343489987422233444422222223344443323323342333443332234332333332334312
55444543343333433333334433345433322323322433444344333234444334335434442334434444334334445543444444445445533334467864422233899998753343468877732344433442222223334434343432223333433433334323323323434422
43344545433333334343445443445433333333423334434433333344343344344333333343334443334344444443334433444454333333356863322233899999753343447899852344444442222223434333444333334433433433332333323223422223
34443443444434334433344333345434333334333434434443433444444433444433323454334333344345543333434434454443433332346664323333899999753344447899752333344332222224434334344333333333334333332232333333322233
45423342333233333444333332334433334433443334434443344444444334344444333565444334455446444444445443353444443434446654333333799998743344446888742344333322211233333443333333343444334333322223433333333334
33423443322333443444333344433433344443543234334434333434334344444444433345443444444444334444445444434544434444545554333333798888643343336788743434334332211233343432322333343433333323333222333344334333
33433443423333443344333344344433334344334333333434343333334433443443333434444444444544544544345544444433444432445565433333899987533454346777743333344332111243343322432444333344333333333333333344334433
34433333233344442344444344445543443443332334333344544333333444333443333433544454435444343444444544544334444454445556433333899987532444446667632323454442111243434324443344344344333234433333433333334343
44533322333444444444333333434444433433343343334444343332334333434454434433445444334344344455444433333333444554444455543333898876422443446666533333454543111244334444444343344343434333433443423333333233
34533233444444444443333322334445333333333333344334434433234333444444444443445443343354344445444333433344344444444455543333877665423443346666533444445443111244434444344332344443444444433333333322233332
44444444444444543343334444434454443333333333344334443333334444343444343344444443454444544444334433433334344444434354543224876555333334356665533455455443111244444434343333453333344434334333334211111111
44433445555445444543333433333443433334543433334454333344345433333544444455444445444334533333334444443334344444344355554224876654333434466565433445334253111233333234544443443334433434333333333223222222
44434455444444343343222332223333343353444333445444333344344334334434444344444344333444443333334434443444434544344345555436866655434444466565434444434354111233333233444432334444433444333444333323333333
34433333334432344344122211334333333343334433335444443334333344433334333444443344334453344344444444343345334444334445554437865655435423465564443333344463111233333332334432433333333343433433445333433223
23333343444433444334212212233334433343233333444443443343333444643344433443333233345443334334533443433354334454443334543338765554333323565554553333344463111234333333333444333332322334333334433333331112
34333344444433344333223233433333333433334444454344344343344444555444443333333333334554344346433333333345444454444554554348765654333333665555654333344464111223333333334444344433333333334443333221111111
34344334444334433443333333333443334234234334444333344454444443445643333333333334434544443455333333433344434544544753565468666654333334655555654443344465211223333223333444333333233323334433321111111111
43444444444335433454433454334444333343234334444443335445544434444333334433343344333444343354333344333444434444433554555477666554333335655555444434433465311133233222333344433333333443322222111111111111
