63112222221236675343233322232222123223554322333333223246433333335888888888888888888888888878788888765566766778876533443322222233232432347888888888888888888888888888888888888888888888887777777777777533
63122222222212677432222333233232123223763222345332223366433323236878888888888888888888888776458887455576665667875433333334322223333552235788888888888888888888888888888888888888888888888778887777786443
63212222223223778743222233222122233222762222344322233346422222223578888888888888888888888887448887555554578777886434322544333223234453445788888888888888888888888888888888888888888888887778888777776565
63211122221127877643222332222211123222764223333322222233211122322356888888888888888888888787548888643333577786675433332543334222223333457888888888888888878888888888888888888888888888888777877777777765
63222222222213773323223322242222211233764232233222232234411112221247788888888888888888888787548887433333588643334433333433222222222222258888888888888888645557888888888888888888888888887777777787777767
63232222222223743323333323243222212233763232233222222226731112222223678888888888888888888787548874333333566533323333333333322222333222257887788888888887443444688888888877777788888888888777788888877777
64333323311222554222333334222232113343774222234222232335641112322222445678888888888888888787548654434333333445433333332223222222222222356765788888888875433333568888888877775588888888888778888888877777
63454445433443344333333334322453344342575222234222232332322122322212333456778888878888878777546433435333322345564433333322222222222332224445678888888874433444458768888888775478888888887778788888887777
63355445555554445455445554445555444553564233344332343443421112323234433334688888765688866777544544445222222445765333334322222222222333222334678888888876433334447658888887775378888888876557678887787767
63344444445544444444444444445555555555554345455454555555554445555555555545677777754466754687634654445222222544443223323211342222332222233334678888888876433334676647888877775588888877864444456785587557
63344444444444444444444444444444444445554344444554455555555555555555555555655556655665555787535555565555555655555555555555554444464444444435677777777774333335565536877777774488778877643343333553365335
63343344444444444444444444444444444445664344454544545555555554555555555555555555555555554267535555565555555655555556555555655555565555555555655555555655555545565545655667774466556665544444444544444444
63333333333333433333344444433344444444665244444444444444444444445555555554555555555555555257645555555555555555555555544555555555566555555555655555555655555555565555555557775455555555555555555555555555
63333444433444444444444444443344443334764344444444444444444444444444444444444444444445445577544445555555555555555555555555555554555555555555554555544555555555555555455556775455554444454444444555555555
63344444444444444444444444444444444444665334444444444343444444444444444444444444444444444577644444444444445555555555555555555544444555555544444445544555555555555555555556775455555554444444444444444444
63344444444444444444444444444444444444564344444444443444444444444444444444444444443444444577644444444444444444444444444444545455544545445555555555545555544555555545555456775345555554444444444444444444
63343333433333443444444444444444443444664344444444444444444443444444444444444444444444444577644444444444444444444444444444444444444444444444555554554444444444445554555557876344545444444444444444444444
63343333333343333333333443444434433434665344444444444444443434444444444444444444444444444577644544444444444444444444444444444444444444444444444444444444444444444444445433775344444444444444444444444444
63343334434433343333333333343334444334765344444444444444333444444444444443444444444444444577643444444444444444444444444444444444444444444444444444444444444444444444444431665344444444444444444444444444
63343444344433344343333443343433334444664333444444434333334433344444444333344444444444444577754444444444444444444444444444444444444444444444444444444444444444444444444444765444444444444444444444444444
64233343334444444444334444443443334344753234444344433333344444444444444333333344444444444478654444444444444444444444444444444444444444444444444444444444444444444444444446765444444444444444444444444444
64343333333433344433334344433344444344764334444344444333444344444444444434444444444444444478653444444444444444444444444444444444443444444444444444444444444444444444444446765554444444444344444444444444
74344333433333334443333434434344444444764343344444433344444344444444444434344434444444444467753444444444444444444444444444444444444444333333344434344444433444444444444446775444444444444334444444444434
63344344434333343344333334443344443444765343344443443344444434444444444443344344444454444468753444444444444443444444444444444444444444443344344444343343333444444444444446666444444444444344444444444444
64344444433334444344334333434344433344765344344443344334444444444444444444444444443444444456753444444444444444444444444444444444444444444444444444444444444444444444444446655533343443444443343444444444
64344444444444444444344444444344433334775334444334434444444444444444444444444444433444444322553444444444444444443344444444444444444444444444444444444444444444444444444346765443343333444433433343343344
64234444444444444444444443433333444435765333443333333434344444444444444444444224444444443234343444444444444444444444444334444434433333444444444434444444443444444444344347875444344334433333333333343344
74233444344443444334443334444433433435765334444344333333333444444434343444444213544443443245443444444444444444444444444444444444443433444444344444444444333334333334333347876444344344333333333333333333
64244444444433444444443444434444444444765334444444334443334433444334333344344322544343334344543444344343443344444344444444444444444433444444444444444444433334333344433347775443333333334433443333333333
64244444444444444444444444444444444442565344444444444444444444444444433444344541455444344545633344444444444444444344334344444444444344444344444444444444444444455444444447774333333333334333444443333434
64344444555555555555445555555554444434765344444444544444444445544445454444444574255654454544633444555444444444455544444444444444444445444444444444445545555555556555545557766444443333343334443443444444
64243444444444444444444444444555555544775344444455544555444444444445444444444467234565554553633454444444444444444555444444444434443444444455545555566656666666666666666666544444444444444444443343444444
64343344444334434444433444444444455655775356555555555555555555555454444444444457523455544541543442344443333433443445444444444444444444455556767777667666676666666666666666665345444444444444443333444443
64343333434443444443333433444444444445765345544444444445555555555655554444444445654333223543443422344333223334453344445554444444455676677778777666666666666666666566666666666654554444444444344433333333
64233433334443444444444444444334444334775334443433444444444555545555555556655555575421113564243223455556555446664344444445555557788877777777666666676666666666656666666666655666554434444444433433334333
64233444344444533344345454444444444444675344443433333344443444433444444455555555577532234474443454466578777677776655566578884467777777766677766666676666666666556666666666666555654433334434443333344433
64233343334444444444434444445554444444765334444444343343444343333333344434444444457756565576633334433247877788777778888888873367777777777666666666666666666665556666666666666555665443333333333333344334
64223233334334444344444444444433334444765335434444444444555444444444434433443334445677776687421111222226676778777778888777873478787777776666666666555666666654565667666666666656677644443433333334443344
53313232233332333334444433433433333443675345444444444444445545445554445554544444444577765595311111222236666677677677777777873688887777666666666555555666566645665677766666666666777764444344443444433333
33223233223332333333333333333444433432575334444444544444444435544554445544545544445666665474211111222245566666666667766678863687887777676666666666666666666555666777766666676667777775455454444544444333
22333332223333333333333334444454343444675334434455445444444444444433434444543444456677666455311111222355656655566666666678755877777777777666666666666666666555666788776666666677777776455555455555444444
23333333333333333443333334433344444445775334433445444444444444445433434444444434357676666445212221224565566566666666666777746777777777777766666666666666666566667888876666667777777677545555544554555545
34433344433443344443343343333344445444676333433344444444445443344444444444434534466665666543223332356566566666656666666777647777777777777776666666666666776666667878877776666777777677644444544454445445
43433333344434433443433344333344433344674223333345454444444444333444444544534444666555666545433332454565566556566666666777657777777777777766666666666666666677667677777777777777776677754444444444444444
33333333344334444343433434433333343334564322223344444554434444444445454444334345665555666555434431344555555555566666667777667877777777777767676666666666766766676667777777777777776458754545444444444444
44444444554444444344433344343343443334664311123233443344333443334333354334454335665555555554235431134444555555666666677778678887777777777777776666666767767666666667778777777777765227764455444444444444
55444554554454444444543433334433444433554322222333333333332224333344344433434545765543444322335531123455444556666666677778777787777777787777777667667677677656766667777666777777664226865444444444554444
44443333445444444445554433334443434333433333323333322334444344444444443344443434665545554223335432113444455566666666777778777777777777787777777777777676776556766676666666777776554224875544444444444444
34443344443344444454455445444444433443432333333333334333444444444443334444444424655553111123333432112334455555666666777777676676777777777777666677777666665555777666666667777765543114875555544444444443
44333443333344455444445444544444544444543333323334344433344434444443344444333335644531112223422432111344445555666666777777565566677777777777666677776766555445776667766666777655432015885454455444445444
44443443344333344333334433444334444444543343333333344333333334433343444433334445644535643333333342111234445555666667776667554576666777777776677777776665444445676667766666776654321116886444444444444554
33344443334333343333343444443344455445544534444434344343333443332233334434444445544455534233454232111134445555666667776666554676567777666766667667766654455446776667777766666654311126876544333333444344
44433444434433344344444544554545544445544544434334444444444332334444334444433435455554343233544222111113445555666667776676445766567777666666666666666554454346776667777766666653211126687543334333333333
44444334434544444444444454544445444445544454444454443434444433444434333344333345555543342235532222221113444445566666777775346776566667776667666666655544453356876667777766666643112224587543333333333333
45444443344443444444444554444434444444444444444444343434444543333423334333343356556533332246321322333221333445566667777774367777666666766667656655555444443456986667777765676642112224687544444443433333
44444443444444444334445554443445443334344443444334444334444323222333324334444578765433222356212323223432224434467666766665577777766556666666666655544544444567886667777655777531122224687644433443344344
44444434443333444454445555444445444334444433344333344443343333333344322345545668985332432463111323333233323334347766666656777777776556666666665555544444556667677666766556777531122234687644433333344343
44444344323343334455444455555444444444455444444444454544444344444554434456534555677534423431112433433333223343334666666667777777776556666666555555555556666677567666665568876521222234687544333333333333
44444443334444334544443345555443444433554444444344444444444444444445555555545864554456435311135333434333333343432455555556677777766556766666666555455677766676557666666777876411222235687544334444423433
44444443444333445444443345444432222344443344443454444444444444445545545544456977654453323311136244443344333434444344434455666766665477766666666665676777666664326766667777865312222235687644344454443344
54445444444444454444444444444432233444434444445443444444455554445554444445447888754343312101235245444455334434443333323455566655555478766776766767766666666543224766677878865212222235677655333444443443
44444444444444444444444444444343343443344444444444445545444445555554445454557665535752234112255355445544333333444333333556666544455469788777777666544577665432223766777778764112222244577654334443544455
43443344444434344444544444445454344344444444433444554455444444444444444444454430325731222134564445346443234444343333335666666664455348767667766566334555433222235777777778763111222255576654445444433444
44444444454444444444455444445444444333444444434444555444533444444433445444443212322421111243555545444342223444333333346667677654554224555557763233234554322234454677777788752111223344666644444444433333
44444444334444444554444344445444444345444543333445445544444444444434444444343212210121233434444444333333222333334333467777776555532222223435443322223443333345444477788888752111223345555544434444333444
34443333244444444454445543445655544455454554444554433333334444333444344433333331001111144444433443443343234343334333666777765554222223333333344443444333344344444357789888763111223245454544334433344434
44333333334444445444555344444555544455344454344444444333333333333443344444444443321111234454444445443443234444443345666777655332222224344333444433443333344334343336889888874212223543453443434443333333
34344443333333344344454444334444543433344443333334444444443333344443343444454445433333334443344344444443444434444577667766543332222234334344444444443334443334333324889988875222226632443433333544233333
44333443333333344334444444444333454234444333344444444433443433344444444444444455433333344343443233455444444444554677776665445443333333444455444333343333433344334333789888885222223333443343333433333234
44443433344444444344444444433333344444433444444444443333444433333444444444444333443444444343434333444343444454446777787544445333333333454333343333333444333334333222599878887222234444433343344433334344
33333333343344453433333333333343244544444444444444444444444344443443344444444433444444443443443344444333344444456677886444443335433333453333344333344334433333333333389888899312269974433333344433344343
23433333333333343433433344433344443433344444333444344444444444433454344444334344443333333433464344434444455444466667764444443445532123233333334333333333333333333332379888889522279864333333433433333343
33434333344333333322233344443344343443344554444444444434444444434454445444334444433433433444443444446443444444466666654434433444321123333243223333333333333333343333359988889843269644333333333333334343
33344444444444434333233344333443344444344444444334444334444344334444444444344334334433333444343433444433444444356543334443443334322223343223222233333343333333333333338988888863259545343453433323333332
34433444434455444333333345444334433443334444454444443443334434433445443444343433323333433444333334333435533433355555544433422222322333442212223333333333433343433343336999888885248654333333433334433333
33543444344434443355334344443334444343334444444344444334335433334434433434334443433235643345334444444335443334345566554433322332323333343323334433443433333333444433334898787876237887533333333333433333
33343332344434433355344343333433444433333333344344443334334333433433433333334444443333533345444444443434434444334666543333333533322333344334443433333343444344433343333698677765326888633333333334344333
33334433333334344346444344434434444433344444443444433443443443444444443333344444433345443355543444444344434444443776653333333533322333344333333333333454433344433343334598666666324887533333333333333334
44445543333343334344433344443444444444344344333433333334444444333333334433443444433444445445444444433234444534443676664334332333322233333333344333334443333233333343333598657765322787534333344433333333
34444443343443333333344444444423344444434444333433344444444333334433334344434554444543423443333333322336443433432476665224322343322223333333344333334333333434433343333479657765222388533333333333223333
34444443333444344433343443333323334333443443333334443444344444344433344435534554446645534543333322232355533323322377777533221232222223333333343233433344333444433333343358788764322259643343444333333333
44444443333444443344343343333444334434333443334334433454444443343433343344433433445544444533333332332353542211322257777764223533222223323232333334323444343344423233133237788864222238643334433333433323
43345433333434444344433443432334444333344333344343333354434543344444443344323344344434444323234433333453332222433347765545334423223233322322133332222232243342323332212226878764222225533233322232334423
32334333434433333344323343344333333333333333344333323333223334433334543333434335443443335443345443344532222322342246643433234312322234422221132211212221133332221321212213878764232223532222222232334434
33333433322333233432233353344333344443333333333332222333233334324434643333434334433333324432356433333433212354233335545433243221323234321211231121122222123221111221112113887763122223312111111122323323
33333433332233333552332333333333333233443433322233332333343333323333432334445433433333333333246443433443243355244335666432223122223344443222321111122122323412411221111203887763212223311111211112222123
32322332333223334343332323333332332224433323333333233334333344333223343333345433333333333233346343433453233434343325765543313143132235576332221211132123345222411221112213887762222223331111211211122233
33333333333333334343233332333333333344333332333333354333334323444433433443333333334343333333443234333333322343333336654443212121222346455342221221133234376333211321222425877662432223322101312311111155
23333333333333333344233232333333343344433222344433454333344424434344323433333333332333333332443224323223323444433335544453113112222246554443221441343334444243322433322524877755422223422211212221111123
34433333443333433333334333332334432333332323334334443433344234343333323433234333323332324242433323223333232335543324345443212111322245655675321443443334546544744533333435777754312224432211112211111122
43233333343333333333334444442333433333333333333344333433443354344333323333222232232223334233333333222322333333543323355445632113432332454456433565333345445645444434336456677653332225521111111111111123
33344433443433333433443333433333433443333334333333333343333433323333332223333333242323322332333323343323334433323333345543434213534223333334553455243334333443333445445546778752332345521111342432101135
33333433333443344334333333333333433333334434344333333334323323333333333333333333332323332243423343333333244533333433333431232123333423334444554434344336533343334453444436788753322356621111435511122223
33433333333433334333343333333333333333344333344333433444333233333334433334433333333334443333422333232333233333323332232321321123325423223444333335533434444333334434555446677643422257631120213322122322
23333333433422223332343445333433433332333234434433544344333333344334333323344333233223333323323333322334333332333322322321221233347432343444334335434553335313345433334445567633432245531211354222123433
33332343333333323343343445443334433333333344333433443334533333444343333433433333333333223433333312312433332343442333233332442323246433233433333233322334334323335423334455667543325655421323434222245333
33433443333334333333343443344443333333333433343433332235443333323334443433433333322333212333333323323333333343333243343333443332334433333332234333322334443323435333345556555312223354453323445533455323
33344343323222343333333332343444333333333333443334333333333333333435543444434333333343323443322343323334233453232233443333432343433322333333333223422333454333336332664456644223433543453343335553332223
23233323323322233334332233333443333332323243343344334434343444333334543343443334432332334434333333333233244333233344343434642333433333333325533443422334563334434333664356433234445543344433334442333222
32233333333222344444443333433444434433533344443445444423343433443333433344444434433233334444433323333333333222233463333434432334333333333334434463553333554333433335544434333434333444343333323332336322
23333444344333454434333433454433333433544334433434444434444433433433444434334433333334334343333323333333343223333455443333343333333344444353344333563334455343324324344332234524433333433433333332334323
44333434344344344333333333454433333444333344433444444433333353333443334443334333323443443343333223334333343443433443332233333333333444344333443333433333445343234433344222234456443433454234355443334343
54334333334444443333332323443443344444334334444344444333333333233433333333433333343444433343333332223333433443233434422223323333334333333333443333332333334223324334333222222255355444454333355223324663
32233234333443433333332323333344344334443345444343444333344324323334433333323323443334443333333333333334443444333434433333322233234333333333344433333333332234333232333334122343344443233323333233434752
33333343332433434333334433343334433444443444433333444334333333333333443443224433444343444332244333444333333333334323333343332222244323333333333333332333332333324343334434233334332322223423333333464454
33444344343334434334333443444445443444334444544344433333223544433343444334344543443444444343344334444343343333334424333333223333344223333533234332232332232221234544333435444245334333333433323356454454
44343344443343333433533444445444544553344444444444433333234555444444455334443343433455433444444443444443343434333333333333333323223233333433333322343232222232333332332323343233332653422442333444444442
34333334444433334444444344444444334443333344433433433444344444444434454444444343323343333444344443444453444433333333343333333332333343333333334333365434222223223233232221222553322663323332232333354443
33444343333333333444333343443345334434333333443343454443444454433344444444344443434443344433344333333333343333333333333333323334343333333343333333333233222223233233332232333443433354333233324343333333
43443333333323333344333443434334333334433333233334444333354343343344343333234544434344444443443334443443344433333333443332332444443343433433333233432332233333323323333223343323332333232223334333332233
34333333334333333343344433333344333344344343334444444334444333343333333323333444423433433333444433334553444323233333443443333444423433444433333334432322332233222333312323334433132332232323433333323222
34333344334433333333433334343343334333344344444344343333333334323344333334323344433433333333443344444334433333333344443353333433324533564433333434433333333332232333333333333333354333332323335333222212
